Alpha
7.749941509836087e-05
0.0007067996963734317
0.0026763876931657693
0.004789137760217147
0.00014664553475524002
-0.022925442603680672
-0.07085800328185368
-0.13025755491903765
-0.16005776896135318
-0.10172994238267256
0.08920481482464601
0.4009964665856743
0.7357318418537004
0.919487141998497
0.7663560158783972
0.1761617009628726
-0.7792314696212345
-1.827243725404294
-2.5563107765656476
-2.564466186588477
-1.639821281536083
0.1067745923671707
2.222211395265188
4.0308201012295655
4.861894373185918
4.30144710641283
2.3687987570869886
-0.4560535901521422
-3.3716726867233944
-5.51235462080054
-6.230147509582538
-5.299441584625205
-2.970920089281473
0.13122084077773546
3.203601218689876
5.466487704661116
6.336343743336757
5.568600558063993
3.3506999991867614
0.2890491982117843
-2.74132451551823
-4.8431657784677995
-5.367642885915867
-4.1579951154499435
-1.6868336058161755
1.0509489720944665
2.935464566152893
3.22919003940468
1.9195550341212866
-0.2750553975057939
-2.2524736039817514
-3.065353756572834
-2.3475222055127105
-0.4043971202662
2.009597166374391
4.049068778964243
5.090815918410499
4.887971590988106
3.5520816786439093
1.4252671488304356
-1.0892697432078513
-3.6690471375862534
-6.102366407924673
-8.176236682478892
-9.510768104791069
-9.490285054798536
-7.3903120495939785
-2.7045468461338573
4.417550369754521
12.818157747886357
20.321295328481884
24.22993012327845
22.248118423290773
13.494407674277102
-0.8280374195619035
-17.434737583379007
-31.725840380441113
-39.13350989008026
-36.64128030302881
-23.949223473492932
-3.8306066742646077
18.51205093330198
36.93095929024453
46.190191464960435
43.584073246025916
29.779021627663504
8.606636028692906
-14.111242375310082
-32.31355053902371
-41.46436063017008
-39.782337609424495
-28.5773908020953
-11.638805052768049
6.072692391554787
19.967583341515198
27.098806571076867
26.786090343973925
20.47065279002769
10.945165157674957
1.2892878006835964
-6.099138445520569
-10.065658700907814
-10.735624286591671
-9.125368333965229
-6.560959973479023
-4.14681569587279
-2.45108808277478
-1.4705851842685986
-0.8337252284138333
-0.11257533970559387
0.9162340810217285
2.1701511111384306
3.3320653689467448
4.031437813194521
4.036741406939438
3.3661454726265423
2.2708109655541246
1.1115846707711488
0.1959641235412951
-0.34901286835985595
-0.6139408516063595
-0.8403369829475263
-1.2809218544426693
-2.051127531410753
-3.0415786793975665
-3.9324982340212373
-4.304892431667149
-3.8063768789435475
-2.310582523098324
-0.007153076318805746
2.620299417486072
4.928770883677299
6.316526311716174
6.4150827455276715
5.202561279844868
3.0011059191573195
0.3634540038603426
-2.108243434157389
-3.944361524031951
-4.923340311455361
-5.080761891908637
-4.618740178443846
-3.7679123429650305
-2.672995444071604
-1.356153549732167
0.22802881189315644
2.077816224091127
4.033381899237782
5.736756747762018
6.7006394719438145
6.470718719559642
4.817309292854822
1.8779786756524526
-1.8081817282812471
-5.401360637961143
-7.981692077558785
-8.826601850961879
-7.649977126338603
-4.713525580212541
-0.7624269938342773
3.198274998849897
6.206728645424849
7.616629299334541
7.248896266719446
5.38790308403005
2.646043565437876
-0.24191187466425926
-2.625152535952896
-4.0884560530816065
-4.516843704650409
-4.066850135772163
-3.064028676060049
-1.8677638517037587
-0.7533962545596302
0.14946402431827505
0.849909782813303
1.4342895939064944
1.9830938397513895
2.503161278413056
2.89956130300214
2.994299180242735
2.587568058265429
1.5458119988562287
-0.11114867322585104
-2.1555753802596422
-4.1566168349369335
-5.559285593681822
-5.8308451553991505
-4.63992040876478
-2.011720340260126
1.600191362309715
5.366324697953389
8.265098104038856
9.362665999899905
8.11086698508391
4.564675982208588
-0.5631477543688543
-6.044811952816555
-10.449252883586984
-12.536596922651762
-11.618441031464855
-7.775060957210659
-1.8618467432274637
4.701872922811235
10.304261761382321
13.56672694676039
13.702173580449436
10.707032999993514
5.341178234552176
-1.087704260088433
-7.067589880186246
-11.258497288046536
-12.805989989500112
-11.518416896748615
-7.872910772801745
-2.858712551335667
2.2951077384967946
6.434485396438519
8.756558270935782
8.977451875842789
7.3511259962757665
4.5412484608570125
1.3927035286580125
-1.3213085501198634
-3.0990965998106628
-3.803562906624012
-3.6317808819073805
-2.983190244682737
-2.2798326924915915
-1.804940965111732
-1.6150901624842757
-1.551140856141695
-1.3359504557520478
-0.7155019026458436
0.4129561864318752
1.9321025418995201
3.516442601948188
4.719870199653541
5.1123785183914405
4.4246539929710424
2.6558215519392983
0.10901216417062766
-2.662983352285075
-4.99565350378589
-6.298446766366399
-6.229479888241543
-4.7998613061956785
-2.37130000882998
0.45297956508253867
3.0069237937732614
4.748208681468725
5.3900293205168355
4.93981422216592
3.644956190351435
1.879757585805192
0.02331964655964758
-1.6274893169616138
-2.8875402331201925
-3.662114251097295
-3.904097425135654
-3.5841274306312663
-2.696090935382234
-1.2971898787399188
0.44342202172288137
2.225464369215919
3.6559192442308257
4.347398084355944
4.048495040931244
2.7552133364441564
0.7511085524513378
-1.4515035097694697
-3.256545038573892
-4.165802296791351
-3.933134171959707
-2.6403169892222156
-0.6722492867094058
1.3993239121971282
2.985741617028731
3.649745369694394
3.22123074418596
1.833225886571454
-0.12161950684094985
-2.095266690194016
-3.5223528501689634
-3.9632481350624333
-3.223326725284666
-1.4202899939387978
1.0232386863744858
3.469185748943143
5.220185371758792
5.7063944061731355
4.6553379512709645
2.1966708113349336
-1.1351533742069417
-4.514112353291011
-7.032492830267839
-7.953860610306751
-6.933994093233336
-4.138103333236822
-0.21296895385469153
3.8813446268681004
7.130864264781675
8.74051554124634
8.34042890394003
6.069794439535722
2.5216042329536985
-1.4286766763810246
-4.85804213803975
-7.028340733458136
-7.554533229543998
-6.468963020557953
-4.173441912764684
-1.301328350662208
1.4659184954119833
3.5722769439902553
4.701735585081178
4.809187619029124
4.073006922544135
2.7978524559267104
1.3083131102594048
-0.12858447810911838
-1.3329375677492528
-2.200574442504698
-2.6756630169541973
-2.7330574526545903
-2.381334474722692
-1.678783275063517
-0.7452658176511708
0.24394470421493705
1.0870886273250384
1.6036377654328735
1.6894099782829297
1.3603890368253975
0.7630258399746425
0.13629564380691256
-0.2699720901711423
-0.29414719863062505
0.060463078040669783
0.6085194719331678
1.0421782114480147
1.0519610169296394
0.46431180816672896
-0.6603401420698429
-2.013466928657474
-3.1228898117407597
-3.5129828006221095
-2.885944393016472
-1.256561524402663
1.0139141176745479
3.3047529587229225
4.921194880031052
5.319534692835075
4.2949899387503585
2.06511753432015
-0.7829287681808458
-3.4661631144579035
-5.244285356355882
-5.644412532889392
-4.598513896110794
-2.4505201480080174
0.1657192596515121
2.532569053307636
4.065951846310371
4.4718646441811885
3.7968771358696327
2.3668658447642095
0.6474751077533486
-0.9151141372843858
-2.0149800286189175
-2.5344344696728123
-2.518897717469771
-2.107557629932935
-1.4594537081816
-0.7045365829416841
0.07020561206856342
0.8058767629636362
1.4439077356707117
1.9042228305403757
2.0841216260142725
1.8832706942640731
1.249938882676867
0.2328248052606491
-0.9885352677047261
-2.1218712522943717
-2.8341819234606995
-2.8541317536400936
-2.0689392795523
-0.5849949269952558
1.2691828734703807
3.007462242433033
4.108871140461692
4.168012272380413
3.0303584698915205
0.870608848444311
-1.816524319847278
-4.322927290216609
-5.912049032090737
-6.034756457262584
-4.511887735258471
-1.6219757569804816
1.9429661721937816
5.2501090007043185
7.3812769936407685
7.698013587237209
6.037498876094313
2.776848852064718
-1.2596992172331385
-5.02614585776132
-7.544568773937446
-8.172681365012327
-6.772540312754262
-3.7366305688851638
0.12913025965291416
3.8270297918490757
6.431170711416755
7.324039371322725
6.3475838460251675
3.8330961463088866
0.5032431738452039
-2.729102325169063
-5.012265965982509
-5.787852349106683
-4.937041540323797
-2.7988577417353246
-0.056558050732649745
2.471658043227693
4.073190828177746
4.341223781459314
3.27757722374315
1.271733442804638
-1.0326732417826519
-2.9383683419910964
-3.897896476474501
-3.660030241727256
-2.3222701157079064
-0.28376811443708083
1.8789874322246805
3.57364064033262
4.345693337911822
3.9865552832053566
2.5736524032672965
0.44069558888338933
-1.9060727841596798
-3.902313922949718
-5.04894483121005
-5.025299006454637
-3.7725174978181557
-1.5268868570094123
1.2131350806790535
3.7905796991262486
5.548712936313415
6.006554241704421
4.999654173718309
2.740770540652062
-0.22212237152968844
-3.1435225621856104
-5.2786762071196645
-6.087784471797002
-5.386837003874144
-3.3984314284687316
-0.6843798120424046
2.0210643178795213
4.025910443499332
4.875612710078325
4.4679314454584755
3.0543917282197697
1.1340191314745869
-0.7197885792907945
-2.0390221365773
-2.588977885320549
-2.4066351986528987
-1.7444251888353184
-0.9478873914086299
-0.31702047054683813
-0.0022089302759834336
0.03061712319708547
-0.043349563808526684
-0.009077662747750412
0.2738200635032814
0.7951989766734533
1.3908426232636408
1.8108252257321282
1.8282903908999815
1.3424851547844152
0.4332788550663907
-0.6571642163889541
-1.6106084237488416
-2.1514511579317466
-2.1466467602110013
-1.6451417250448124
-0.8445297710624805
-0.0046499513922039284
0.6525601916838315
1.0159879800091285
1.1040898878738528
1.026329281588242
0.9095203796462324
0.8269000440653355
0.7645161933885681
0.6389739765835142
0.35494207292429325
-0.1270260985528891
-0.7459868667668443
-1.3431001646682343
-1.7138071038369733
-1.6892875098737778
-1.212922686161705
-0.37847832971563966
0.5884703837764672
1.4014290851637308
1.8104507865884352
1.6900076749694897
1.0850457182582631
0.19836886210278656
-0.6771754004101221
-1.2585934448244949
-1.3686502140150498
-0.9932273234980976
-0.281849104610212
0.5061405136352478
1.090270149517977
1.2625659948652792
0.95534771164498
0.2619108202950601
-0.5951248606425465
-1.335532921448236
-1.7089079719421165
-1.5712933937691147
-0.9298933034132102
0.05600431390079511
1.1178955886237854
1.9526333945820469
2.308019563914279
2.056044741573809
1.2338084043072572
0.03982451398985893
-1.2158042150374542
-2.1955548289743185
-2.6294222006899837
-2.392538379114522
-1.5419966773740252
-0.3014008615372646
1.0021892329386146
2.029484233564647
2.5214687323100726
2.3675789176682085
1.6313473676430108
0.5267703708226132
-0.6468336980877684
-1.590121321235111
-2.0821031309415505
-2.030147726433112
-1.4824920863389266
-0.6055608602566384
0.36413550131181266
1.1797991661219878
1.6419209448667635
1.6429424356158517
1.1925974068933316
0.4198905798319044
-0.4524649459045404
-1.1629877766088037
-1.4875355788891693
-1.314912709414976
-0.6937172730930774
0.17204793965762005
0.9840401378213016
1.4504786195348514
1.3921430515133943
0.81355455626195
-0.09003640695935083
-0.9960980571765983
-1.5679868867132907
-1.5776157255023093
-0.9933050068903377
-0.0002693033114127021
1.056473826308248
1.7901939813206769
1.9113380071404722
1.336896339222289
0.22917956075548984
-1.051893593643578
-2.067394486395698
-2.4477567821225414
-2.0203805514706272
-0.87429818419396
0.6592344386230028
2.1048444833556794
2.99016130362447
2.996927202311044
2.0689655223304757
0.4416522816647899
-1.4200122061727989
-2.9594374670296197
-3.7002897727972126
-3.3957050489114997
-2.1064624320776812
-0.18544814422618014
1.8249522626986128
3.351981061842085
3.9614718210856203
3.4858898399799583
2.0724753327416066
0.1365915483813884
-1.7659077726457002
-3.1077629351232394
-3.5470989887933007
-3.021792967858847
-1.752458569070903
-0.15665855925834413
1.2929742155775903
2.216856390039637
2.4341437538312056
1.9950186484509795
1.1353177431726864
0.17596943006697116
-0.5919487312549171
-0.9939299958873109
-1.0043084128756816
-0.723118323794057
-0.3183553847133974
0.03661340403964596
0.20838565927912153
0.12693275398429593
-0.20379601201721215
-0.6984578110882238
-1.188916277357768
-1.4449812420391743
-1.2331483672024544
-0.4107392262453873
0.9764034712525133
2.643150828439762
4.0990484369276325
4.770850317397978
4.187496788426476
2.17746991235165
-0.991936870213256
-4.6028763568922395
-7.637909701113697
-9.071306013539463
-8.216656108425417
-5.007651402269753
-0.09726964241259065
5.280991024844803
9.659447980450725
11.779806974930352
10.985178579552073
7.429719337913525
2.038531809818694
-3.7663778827713386
-8.483975896096798
-10.963121082685701
-10.710641630375513
-7.989986982411111
-3.692195676525805
0.9663092250548596
4.813555980018026
7.040656127851851
7.37716954624641
6.086096794730235
3.803252764783907
1.2917783575759247
-0.8008970623911961
-2.108950127506265
-2.595776268024731
-2.485316162493865
-2.1177029764962003
-1.7907857722113063
-1.6463933950039018
-1.6373685206054134
-1.578230502399753
-1.2509636756440088
-0.5196908871448347
0.5904964567489512
1.8788691863805311
3.023524106136434
3.6856471813337714
3.6256207663356514
2.7879985192697223
1.3249827570924972
-0.4467171248655859
-2.136083800805074
-3.382626375295801
-3.943568265151074
-3.740384085722501
-2.8573323262691384
-1.5017698354991451
0.05362337736066369
1.5274724477981003
2.6743499307854175
3.315461046599583
3.358119903485914
2.8066976482290875
1.7652123428264022
0.42854683435506374
-0.9437293533974253
-2.075348260711949
-2.737368085914118
-2.809582878363675
-2.3157669479474987
-1.416253251663198
-0.3571610504313904
0.6064714350010358
1.2848945877601237
1.598040842281663
1.5772794875771818
1.3301233175140126
0.9859610624020878
0.644515305572961
0.345472000663301
0.06903184495425511
-0.23462533900078336
-0.600167253795174
-1.007071672785558
-1.3658821822673775
-1.5419606373126509
-1.410493112394337
-0.9199345280780723
-0.13437030170985376
0.7674832658718861
1.5408234201847542
1.9544972957985938
1.8724145708372664
1.306372769709228
0.41950557256634896
-0.5242500268229413
-1.2492972973466743
-1.5638372656488246
-1.4239989183533999
-0.9397809533675946
-0.3206328076453325
0.2142564695427712
0.5211451854505887
0.5769981947242446
0.4687580888336791
0.3353665911537099
0.29114894557633086
0.36659980722098684
0.4946249692836213
0.5488188616255428
0.414406566945971
0.05583978233452744
-0.45294318928605315
-0.9506679275933237
-1.2532725673080394
-1.2314179216243786
-0.8657507788625679
-0.25570294657881115
0.4198713599065255
0.9706119022902681
1.261263091767089
1.2499882802276339
0.9855802137554368
0.5701508644845797
0.10848000767426108
-0.3310345383183962
-0.7254372810452357
-1.072558965868659
-1.3477361615778642
-1.4710630656873183
-1.313548220965796
-0.7521793441026046
0.24408989763950317
1.5386672740022915
2.8081762391718588
3.6072828811716784
3.5094569296897937
2.2796750860932318
0.01480968733403029
-2.8091032903057616
-5.418260886714122
-6.946483372598762
-6.713315323983543
-4.485717960754241
-0.625476680923687
3.945811158293254
7.973880887932109
10.233808243190136
9.916769581775156
6.913779289065464
1.8955136106959745
-3.8494441501551484
-8.776777559298122
-11.539333679750053
-11.387038441664316
-8.385028282091913
-3.3818228457180592
2.2568070852147417
7.05727708576145
9.858443291627923
10.113963879141025
7.993297515221948
4.267099956642792
0.031742851310164834
-3.627018239206315
-5.924327804175691
-6.5426759998230075
-5.644953378559736
-3.7532636879294348
-1.5473863089192526
0.3499581487637242
1.5402588665089392
1.9283904432521457
1.702293228488157
1.230008025621706
0.9099351478594436
1.018393784557044
1.5988098067995877
2.429422890378597
3.087930516142138
3.1010431115574093
2.13344544115381
0.14979407251724816
-2.5137107036154736
-5.203870448966092
-7.12382664835425
-7.5763452275493455
-6.201736269069572
-3.1303623892694685
1.0087344350409275
5.235963418119288
8.485691852088012
9.906916886028121
9.106556217356296
6.259122220702747
2.0504145383350174
-2.5215604321434593
-6.419807611294086
-8.829279895124268
-9.33262597662155
-7.963168481473787
-5.140064840504007
-1.5253603038282673
2.143047663098047
5.197518508377039
7.142753390227393
7.710962022620887
6.8778054055909985
4.848326222770154
2.0185698868739212
-1.0858087488134747
-3.893245255841067
-5.885386450633684
-6.695527009791492
-6.185088549287769
-4.4785738437859175
-1.9447818377476107
0.876554762696241
3.390162843447069
5.0778464763238
5.616417444429784
4.9503305074214135
3.2985344727699304
1.0922018813346275
-1.1398725686623432
-2.905668340442227
-3.8666677649673145
-3.9063547731510493
-3.1355175585225132
-1.838364578430158
-0.37970591566168005
0.8975035358821778
1.7550596224791528
2.1020188224200838
1.9894850662831967
1.565565459091716
1.0108254416219777
0.47838413334814195
0.05684543527966855
-0.23648623299835564
-0.4356983736974173
-0.592169942399717
-0.7422632146376673
-0.8888192676897237
-1.0000223225155231
-1.0222766017924154
-0.9014245902897153
-0.606851339644434
-0.15251039038251907
0.39263457899894355
0.9122303241860763
1.271021033624894
1.3578252635202879
1.1282166554888333
0.6303397963654263
0.002440354444982328
-0.5609707080323116
-0.8680318322933996
-0.797551152573712
-0.35306698895872984
0.32009293717157944
0.9679446486687434
1.3063124057819648
1.1207530284103862
0.3534554395745043
-0.8549520705048328
-2.1866383116218406
-3.2278510962992355
-3.587638112198888
-3.020504559849986
-1.5178789471736394
0.6611061198963754
3.034618613222451
5.01182978724581
6.046564061733203
5.789217933730354
4.19384229291603
1.5478257030532159
-1.587444059010028
-4.511256586031723
-6.558171983614276
-7.264905295632774
-6.48281734042468
-4.405030351665855
-1.5043831079165344
1.5938713936362972
4.264602623598912
6.0189676002206545
6.592232082871227
5.969163420224122
4.353021096983033
2.0978723710610923
-0.3722219374065995
-2.638375466933854
-4.347512085195028
-5.257437534705941
-5.265938549953329
-4.420326453931121
-2.9037416188263396
-0.9994415738430517
0.9600391615087696
2.6500431810456844
3.8088364267644894
4.281150090232324
4.0400536244112155
3.181137292132342
1.8923454717895618
0.41103336947728164
-1.019653268859141
-2.1880922777172973
-2.9419339964283844
-3.2044369539499726
-2.9792108015047822
-2.3436582800850227
-1.4303777745186816
-0.3976779434680407
0.603531321954252
1.4546218744660173
2.077434124617979
2.4275417676653994
2.4823914917386576
2.233734244887827
1.6890008947119157
0.8821180021759232
-0.11081613651837471
-1.1613287353859212
-2.094987737971399
-2.7199233135758627
-2.8746290069543656
-2.4827698924133874
-1.5938461753601187
-0.3874834240223032
0.8684196193738802
1.8942277627927744
2.480947775125435
2.5463974688176254
2.1450961905488155
1.431899870399161
0.5980626618004058
-0.19227204455897645
-0.8405570414089457
-1.3161244129814742
-1.6277000287899004
-1.782712759739089
-1.7585249149847653
-1.5048277399154115
-0.9797694243575745
-0.20076253090409973
0.7208733016217528
1.585795541679396
2.1580966221938667
2.2461728440664626
1.7823447220715114
0.8676878150294008
-0.24155567809717723
-1.2088532854925294
-1.7311662451655558
-1.650729686072182
-1.021269270586936
-0.09919136880097386
0.7437430134451042
1.1590552183188132
0.959814514124371
0.2020364572413378
-0.8262257713063739
-1.7058567328284042
-2.040036201196653
-1.6040768898484798
-0.43904372296093247
1.1438887472289954
2.6529999942331406
3.57295907083622
3.536696212364854
2.45197295219641
0.5393749662225138
-1.7279213146661938
-3.7579126845761284
-5.000944230316666
-5.090513912900942
-3.9307833630907236
-1.7179953056530768
1.1008364159100101
3.9185217311596654
6.08934419267438
7.06231407607071
6.505571581695387
4.399363918350041
1.0747459228012723
-2.8199342957498263
-6.431555649515161
-8.882938075759514
-9.48851857970227
-7.9516625116372435
-4.483391486056011
0.2044905404045904
5.046937661891852
8.886186431635863
10.777330721919054
10.249277178002542
7.4392965659161
3.0564166968107793
-1.8172578504923593
-6.026585555891862
-8.652718295051155
-9.239374767530538
-7.873730053757345
-5.1074094700339865
-1.7525624809120433
1.3741495326110549
3.673401703092225
4.883608952566377
5.075652462567245
4.54410392660523
3.6489079448371955
2.6703049676335255
1.7268117052681546
0.7790623399299194
-0.2901671838644167
-1.5586278771095294
-2.9641842390393336
-4.269805609311213
-5.116293795705711
-5.146768249158306
-4.153078341383359
-2.183603931685562
0.43103037599654975
3.1457577294946533
5.341804965473653
6.496098652228988
6.3257672552123365
4.863506742524134
2.4441720301441734
-0.38829330108484594
-3.0226394661662375
-4.929582945626552
-5.77822295394508
-5.490745695739621
-4.227400651573719
-2.3170438613808444
-0.16332987333742516
1.8433268469376491
3.389119239834553
4.27050046106724
4.402956292625322
3.8137023888726644
2.6265373376270027
1.0437786137659153
-0.6746941461647561
-2.2395878406826264
-3.372117261943362
-3.854876502099756
-3.5839888238946522
-2.6059319860570147
-1.1226972164111542
0.5429005821030601
2.0177688092695383
2.9689194764799036
3.189297098691856
2.6538198623536084
1.5284174133039794
0.12801867286590926
-1.1673893046425334
-2.018152911161285
-2.2222969154334917
-1.7731872933752562
-0.8562545574063781
0.21506822861326647
1.101253275775994
1.540901686184918
1.424770675011043
0.8206087893637244
-0.055017395769976433
-0.9081188080839766
-1.4604415481639772
-1.5360651390781528
-1.1141340063557663
-0.3304483458272073
0.5717101549868978
1.3224486877144923
1.7083161369203437
1.6303652464944571
1.1222983236467274
0.3292594052317063
-0.5397662533935649
-1.2680151203426318
-1.6808732038946488
-1.682189854067831
-1.2738631204239586
-0.5559181366965557
0.29519013685015205
1.0683491987418552
1.5710817654896798
1.6795798818673997
1.3699754153928758
0.7222165115324004
-0.10184512033036903
-0.8978146321817275
-1.4661361186666675
-1.6591301598806427
-1.41919244186189
-0.7991046954411649
0.04319275363348406
0.8790131819904963
1.4692325681868024
1.6367515692787837
1.3272539959507805
0.6331193876264872
-0.23262221984820342
-1.0048947800918644
-1.4523377827636654
-1.4491848206663034
-1.0101788791966646
-0.28015127678619023
0.515244570362329
1.1397671269359093
1.4150931027067757
1.267813155765789
0.7438940475807404
-0.009420590889284632
-0.7855337631619249
-1.3716467712531075
-1.6008051303635065
-1.3927957735777237
-0.7763536611430775
0.11242281263092666
1.0565545713957916
1.805347618384808
2.133910841833729
1.9041690500173607
1.114089474031021
-0.08028043057464058
-1.3842826684399476
-2.4313306983728675
-2.8859051440042456
-2.5543405256791076
-1.4649932319469454
0.11693510811697944
1.7544959245353782
2.967686098849033
3.3837535746833436
2.8591417231540635
1.5322024142951578
-0.2134065463393367
-1.8664149499110156
-2.9500193602520683
-3.1740108178990756
-2.523872308541834
-1.2547397335465158
0.20749320202366117
1.420001956501236
2.0722521896527057
2.074838442407999
1.5596993773968242
0.8003650703992233
0.09075097307194215
-0.3667429366194049
-0.5217466830540878
-0.46719428813522773
-0.3719132059450219
-0.387214560968369
-0.568834086562496
-0.8474957950166531
-1.0599765732651796
-1.0266539983380374
-0.6411378693577772
0.06811476952941466
0.9314176409990246
1.6893181853883223
2.081678020575872
1.9417133020575605
1.2611021286424493
0.20181989799080524
-0.9503634423339502
-1.8741885957695
-2.3125908124418086
-2.1511579733317836
-1.450719645309643
-0.424451581451008
0.6324528978375348
1.4370747768829255
1.804769621534024
1.6970217686095912
1.2163655857165656
0.555033156228398
-0.07926017050393211
-0.5320233352240061
-0.7426626226500814
-0.7463509413019985
-0.6404274372425866
-0.5317741069770676
-0.48815776769278457
-0.512510551975874
-0.5471534907766695
-0.5023025649983115
-0.29608329266222655
0.10709373967326472
0.6705250973806709
1.2801308264318405
1.7650092396414825
1.9415852390734336
1.671928697611059
0.9200866890341
-0.21375955480784778
-1.4977404801479166
-2.6158438730982914
-3.2488991922780377
-3.1675976778038466
-2.3097722887916325
-0.8162443687009668
0.989830795921898
2.678835894073064
3.826715480729774
4.131085188290044
3.4964275887392096
2.0620256872787888
0.1642258211187093
-1.7542561138829795
-3.25908614624677
-4.029442144529615
-3.9272202482512637
-3.0171217219284356
-1.5370108610399908
0.17031004657225055
1.7430238554099453
2.880059639920521
3.395965971333623
3.242687003356535
2.5012823026582787
1.3526015609810036
0.03560763670059155
-1.199476284871014
-2.1361364576773356
-2.627512918051757
-2.6172139391045697
-2.1423370193008653
-1.320441574005653
-0.3240419432747623
0.653635738430124
1.4361337026899432
1.8968066203808491
1.9799925220034256
1.7058777121005924
1.1592206899142414
0.4663233905171193
-0.2331874036637357
-0.8131821535740233
-1.1816205882922146
-1.29297697857901
-1.1528167712448343
-0.8148981869864131
-0.36994239242280724
0.07419532305350346
0.41758757879638786
0.5918880954752551
0.5762090453017277
0.401263203315635
0.14045135589495555
-0.11033491843231431
-0.2595328289979731
-0.24685281059063022
-0.06291429641199364
0.2445399817328201
0.5797102597356956
0.8212661319895896
0.8553640778205749
0.6136742697217323
0.1053757043511216
-0.5704616860473927
-1.2404405111345194
-1.6995141890978758
-1.7717413253014769
-1.372649376262164
-0.5516829891138896
0.5041222361634102
1.5127594859468727
2.1781157128743054
2.285889675397506
1.7816975227375624
0.7999313701505499
-0.37298088552488295
-1.391843626269617
-1.9683232853485564
-1.96425196486646
-1.428511233746571
-0.5679433688634841
0.3322668296614992
1.0072371804845206
1.2945532420163959
1.1728121560808016
0.747564532767294
0.1962183873783949
-0.30224003301718516
-0.6242343216044575
-0.7267029230919105
-0.6381041399749349
-0.4264261586414049
-0.16180579367010817
0.10830016321354258
0.36101319582634483
0.5806683319392112
0.7374665494203398
0.779694415510907
0.6496013064853959
0.31803522096809556
-0.18198042861687952
-0.7450876622418551
-1.216472840131013
-1.4402689687031107
-1.3147991045265268
-0.8330733925172061
-0.09239682798217956
0.7305402170198304
1.4291150422210512
1.8230281559050214
1.8044549838412118
1.3642198125376088
0.5950161225447747
-0.3283640363652783
-1.1892680933304136
-1.7817707652217616
-1.9624856560203179
-1.6880388706894796
-1.028010464647577
-0.14892238008736386
0.7278288010889061
1.3843431076437422
1.666053804493534
1.5254555414489295
1.0342409491943252
0.3577713315803179
-0.3000051783927589
-0.7619130714331284
-0.9313853039908732
-0.8173927979547435
-0.5217661856801458
-0.1935188333905234
0.0315069333710957
0.08202604042048883
-0.024758947041975288
-0.19439948607759167
-0.29707010710457227
-0.2250835654357497
0.05493334366603706
0.4769595598253609
0.8919388362047487
1.1226667526406566
1.0358346753593428
0.6019390962613976
-0.08161560388139327
-0.8155974213191532
-1.3650624313904627
-1.5424675728269694
-1.2769316463161382
-0.6439801780648717
0.1563864500624462
0.8676241207793409
1.2674692011557325
1.2480152917306937
0.8533460432360043
0.25869070445881787
-0.30097944311577063
-0.6236212060280966
-0.6165196127321046
-0.32734267364034975
0.07990443152960565
0.3935147194182602
0.4417301283522517
0.16649281791834825
-0.3459555881695685
-0.8910563836273626
-1.2201472463303684
-1.136597985119344
-0.579387560471213
0.33713357472150296
1.344635448776599
2.100436367896493
2.3025809740130585
1.80312942253932
0.6780272558682765
-0.7770791439096685
-2.1301853273058464
-2.950675948145712
-2.9550465833520962
-2.108883372095388
-0.6467990547512678
0.9997118760493756
2.3429651923896833
2.9988102667882313
2.808398943888451
1.8794300140218594
0.5351734500064996
-0.8055270916936371
-1.769961791231727
-2.1436497222747586
-1.9172610905131195
-1.2600543995366833
-0.438204992785191
0.28688816994868993
0.7421579235990091
0.880867844841517
0.7683573357058888
0.5304358646424259
0.2919906356704284
0.13207688754125338
0.06913493602428782
0.07427896982890086
0.09904452639521666
0.10084787655619108
0.05602281670922495
-0.03943052842338667
-0.17573379798909158
-0.33556374363079206
-0.4955960783694786
-0.6227653420667651
-0.6713048813113739
-0.5894301979362294
-0.33944701082147904
0.0751664554544757
0.5898018307672788
1.079580156025355
1.3874663911060838
1.3750581756788327
0.9796830044113011
0.25474985779718934
-0.6265818215129713
-1.4125746603868135
-1.8508063724879
-1.7786069561588618
-1.1919675121101043
-0.26153921887786447
0.7175473739326548
1.427893818029587
1.6463209041841094
1.328398126304901
0.6258938946189133
-0.17150549942986795
-0.7491127016724566
-0.8922742180204926
-0.5741272531255182
0.0314365013149579
0.6195258879475317
0.879884536544589
0.6287226403846105
-0.10471338433898499
-1.0714869949194126
-1.883518836847077
-2.1573041945344293
-1.6694010893810909
-0.4621746911424874
1.1456005757608636
2.6523823351332583
3.5406045381027536
3.4574463563877087
2.345075171567918
0.47351419410289336
-1.6371060701197544
-3.3797017624672274
-4.253022983546557
-4.017420446456522
-2.761229217449988
-0.8591819925449328
1.1571379541442797
2.7678007325412533
3.6129096302494825
3.5743956884304207
2.7740736925925034
1.5019854052090527
0.10935224057986079
-1.0947304414377295
-1.9124913705197866
-2.2786839012297424
-2.237671677954281
-1.8940887923027152
-1.360755678551062
-0.7248406743651886
-0.04296710230416288
0.639158205951495
1.259879348287394
1.728077172718334
1.9361367898091772
1.7979293983120979
1.2952795363448402
0.5088560576205741
-0.3863129821285961
-1.165612887934558
-1.6258118264602708
-1.6552462683039757
-1.275325473325357
-0.6352632360497497
0.04062758810427795
0.5344193059692276
0.7137019272591696
0.5769752081512165
0.24656855961495128
-0.08756424084900373
-0.24871432705242102
-0.14557774014414104
0.19200026666289888
0.6260467532658422
0.9656142934977038
1.0414648491549807
0.7715585263059934
0.19438517534913516
-0.5400437550730176
-1.2177640184189216
-1.6308879771062508
-1.646374541975982
-1.250087229508032
-0.5506878815696314
0.25842681730051253
0.9649762927126866
1.405894141477026
1.5119331099676478
1.313974070027535
0.9127641127492296
0.4291589138827068
-0.04067949281612123
-0.4456466374806056
-0.7708053800606899
-1.0105119833487723
-1.1441849116390337
-1.1322808785951073
-0.9352406090215937
-0.5428137320861904
0.003067363782345041
0.6032027527579784
1.1183026229005562
1.4066018232222444
1.3717757012002922
1.002969758117529
0.3881052402187
-0.3081284083847639
-0.8944506659031085
-1.212636512197965
-1.1859930138984867
-0.8418711742070096
-0.30183650530180156
0.25824914613217803
0.6662322607479371
0.8094420709650588
0.6679705759350226
0.3152512529441285
-0.11127307847490768
-0.4572889909612553
-0.6004704345301568
-0.48692988818806604
-0.1475288918853354
0.3082071699004879
0.7203592139326529
0.9254002224776043
0.8110937470938141
0.36270048463727234
-0.31724451426673733
-1.027097933910455
-1.5223663781880052
-1.596267483546912
-1.1584477425570363
-0.2822574908274062
0.8004981355827802
1.762090888264159
2.282907552089237
2.161588574550009
1.3894665923388454
0.16135236973914063
-1.1800919461616768
-2.246487794665194
-2.7194821532909565
-2.4452467068317443
-1.481027986863416
-0.08194267198328983
1.3677956329119483
2.461775312228133
2.8882043563463538
2.522277896367327
1.4646164476123653
0.013062106506119449
-1.424060812989685
-2.4475842113211193
-2.7839319580494815
-2.3624948621233517
-1.330354104575491
-0.0010516429703937033
1.244648078087623
2.0735289180536984
2.294770605302215
1.9065496755072118
1.0805560207298472
0.09189563955084668
-0.7769478647044303
-1.3215178230774276
-1.4626162724001275
-1.2454711100530094
-0.7992682894885357
-0.27899644767227233
0.18545601803910142
0.5164027734301874
0.6889929159137533
0.7145216230786933
0.6200885766245647
0.4350731529424179
0.1882411734627581
-0.08671353284879428
-0.3439714299715217
-0.5257710689138804
-0.5757647567462346
-0.4623689431174129
-0.20041620347277064
0.14228500384184659
0.4609010416201619
0.6486447006033451
0.6369496281669053
0.422895912796497
0.07186450017517801
-0.30556938309860676
-0.593753185603014
-0.7144957382019289
-0.6558136626930376
-0.4742151988946699
-0.26677324502662136
-0.12185086505554733
-0.0697175472167938
-0.05894161662432217
0.02478499376477682
0.30035844723527594
0.8162414218743453
1.49281947008883
2.113813813512712
2.3808480742233074
2.0190810087533704
0.8985843078098809
-0.8746100042979275
-2.9379013572197907
-4.740834160929912
-5.69204791121685
-5.344441482618381
-3.560748719444322
-0.6018253420972168
2.9006000408259047
6.090036781668184
8.113451708908482
8.364678704713826
6.6682952384067855
3.3467552371086335
-0.8507875416922647
-4.938377967008318
-7.948055216354338
-9.178000828573643
-8.366507216029042
-5.74780636602783
-1.9797911559158097
2.0324886033987832
5.368327338792088
7.317368822084962
7.543533710295379
6.146621614938849
3.607402266559043
0.6341230365023467
-2.0423366122106055
-3.8621983729393987
-4.562683108159085
-4.204837515364174
-3.1046407315537587
-1.700655188484338
-0.40540852938485317
0.5120500143834413
0.9788821241950896
1.0974099554210452
1.066353194044348
1.0776191165071525
1.2281876913876986
1.4798424938072392
1.6800108846766442
1.6330400888911136
1.193016330186821
0.3415733520861994
-0.7809468458882366
-1.9053485889022688
-2.7155290625933555
-2.9538928636403896
-2.5124641749732577
-1.4763185351322055
-0.10265358638682483
1.257822277655059
2.268988867900506
2.7081390416134674
2.5221273593892297
1.8253072860580994
0.8455253169951309
-0.1576554543084844
-0.9704461867445022
-1.4717894367537379
-1.6403047841382197
-1.5296804124408678
-1.2301784751481695
-0.8325920516905996
-0.4046747297341934
0.016191614442503808
0.4155024121402243
0.7849659023857458
1.1049012530424107
1.3338533764804417
1.4108181395811343
1.2714201609425946
0.8750394236921065
0.23468778767895215
-0.5633516277560211
-1.362789003175932
-1.968416059434595
-2.1987016209366104
-1.944129608859862
-1.2109345523701727
-0.13308950889883997
1.053205440695927
2.0649947634688557
2.642637216253328
2.6172385351753116
1.9592514772244916
0.7957669819683925
-0.6095230095276495
-1.9125841100213183
-2.7726193816765576
-2.9445922551770187
-2.3551490367036925
-1.1369629762785787
0.3945951814119981
1.822525767162753
2.7467315082462362
2.9040343090460405
2.251182782547024
0.9829683129648301
-0.5232525523631228
-1.8222752885247804
-2.539934355842543
-2.490086496925475
-1.7286184388024706
-0.5254990652348853
0.7332127852842747
1.675630295868254
2.0590275829150113
1.8319136711669497
1.1290294504250915
0.20943078072918872
-0.6367609563878934
-1.1819744980903606
-1.3259158667287712
-1.110993066621445
-0.6855498628485887
-0.23293764276580411
0.10290373775900483
0.2664627268795857
0.29765089513488746
0.296685974209295
0.3633589465812388
0.5384591568046027
0.7747605362368993
0.9516360135238185
0.9273602609110564
0.6062850114694414
-0.007786947930240255
-0.7940552194671202
-1.541265376634784
-2.011406496389847
-2.0197750209148047
-1.5029503822283996
-0.5499896021750367
0.6146999420777044
1.6926060259066296
2.39829133508612
2.5448248622602656
2.098583058203051
1.1844605904079941
0.041427380934258906
-1.0523373969988332
-1.8561592609860507
-2.221379119054414
-2.112787139930019
-1.599279860403226
-0.8238609533074946
0.03521593092971586
0.8028206019269187
1.3389179074942867
1.5609857226254307
1.4559397459963013
1.0809436044519367
0.5505074785373535
0.007804643912298188
-0.41515950439059013
-0.63594885480522
-0.6445179512258471
-0.501787740508842
-0.31333535281423935
-0.18595090584142163
-0.1830257251752705
-0.2978781001126437
-0.45702010973248847
-0.5516245725545451
-0.48381541895406976
-0.2093391622933554
0.23987330134523022
0.7613682584997815
1.2128151303869656
1.4554767222854954
1.39512501294362
1.008114581853623
0.3479947121778112
-0.4648382500553697
-1.2658599209760835
-1.8778705030379503
-2.1470997278593567
-1.9784033667320806
-1.3634031445018935
-0.39468486693307275
0.741315296330601
1.7968463088435311
2.5173936913000676
2.7066482375714678
2.2844663372385994
1.3191675571703243
0.02110192686801888
-1.3044541357728772
-2.334762258868808
-2.8166589678295315
-2.6367210481397816
-1.852175625986052
-0.6734761732979636
0.5953855662214462
1.641047966298037
2.224826641495897
2.2425208692999763
1.744287716100065
0.911130994642481
-0.0038213925459340834
-0.7519456432894691
-1.1613848067532764
-1.1836850228307247
-0.9002928230792978
-0.48547299084187984
-0.13644907893183034
0.004905018547947638
-0.09117944397735026
-0.3306144502695447
-0.5351272029420209
-0.5191445051980341
-0.1748482271243379
0.46759713998331426
1.231410917530695
1.8458247046611205
2.0434894796438017
1.6644563851591305
0.7257746750340904
-0.568518458239161
-1.8795569682886546
-2.830670598658282
-3.119411195707324
-2.611312546572371
-1.3882621268981499
0.26310210846522497
1.9225657887789807
3.1498826486898706
3.6080875718336283
3.159324332998553
1.905997915003881
0.16716365122867505
-1.6037861892251748
-2.9401276318395246
-3.490425255962335
-3.1189963020873646
-1.9472917528632439
-0.3205916947168343
1.292877444404524
2.441171250262148
2.823629488587651
2.3789605462448793
1.29789785089738
-0.04348488174261682
-1.208043665298021
-1.839670661279038
-1.7774745955390112
-1.1038475147364246
-0.10856375916570138
0.8202476731059756
1.3391409765151505
1.2722858796963794
0.6680943199261111
-0.22880796140446877
-1.0748194585645596
-1.5538467535870544
-1.4867368389770736
-0.8884188214841992
0.042324470057985536
0.9944163052792241
1.6530009824914735
1.8080024549891254
1.424414013131487
0.6489233851891082
-0.24926151042989142
-0.9807409927345734
-1.3413742290989084
-1.2785587332955817
-0.8927387325072593
-0.3780584141622237
0.06702627825255728
0.3182105737504439
0.3618978692679437
0.28088330994749355
0.20130961703914327
0.2254857898363002
0.3786112226570991
0.5917941324156913
0.7289836259298087
0.647617427825473
0.26934529162361975
-0.3684383308040161
-1.1040468925518598
-1.6931065448518463
-1.88803843318664
-1.529402641317972
-0.6179154118486243
0.6596150772919361
1.9645264165554177
2.897655359784658
3.125460019483563
2.5015431118084086
1.1379806115168658
-0.608399331386083
-2.241441787869094
-3.291057729758875
-3.476330264857872
-2.8003721436965514
-1.5377534358728269
-0.1196925781117942
1.0355109034983423
1.6768300424529003
1.7959713320561805
1.5931878598451625
1.3507456105359346
1.2747777454884994
1.3826309816425522
1.4914938035655645
1.3153990510348723
0.6255412359018964
-0.6023909590932834
-2.1255505771431604
-3.4895269555838677
-4.184139349910358
-3.8404079593153155
-2.393446748755417
-0.14655991982090097
2.2951899251149097
4.207660522961657
4.988430762275367
4.37187116292893
2.5373893709508986
0.06355478504349509
-2.262818663520485
-3.7163582617653512
-3.8830124080054267
-2.7981559783790617
-0.9227845615104597
1.032015958365625
2.3661505334956585
2.6404285748396643
1.8245894143741903
0.2921476131337859
-1.3317920984247542
-2.409756323037013
-2.527703944823525
-1.6407433399409215
-0.0781090517421836
1.5896314058578576
2.7675187671616133
3.0538715880163947
2.3771823592354684
1.0046122051892414
-0.57422448310095
-1.8381980587178384
-2.4253738609544206
-2.2513026001128447
-1.5125848274564155
-0.5805538376106265
0.16521684641328716
0.4917945198841247
0.39447334909889586
0.07795087793102007
-0.1491788151455119
-0.021494429988052247
0.5534731224290081
1.4348351378585207
2.2841844302713263
2.6884343436065286
2.3255860792969076
1.109837711089272
-0.7422005566422896
-2.7535878780470573
-4.32683329695634
-4.935476903339223
-4.302695948493999
-2.5051813924009876
0.03509725232910338
2.670322376036242
4.717611666648323
5.65703341964913
5.273376582143994
3.701439588000138
1.3681246440806114
-1.143150269932502
-3.2578212757278386
-4.552727263345857
-4.837897875483742
-4.165445085459548
-2.7780868869723476
-1.0240206664039253
0.7336945686368771
2.1916078995781927
3.1513077120659463
3.5318736602095133
3.354099916203435
2.70815777301232
1.7194589292653804
0.5252451710173145
-0.733062228845673
-1.9065222083134559
-2.8359026907563365
-3.360880294848464
-3.34642419662497
-2.723285239582104
-1.5313287974770649
0.052824280463897685
1.724498605641634
3.1073583042989106
3.8491796533490854
3.7290534855588673
2.738666964901607
1.105112779966722
-0.7592801193860746
-2.369389131567182
-3.308867936825056
-3.355846379589655
-2.5499796015433804
-1.1754095368971684
0.33639751328439205
1.5492065304448628
2.1582358482039052
2.0736979945457668
1.4279103669733826
0.5096375328390813
-0.3476038523796844
-0.8826264779115127
-0.9874223663476079
-0.7240330222120237
-0.27521723965213063
0.14572952090439978
0.3843246684630365
0.39568873763530427
0.24042560580291986
0.03526481131056693
-0.11358880392780399
-0.1616711329041988
-0.1386819965801937
-0.11853455860242465
-0.16484990089685492
-0.28261338903689154
-0.40424433118622966
-0.4202827282787898
-0.24038879914117667
0.14678981218493306
0.6472082131629652
1.0849391069306549
1.2671764342792193
1.062634530217064
0.4616489085963107
-0.40371455490766955
-1.2873714464137924
-1.8995050409904122
-2.0009679529504876
-1.4920407750017464
-0.4631946182387768
0.8145289993319164
1.9624989900247183
2.611253788598869
2.5232332035539953
1.6783152653052686
0.2906135712447664
-1.2512099686966256
-2.5016058515300967
-3.0951165737723136
-2.856597156765941
-1.8484374192470099
-0.34314204667642073
1.2629874378898662
2.562166678950224
3.238478562360791
3.1374075462144493
2.291639740737823
0.9049418856657295
-0.6980286968576488
-2.1448640983787803
-3.0979538227205126
-3.3311835629469355
-2.7847705425625966
-1.5843614830598405
-0.016735001689885638
1.5363970025337086
2.6934116179935796
3.1721014086395445
2.8645993348483305
1.8659121604962192
0.44774002607832597
-1.0153246313918682
-2.1467402164630713
-2.6681628890152096
-2.471543453282004
-1.6439089798738642
-0.4383684768227075
0.8003378418496605
1.7340874480467516
2.124658865466957
1.895714813881265
1.1470509295861506
0.11810271761137606
-0.8871875546660765
-1.5893564312570778
-1.80843645338228
-1.5053707775344904
-0.7828602312915048
0.15042549377326686
1.0401083586146398
1.6533663328335597
1.8355214221758929
1.5433500531444224
0.8500256187127337
-0.07631685375614528
-1.013517088322242
-1.7365417106732925
-2.068298162019862
-1.9194139056210533
-1.3090174600259752
-0.36330827010335975
0.7077359277081101
1.653071793062042
2.237018012219914
2.298768605069624
1.8004209516487768
0.8482016627596992
-0.32476971790338366
-1.4158728660510267
-2.1370027097898774
-2.298965604271164
-1.868026179926859
-0.9758088107731422
0.1205877715018079
1.1154886291135129
1.7444334719234755
1.8590198094397126
1.4641125601039156
0.7078584929412598
-0.16901585117365162
-0.9068390838158491
-1.3024047025013528
-1.2662419277302186
-0.8455089937266926
-0.20477481463858985
0.42998165525921433
0.8468418055346973
0.9189291020412267
0.6468064929607992
0.1560255717540313
-0.35114945587843094
-0.6732952682218555
-0.6875372911829006
-0.3967883614586155
0.07235666567880121
0.5198278908750354
0.7503207468193854
0.6498974631426386
0.233133440168322
-0.356337692877484
-0.8934861172037929
-1.152578928965147
-0.9928399594087399
-0.41792629884937166
0.4133789736049948
1.2316286193699748
1.7443984331862294
1.7391795763618527
1.1648602644647927
0.16024253309784214
-0.9832199171671235
-1.9131999117389085
-2.331775094734226
-2.0944611440374956
-1.2588784325229674
-0.06649614141529553
1.1361734221892614
2.009204177114466
2.3244028257487677
2.0288816507620933
1.2487596413001014
0.2356799669167288
-0.7222781511727723
-1.3924844730860075
-1.6605271075375734
-1.5444585730623184
-1.160589909151875
-0.6600653057742557
-0.16599964007107337
0.2614460143767353
0.619200841351882
0.9232845882977794
1.164854633057898
1.2889345988185394
1.2106184394450628
0.8618700159382451
0.2442950643722707
-0.5408385860142358
-1.3033706794606763
-1.8161225171906186
-1.8916409210604108
-1.456699965177095
-0.5950867376015605
0.4627776569407591
1.4064801204196453
1.9480028252461845
1.922091120177908
1.3458903753348723
0.41420881329640924
-0.568988713615591
-1.297388091260721
-1.5668437821555155
-1.3388187743228546
-0.7413243712410824
-0.011078274051357523
0.5975286750588492
0.9017350507561007
0.8470003277532118
0.5129394539036027
0.06983968579973254
-0.29402397546494075
-0.4447370438282703
-0.3482855003293153
-0.07459538345369572
0.23830418057060138
0.4433144157561021
0.4422993426939169
0.22143099248662257
-0.14684410782735144
-0.5320892258573994
-0.7917851902749218
-0.8192941141446828
-0.5799325479436092
-0.12541816524698196
0.41800558411858774
0.8863226848339923
1.1293485982378308
1.0601760250301655
0.6858763682122967
0.10932032947558491
-0.49968482994632235
-0.9563612856662118
-1.120190141112986
-0.942545185382247
-0.48665876658292195
0.0889790862263138
0.5815082442902515
0.813943858224742
0.7009972128062737
0.2857608161652496
-0.26890097098873866
-0.734441390040287
-0.8993060617500774
-0.6515793238419801
-0.03065804530768626
0.7734036009011607
1.4752418576338093
1.7873502942849606
1.522215651980981
0.6707607657565463
-0.5716576767361692
-1.8473815479527746
-2.7405643699747966
-2.9130855066130077
-2.2269379681415495
-0.8089436135186364
0.9693092070834384
2.595689364754871
3.5752523436890185
3.5895997195974916
2.6029442792435833
0.8779646010507373
-1.1029981435668494
-2.7835498961517335
-3.698268979079076
-3.6065525622747296
-2.55640955102868
-0.8621455421423226
0.9939400366425635
2.5044516762443108
3.281304221919425
3.1588569538884603
2.226530745295647
0.7854201616885289
-0.7516595082159393
-1.9814134664397998
-2.6153869751302423
-2.5424484544879333
-1.838338457379852
-0.7282897206666898
0.48113325584944183
1.4815742371072953
2.035770347014908
2.0293630919782615
1.492597768448838
0.5891679578949752
-0.4255782764295179
-1.270345814744848
-1.7139044292207828
-1.641120738772211
-1.0880770570770748
-0.23261183804319202
0.6598134816127995
1.3190693392511073
1.5548604960560704
1.3142450210627243
0.6927751357047014
-0.10405245295867525
-0.8340674716478984
-1.2979008969017367
-1.3950978381526469
-1.1397853251959418
-0.6365940752687343
-0.032197049821037854
0.5346486290682474
0.9646818949106435
1.2045045927629492
1.2353614836186555
1.0587399895165945
0.6904744198337486
0.16671975969344283
-0.4440064481679504
-1.0349432665347715
-1.4731382152804853
-1.6315557828888674
-1.4307587187412194
-0.873832751207089
-0.06047545149843957
0.8277845971957344
1.5705922799670045
1.9687999208851863
1.9026983611563804
1.3695698087548505
0.4889419916782024
-0.5257929102242234
-1.4213547952762133
-1.9695302371727472
-2.0261208987842485
-1.569416175124676
-0.709280716620374
0.3359548553419886
1.2911013842556347
1.8932261735469897
1.9617026347561415
1.4514878423834685
0.4747680906665786
-0.7176630308023232
-1.7937252481750183
-2.423180322583841
-2.366491212831234
-1.5477651618176616
-0.09302619366100574
1.677959686135234
3.308901655860773
4.307164734502156
4.271367460471256
3.018819835267228
0.6760246479241251
-2.3026330602553364
-5.208010602248326
-7.2366660887926315
-7.705384294325446
-6.263105228272431
-3.0360011263705378
1.3470731221163068
5.872979720070344
9.389009772781506
10.912392112537567
9.915292477271652
6.497990244692107
1.3939152564209512
-4.201503957064676
-8.935259078369908
-11.651869515596763
-11.699896457039701
-9.102329943073988
-4.541243430217809
0.8382708378296369
5.744948681943341
9.082999401791419
10.218835363633316
9.102423824117881
6.222042134563249
2.42135598378286
-1.3562037159284461
-4.316783746436882
-5.990377726004523
-6.290697057381331
-5.459435101311691
-3.928839022229538
-2.1582156487198607
-0.5011599454715819
0.8584940338785689
1.8934776354562832
2.6622699850707927
3.218965332431189
3.5470571307481893
3.5483275698650982
3.091372777561475
2.095598727102885
0.6103119045102778
-1.1497387897620102
-2.8340446396756835
-4.046962523192423
-4.469562270414605
-3.9684661052172294
-2.650048422939217
-0.8375718751492506
1.0225783543191092
2.4932512095495825
3.272184738978703
3.2698136406377927
2.6158535998297348
1.5958838414411758
0.5431802460836032
-0.2741317065078509
-0.7312293778443475
-0.8653071811259456
-0.8322365869894981
-0.8212874606195071
-0.9628529370416351
-1.2649007015863978
-1.6024763097694439
-1.7658731313518405
-1.5509209677962845
-0.8565158064007513
0.2508008364261264
1.5342497400610058
2.6516358503942823
3.2660233243235615
3.1617005535078513
2.322186370903652
0.9412774779753552
-0.6369210734386617
-2.026674681510738
-2.917860312753026
-3.15983296666118
-2.784577851149321
-1.9663385552596144
-0.9402957653542507
0.08169257283151449
0.9634477309338384
1.6498766556044495
2.1345269484315645
2.4139875855592283
2.4553325036551645
2.1938040545429685
1.564670351317697
0.5578383351611043
-0.7304553881053385
-2.079151862119228
-3.1767788013610283
-3.7062494430407535
-3.4529013103983517
-2.39363971259633
-0.7292305810725489
1.1566496786150513
2.8004948909504215
3.7908654579394074
3.886220257265136
3.0819398845068564
1.607763467910515
-0.14151085252000983
-1.719981580092034
-2.754431600437316
-3.0409900978092317
-2.5875230875107906
-1.5929662611314872
-0.37475580730812486
0.7303064766731143
1.4609558053503604
1.6941788213380398
1.459586774884889
0.9076371590481629
0.24931555987829207
-0.3105116229919426
-0.628222618080766
-0.6533697837624336
-0.4309821356473355
-0.07533437005132464
0.27394150366379355
0.4972384794073652
0.5279540421249652
0.3647739154738894
0.061659925637586314
-0.2978097144725814
-0.6291137532773956
-0.8671496025520461
-0.9739409522427737
-0.9356382297662027
-0.7534711686900402
-0.4344583136585084
0.011925631661962586
0.5671920490013521
1.1887791261388134
1.7941712517172088
2.2559287678208113
2.4176871197864367
2.1331569175371325
1.3194216277580557
0.007314969780888463
-1.630768361946406
-3.290197519163892
-4.584875871220817
-5.132438949151091
-4.656963873271972
-3.0843638393509774
-0.6011982434351927
2.34904062746833
5.14351173954419
7.119817168790486
7.743657994507049
6.757373977649037
4.265756996649299
0.7333879098842478
-3.108382074429583
-6.425144343527035
-8.477021634201073
-8.80060622346951
-7.324039617962093
-4.381415309072175
-0.6243515401035132
3.1412198059665313
6.146827876131846
7.831077913607434
7.945802835278419
6.5789690240485985
4.100064504374995
1.053301161112249
-1.967754109001453
-4.434027823645145
-5.964526917035301
-6.372672257228688
-5.675655054242792
-4.071257861361293
-1.8900211640074016
0.4673469400635693
2.5974223525280387
4.157417066900278
4.9166906504299375
4.790206597417491
3.8493882182420953
2.3074075971288828
0.4781555893513247
-1.2867169927107371
-2.670159454490049
-3.453323452598441
-3.5540678143954274
-3.031557388862686
-2.057707688467459
-0.8660832914603328
0.30469656297187636
1.2575743420780139
1.8660826375224715
2.0851673390506416
1.9458610719453628
1.5369043001140308
0.9780743745536478
0.3910998132924669
-0.1258562311686968
-0.5140919425886533
-0.7561674377202564
-0.8648219323022986
-0.8671532880545314
-0.7934947326446302
-0.6739109842325881
-0.5374175411999609
-0.4078160773905838
-0.29539456273097414
-0.18931764858463643
-0.05742139221034157
0.14183854833660106
0.4362858111974519
0.8141845252672302
1.208357221506482
1.5015030147316961
1.5569624068159211
1.2676289792191489
0.6048747455900074
-0.35245384948490205
-1.4206606579278858
-2.346458334204268
-2.867818546408412
-2.7866751411102926
-2.0343931695753454
-0.710197569673134
0.9221188200422253
2.4844241634508637
3.5740391740113537
3.872157938932775
3.2406021447343445
1.7766379318354837
-0.1942965711396115
-2.1914400049409757
-3.7013765083177477
-4.317390614869602
-3.8544988656864914
-2.4063501280599935
-0.32814654184026815
1.850615129350428
3.562691375718508
4.354744659113084
4.013333016966783
2.627844172156156
0.5683829034476535
-1.6175605568406872
-3.358696153753494
-4.216463601499224
-3.997574579171371
-2.791559219792718
-0.9285544312401856
1.1211664670957548
2.8704008088585877
3.927283271224028
4.07351207893066
3.2976795247054618
1.7846839878542409
-0.12930011886553922
-2.024999971576504
-3.4822425270828754
-4.166925160638238
-3.909062653460519
-2.753082441347661
-0.961393436973839
1.0391016244964493
2.761177319346545
3.7866847833622295
3.8827057451830522
3.0660640108900843
1.5930045546051204
-0.12323407373028565
-1.638452323377686
-2.604876456817534
-2.859969646523669
-2.451359587163498
-1.5944733478045308
-0.5825090391817958
0.3158185572488031
0.9330612959761835
1.2293585846250583
1.2664186885186375
1.1497239373959807
0.969838225914478
0.76830532382173
0.5376747530157253
0.24814330123254638
-0.11669225710351372
-0.5329927774925199
-0.9305107410652269
-1.2098272419201517
-1.2766672371659022
-1.0798930114251397
-0.6376679239105921
-0.04107407433120432
0.5668915692907973
1.0312939572818565
1.2327156302558488
1.1267268783442954
0.7606880346342269
0.26033674725725714
-0.21111972486932187
-0.509244661402897
-0.5609422935135433
-0.3927947314904964
-0.1214573201552385
0.09366076797219668
0.11920327361742795
-0.09013841514715545
-0.46505436749445267
-0.8439434090645669
-1.0352596300831423
-0.8942965049576542
-0.3843265806877146
0.40010367500966104
1.2545511866821242
1.9229623539877838
2.175652132321606
1.884461451007706
1.0715175251918578
-0.08642350449379779
-1.3031865461142924
-2.265889586641964
-2.7279395634194232
-2.5793906534718185
-1.8705012578768434
-0.7846145605634341
0.4237000091674052
1.5002504328824173
2.2493794998161087
2.564447666468596
2.4291250804750346
1.8984484136329853
1.072747569138469
0.07607190574755815
-0.9553723890739992
-1.877127950363028
-2.5399899982206615
-2.8020565814389338
-2.556355432078317
-1.7717432345370494
-0.5319077654225416
0.9488134572811476
2.349995896002626
3.314592995053474
3.549167498241181
2.92416774260414
1.5378783354299779
-0.2847050866814393
-2.0677424729264295
-3.319047403001684
-3.6831565990188286
-3.060336127505881
-1.6458998866252847
0.1281458934134404
1.7305513249251818
2.7001879011506396
2.7900733077108466
2.038959173309241
0.7486945190242978
-0.6228832682206334
-1.6159415786270042
-1.917403264711657
-1.4562143636158074
-0.41651717856733417
0.8317982348586378
1.858117187166236
2.30747728805607
2.0040727916916037
0.9939912841502837
-0.4768875023067526
-2.0342238234158456
-3.270885853750124
-3.8424764144942984
-3.544937262084001
-2.363905101015766
-0.48865819918178804
1.715443051561342
3.776208265634693
5.21401964203677
5.649579261252464
4.896007273079444
3.015946446758247
0.3305617214309898
-2.62650519421118
-5.209148591831113
-6.800123824702139
-6.966078847002394
-5.585711075107043
-2.909163726760119
0.47824432715149034
3.788080013135675
6.2266095029438375
7.204913134789587
6.500890462611632
4.324692180539017
1.2649034466708455
-1.8740568013609282
-4.299505436754982
-5.455372463515266
-5.17267408940063
-3.6957697655922583
-1.5777763716228224
0.5146248084069994
2.0166069846033134
2.6277491068733814
2.3718542788678985
1.543106267943286
0.5676646853644461
-0.16287215342516692
-0.4242794408080516
-0.21527663529424348
0.27389719520468925
0.7566017695333056
0.9667718653084194
0.7553698027574683
0.1369811895883135
-0.7224501657120311
-1.5656742728402435
-2.1282418410539217
-2.219527052689396
-1.7773658638859278
-0.8829229151190936
0.2642994142351963
1.4003658995088617
2.2634562669641496
2.6564425844485404
2.491721061171458
1.8091692385034792
0.7638466673622213
-0.41309423453903127
-1.4697845226640476
-2.190712138850416
-2.4421483554835532
-2.1968843500512962
-1.5335208995452623
-0.6113580624502765
0.370374226337427
1.2161558360112634
1.7705102040084
1.9422157535959126
1.7157531156535655
1.1513787282210104
0.3750780459248218
-0.4417737074984556
-1.1139479422427119
-1.4833884623604687
-1.4614797055084154
-1.0587935918868037
-0.38974643851815916
0.353056257877344
0.9504090188656587
1.220688330250666
1.0778969087137191
0.5649092469404423
-0.1516521712883756
-0.8284831988489517
-1.2238911733776598
-1.1828322701819864
-0.6979991894005103
0.07808672214908668
0.8783162389135577
1.4107393034273195
1.4634571938667817
0.9882665065198
0.13013890068204445
-0.8143094955300423
-1.499289196810196
-1.657467943425344
-1.205563510925
-0.28653462062039686
0.7725581116359812
1.5765124235292947
1.809894097410519
1.3602801692831814
0.3689553670982447
-0.8128006553981201
-1.7492308377959531
-2.081962515518355
-1.6660671829908065
-0.6275612809062574
0.6791907134916767
1.7972171414993292
2.3291073970844898
2.077864541667942
1.117323115180645
-0.2327202534077092
-1.5180187052661012
-2.3077723359405646
-2.341797914753108
-1.6152101278136946
-0.37411750324066956
0.9712852459878878
1.9839829256333197
2.342937739057114
1.9462538136000076
0.9412777739149285
-0.328379554426704
-1.4407144064005366
-2.0379664547824263
-1.9458345135589759
-1.2288523733154215
-0.16270900672966634
0.8672323219756698
1.5051301695347719
1.5507384628232272
1.0266591553772502
0.16360592034394889
-0.6900909764252102
-1.2009976704151282
-1.1746153907439083
-0.6245810199282673
0.2358804177101778
1.0739475877539264
1.5579428297956988
1.4750404924783145
0.8062326745198859
-0.2632379211118092
-1.3993334005896774
-2.22432772081099
-2.4397244063099492
-1.9261180432986211
-0.7854531662267702
0.6873081060665126
2.0907025229544445
3.031478428643494
3.2325413526445623
2.6057710117978004
1.2747053338993581
-0.45387069953224923
-2.160300766682956
-3.4100222996401226
-3.860451107906966
-3.3527547678140146
-1.9637880071045635
-0.0019478234495356214
2.05550273237569
3.6719445702988027
4.384379496692527
3.9305784939197745
2.340479678400884
-0.03637133826111063
-2.5882547567121454
-4.5854494148895695
-5.383799526232735
-4.63152586392077
-2.4095835077767602
0.7506284313829102
3.9902962933732713
6.359048281821102
7.0976875711479215
5.880901022224044
2.9382691114114605
-0.9922623773817589
-4.869011076842403
-7.646506286014307
-8.57576385782478
-7.410898808135669
-4.462329328305561
-0.4894110082909222
3.52471851503931
6.642074214600311
8.203461468938105
7.9668111628235705
6.123586931925065
3.20290302425245
-0.09691788674743022
-3.0933559391274312
-5.267969017578544
-6.344527687064435
-6.291629956669978
-5.2687456599656475
-3.5469366828674582
-1.43487249281071
0.7691686273459926
2.794732199831545
4.398437084984595
5.365739634501616
5.530534634486121
4.81368578758646
3.2668958582576653
1.0998454045371304
-1.3294684696731196
-3.569347526051783
-5.166187458453413
-5.77201861048814
-5.238441529713041
-3.6677197734385083
-1.4015647364314303
1.0542568072836813
3.152155585267017
4.440479611781083
4.679965419503336
3.9049804111235082
2.4077066125837843
0.6453663147482387
-0.9028094985761868
-1.8824356594227045
-2.164652016381314
-1.8653037882119252
-1.2761826379915975
-0.7352867641046567
-0.4872525896717152
-0.5887842134822018
-0.8950705111642884
-1.1305813002895058
-1.0150225795582608
-0.3942630564660351
0.6761587767597393
1.9292459746786526
2.968895880256258
3.4064772317875587
3.00220211827124
1.7614313311825465
-0.04765499380333659
-1.9626153523410572
-3.461354675829815
-4.12086592890546
-3.7492754621621147
-2.447787043954779
-0.5814197816765613
1.3325030710042207
2.7819380863814303
3.412290173773765
3.123439618690601
2.081958507381529
0.6504374160922458
-0.7362275888817752
-1.7049085326973337
-2.0477477245875226
-1.7661672925091212
-1.0463562798486425
-0.17965464251819716
0.5417092844362134
0.9169548664136786
0.8876416201466965
0.5353677646163706
0.03455495060749708
-0.4177514702578993
-0.6687771951572066
-0.65150095659293
-0.39067877062577183
0.02053999724067819
0.45696283536170296
0.7957163791957259
0.9417162501473083
0.84389163030367
0.504506164757537
-0.01710679131611165
-0.6083850958550265
-1.118910894654021
-1.3899208754330783
-1.2966056576041058
-0.7958178088137235
0.03588323029578133
0.9946308154526807
1.7887512889256683
2.1242825279582784
1.8123981094330999
0.8589284035465649
-0.5047763529524896
-1.873110971733845
-2.79112015367185
-2.9123028106885847
-2.131182169429532
-0.6372671710791168
1.1355655210270206
2.648940675556326
3.437663483113519
3.260732170301055
2.174674670640198
0.5079874203897604
-1.2505875420595678
-2.6085968438770837
-3.2169239503561498
-2.961639029454331
-1.9783093775730327
-0.592202985684477
0.7913648841462825
1.8101061135071583
2.244105668889862
2.064245684443613
1.4190492742402805
0.5683582820511346
-0.2111669587768179
-0.7161646003626576
-0.8736562908349277
-0.7484220125605597
-0.5001454070856455
-0.3070796078787505
-0.28552870911226264
-0.4364196309742652
-0.641341328081926
-0.7137725019708486
-0.489373701576439
0.08151861731494367
0.882832718135915
1.6517910025826221
2.0675466780570018
1.879870543811159
1.0290120519114958
-0.29514310375527725
-1.6888612071548355
-2.6641010512578642
-2.829868635858737
-2.0561279120509393
-0.5514678854230771
1.1853668919468359
2.5329187407715374
2.977081164366877
2.316379500150116
0.7585281377556323
-1.1366297992828467
-2.653558029300219
-3.186947246582943
-2.476927124189905
-0.7215879330205626
1.479656421390723
3.3337802412100674
4.138098765423413
3.5375837985057044
1.6618759416748679
-0.908975812417514
-3.339622089412127
-4.826134859264267
-4.870955603916074
-3.4481510883308095
-1.00396586918652
1.701274333793504
3.849132989245442
4.826655581570807
4.410593424633357
2.816364059945777
0.602612367374507
-1.5299370715473708
-2.9729901701283046
-3.398234127573889
-2.837315540537888
-1.6331583029761334
-0.2873931719344507
0.7347230765297595
1.1672588146251763
1.0158254694568383
0.5189953184682211
0.023326460701179445
-0.17169956650118634
0.06447538008670622
0.6493398693036903
1.3308743661092175
1.7944433112509364
1.7874745277941035
1.2139427726004146
0.16643184347991288
-1.1089772385183605
-2.2940975634665133
-3.0933037958064435
-3.3104445177274613
-2.8875483649997964
-1.900218198190818
-0.5208626696720695
1.0283540799734083
2.511945767919879
3.6991642208234663
4.373200379545105
4.350310878341137
3.5213573832360856
1.9094981013213783
-0.2814746049660176
-2.6614106714046444
-4.714005571973829
-5.9198981857297435
-5.90883406991284
-4.589046616809181
-2.204874461025355
0.7056531312370018
3.448773621217389
5.3686903784280435
6.034359256525546
5.357116748148534
3.5999169745004416
1.2766321636777935
-1.019665392155323
-2.7943397532177605
-3.772211872982353
-3.928427264701429
-3.433693457249414
-2.548978395975593
-1.5182906101310216
-0.5006527700616772
0.4408571469875265
1.3010812667789713
2.072289196695157
2.6945190792316076
3.0437613658299396
2.9675413134341673
2.3553055488621633
1.212749562670343
-0.2966244115078454
-1.867930640831889
-3.1300867200240345
-3.7555478541338734
-3.5657391051210903
-2.5937066293675572
-1.0805225213822371
0.5941029846784314
2.023555584074779
2.890980646896547
3.0525225532275186
2.5616374373410307
1.6309892427812243
0.5500145531463149
-0.41071933175204667
-1.0754797227384332
-1.395803215323642
-1.4330995885730986
-1.3051273367749425
-1.1229913585288347
-0.9451371680491193
-0.7639352937610904
-0.5254894877658669
-0.1701293072428084
0.32506693318574204
0.9177600611035578
1.4955182125503075
1.8986478572206396
1.9679844526826336
1.605689759994934
0.8279386729837572
-0.21578117562064236
-1.2739326405428122
-2.0691365565437176
-2.3894502054378974
-2.157385796714308
-1.4512958487777325
-0.4742605052172831
0.5150695921810436
1.2828608872083629
1.683450188645531
1.6868643981018314
1.366954958995841
0.8604030518217981
0.31470910227881904
-0.1556493243654118
-0.49128207520162376
-0.6850292903332987
-0.7616700744691762
-0.7536774879555622
-0.6851726085609167
-0.568532958841666
-0.41000468421555475
-0.21763339141231378
-0.006271014693543818
0.20254314738016277
0.38509341350586945
0.5221658775425939
0.6050500756685347
0.637027560152616
0.627251628884901
0.5785067892069033
0.47609901842072866
0.28738511309682213
-0.02256912087953267
-0.4629418881730124
-0.9892257005322556
-1.4905375895567405
-1.8033130661267704
-1.754280994380818
-1.2245574435672881
-0.21530221267410735
1.11161716970318
2.4425807825376635
3.3820932948537368
3.5715375177077284
2.819834457390859
1.1965917948078177
-0.9522979767822759
-3.079768682161061
-4.585531728915123
-4.994800446438664
-4.113750345446565
-2.1107541623151818
0.5089797863873953
3.0367187183452913
4.766852551127856
5.213735388698809
4.267182213668623
2.232012217707541
-0.26566697859134225
-2.477664468196465
-3.7735933497587437
-3.840871880945422
-2.776145878860673
-1.036430513664172
0.7318639795294346
1.9238640945594911
2.1839471595475763
1.516714945829179
0.2643328443598762
-1.035947541014351
-1.8557193239688956
-1.8640263478348946
-1.0365736592303003
0.34597728633732067
1.803343383846757
2.823736285966601
3.036593844265815
2.3341015048537637
0.9034674892436608
-0.8388434631930295
-2.386240620425884
-3.3053077459330398
-3.3678662045545162
-2.6091873477796295
-1.2968845279244587
0.17288325051495287
1.4105443760718206
2.1505062321806783
2.312985222534923
1.9960139831796762
1.40886594043364
0.7774246142180339
0.25973161414748785
-0.09655157581601269
-0.34188677462117484
-0.5693085385994027
-0.8460489505706035
-1.1662694760376215
-1.445637446876484
-1.5572979120166823
-1.3905993642048589
-0.9059016444831336
-0.16270711062113932
0.6891150027989895
1.4507254652977484
1.9334410043702415
2.0160035624812425
1.681365077858749
1.020905652570467
0.20473949090045346
-0.5718466968520495
-1.1472366643558431
-1.4363488230792554
-1.441860037120012
-1.2313527625454461
-0.8938893690649812
-0.4998962479841559
-0.085127340204553
0.3365172241147743
0.7439603440497231
1.0843541551303049
1.2708267192325957
1.2096966248005974
0.8483097748770296
0.22076821028665
-0.534010548621005
-1.1975484951319109
-1.5384642705617952
-1.399611089099673
-0.7715519696917973
0.181297585310375
1.159003702465032
1.8204317764222564
1.9020097981736643
1.318389327339144
0.2072796797469613
-1.1008165500998863
-2.181850472849887
-2.6562024322845574
-2.3200585817355006
-1.2245912059710418
0.3274104448053302
1.8711443150321607
2.928407860139412
3.164236657526647
2.4959561549895963
1.116915617391939
-0.5700658099092216
-2.0814931835954527
-2.998083707897353
-3.0815404123128785
-2.33345002103303
-0.9850249897178335
0.5747930127175507
1.9105338176659303
2.6611016712843254
2.639562416683903
1.884377055466672
0.6451079654406826
-0.6959508216026884
-1.7432740742439308
-2.209765143104643
-1.9993921452283607
-1.2241063224176572
-0.15338845944639593
0.8809296298668778
1.5882636400401833
1.796997880898769
1.4870318323172371
0.7764487315312701
-0.12465356856661555
-0.9742737173887375
-1.5557435428698467
-1.7225789383805352
-1.427817550326929
-0.7359169894747117
0.18640422862665704
1.1033513913390718
1.7650697132872246
1.9743877070117852
1.6477496736692856
0.8495223391375931
-0.21639050337298035
-1.2599268158064338
-1.9881257524529263
-2.191331518415224
-1.8048208233284928
-0.9275991680646917
0.20566053351106525
1.289507559619848
2.0303421462521363
2.225426831217187
1.818841190689567
0.9192970317966835
-0.2267937331939767
-1.3015614960978912
-2.0044499688981046
-2.138962449734555
-1.6707901796633189
-0.7381294183431676
0.3890924076444868
1.3879635478979144
1.9758672091923788
1.9915257656336975
1.440428730657241
0.49117709911236945
-0.5764362371525319
-1.45601635475934
-1.9055130397124151
-1.8158365029665209
-1.2363973261924484
-0.35213787317178313
0.5778786802360814
1.3000484393129255
1.6394071712266676
1.5437535208796682
1.0858905703689676
0.42683855211135086
-0.24304117283854676
-0.762681728393221
-1.0406193702579407
-1.0679148027810084
-0.9037388885954776
-0.6413374432952534
-0.3675253245243448
-0.1308071258055437
0.0695206352232345
0.2689639352850241
0.504978191077335
0.781605292169471
1.0495776424342773
1.2131743583736732
1.1627302135251836
0.8203271174266411
0.1813057626733582
-0.6636078726219262
-1.5346117454267725
-2.199368738797
-2.433640619852184
-2.0913236328506426
-1.1628464763518604
0.1990130184855028
1.6984502108864181
2.9599437060371674
3.6215138893213075
3.435567587064728
2.351145167329667
0.5526424446606938
-1.561798679801896
-3.4644974812886353
-4.6295910800599955
-4.67998120411288
-3.5091139220337686
-1.3387255027810285
1.312297136010529
3.749536855442915
5.289373413512963
5.459688457352259
4.1530288585937685
1.679867815522615
-1.3015011277748898
-3.9636291371920307
-5.546857082238389
-5.583866892752452
-4.0435212512810335
-1.3491222147731208
1.7372559902978988
4.333029474172104
5.69271523273941
5.427516707398135
3.6189475274808967
0.7906374271470034
-2.2520389794249915
-4.66209685263958
-5.794269755308866
-5.377486410733335
-3.5697280223435226
-0.8891499922819364
1.9474360038855556
4.225829538780405
5.418099842838381
5.301576117561384
3.987787762511432
1.863031147753968
-0.5335135137680235
-2.6544866045018933
-4.072262377604375
-4.560812050154241
-4.118059604278484
-2.933073763908277
-1.3167022741408492
0.3806577193913494
1.8440650545071877
2.8486187678991675
3.2864960031940083
3.1647953868299354
2.5790255857843833
1.6733648725566135
0.6021422302499112
-0.4946079069170539
-1.4964381454657767
-2.2948140922951876
-2.7859376889281027
-2.8761472555150247
-2.503866136950784
-1.671757852105622
-0.4749872713192393
0.8902788666951866
2.149988485348289
3.0102064013837166
3.2396606605975253
2.7508985294719936
1.646462378442238
0.2050013706451819
-1.195731182475295
-2.1962729733971806
-2.5710552016974835
-2.29668794008704
-1.5454134112732516
-0.6080393460117005
0.22002704095931425
0.7423514167057557
0.9145036490365324
0.8309044285815219
0.6588883585782055
0.5524422058729195
0.5818735937146507
0.7069421792723735
0.80281056369713
0.7253580490742693
0.3852873458016911
-0.2016861553723999
-0.9086917236135953
-1.5365890248357321
-1.8819733692311453
-1.8088618743311942
-1.2980791253617476
-0.45675525537506306
0.5146088696156964
1.3841347913799098
1.9563551758609883
2.1226051804525823
1.8796394118499682
1.3145466794602372
0.5654417947702004
-0.2245485451965584
-0.9409306099094319
-1.5080534841382478
-1.87886355315094
-2.017789660572692
-1.8915229233704354
-1.4757629173354108
-0.7761064093205308
0.14760676243975784
1.16810529550132
2.0999339991166206
2.7337063295324384
2.888372538143035
2.4670644219726885
1.4986157997292817
0.14926915060000456
-1.3036848983422211
-2.5349000361462584
-3.256948371656619
-3.3034711227967417
-2.6796795976288355
-1.5594256990067674
-0.227225821710278
1.0145414317714647
1.9382191936787254
2.447899762201298
2.5796400548895746
2.446539293089491
2.1550657683560988
1.735365969566563
1.1251588958083059
0.22170723482472027
-1.0196199805417787
-2.490246954025777
-3.8923384374761127
-4.794461240886333
-4.770307424626487
-3.572617122767245
-1.274207677483973
1.686362508860487
4.586852018958545
6.6182371324995986
7.138319966262132
5.89557263373716
3.1398208988813407
-0.42709939921977685
-3.851821190005857
-6.217968709288068
-6.926776780601969
-5.875517574950896
-3.474060622014115
-0.4946214772645621
2.191563283646322
3.895142438853482
4.306999368733129
3.5501116292772896
2.08070525047768
0.4902011095760491
-0.7108430865820283
-1.2490414812117152
-1.1379913931172352
-0.6195508722189372
-0.034186072208005285
0.32254998902776966
0.3046773125108173
-0.04979389355414857
-0.5582184996238336
-0.9841137473887032
-1.139903939882047
-0.9601452623340248
-0.5184677936401603
0.013852127741823072
0.4458502121656168
0.6465154049062042
0.5940933031013608
0.3779152378425824
0.15447651879255253
0.07612318702502834
0.22111093129707834
0.5542607570402883
0.9355551268346239
1.1735536568064429
1.102048216099478
0.6502834726253722
-0.12010655014847194
-1.0267485330794457
-1.8240216430447616
-2.2847747479316953
-2.2741468295028304
-1.7876598131381494
-0.9424764340338209
0.06924819741292657
1.0419434353950379
1.8083926576840301
2.2671555956126275
2.3844390440192993
2.1777318018072287
1.6925935128789071
0.9851661995012561
0.1186742192112611
-0.8276668479993089
-1.747776055524634
-2.507745678249985
-2.96104760206598
-2.9782541639617994
-2.4833155219856056
-1.4859388907311668
-0.10071956259408206
1.454417898352893
2.8859207433438976
3.879196227183602
4.172235004195622
3.630494071331054
2.2995874595119288
0.41592441415920167
-1.6330603096220766
-3.393506628161193
-4.455829600409369
-4.562931721200766
-3.684317994334845
-2.030642623221096
0.00020298628684317632
1.930626597760948
3.330260626919156
3.9233021011321427
3.6471898416878537
2.650926193917657
1.2381610615988792
-0.22711111296585074
-1.424211949135637
-2.1558852291158517
-2.379835000184678
-2.186101402409228
-1.7346940060432143
-1.18060823509546
-0.6166891322785026
-0.05770090161908257
0.5284034204845076
1.1590106793567416
1.7800981265414813
2.249452118883611
2.374937695250454
1.9943366053429121
1.062742621444785
-0.29107111163984906
-1.7675648852853374
-2.9660667407458368
-3.5038824938265476
-3.147648859043853
-1.9113924406976617
-0.08223051376957377
1.8444303851482067
3.3077189550375796
3.859341653323333
3.316185269059129
1.8309289065070706
-0.14824017497992836
-2.0173197087367933
-3.2093514033606643
-3.377288480201303
-2.50627523782434
-0.9158701183776023
0.8506081559065781
2.2120793340160465
2.745723619080638
2.3235844261179404
1.1425607001561648
-0.3585534943520747
-1.6594082345489285
-2.3351348073272744
-2.1894844275063807
-1.3047271168206422
0.0006240712278570994
1.2865757438998207
2.1387075534767774
2.2997284264646614
1.745031770993687
0.680427878193853
-0.5352777406083116
-1.5157016912358898
-1.9762876022893205
-1.8220917575589668
-1.1646560289733185
-0.26678328150023956
0.5594039268360784
1.0621376211167064
1.129928091245465
0.8169465629251855
0.3086881110228445
-0.1564408888635631
-0.38012691947780225
-0.28003222304281
0.07660392689665253
0.4954828904575616
0.7313842077126942
0.5945491104021051
0.046182508909492645
-0.7605138001598605
-1.5184229850738937
-1.875827868707804
-1.5791825481247124
-0.5959180072607955
0.8340958385359247
2.249250790100144
3.113297992312017
3.01262804429471
1.8316783709998121
-0.16438011168243075
-2.3814118577181045
-4.076150369228128
-4.607981198556311
-3.675448066566636
-1.4504103584550303
1.4450497604443562
4.120008112135466
5.698773888913298
5.613303135637252
3.8036720132955053
0.7565732608469407
-2.6340790075723954
-5.342513352980913
-6.535317486690857
-5.838205534783746
-3.456033834305043
-0.10619447187635449
3.2115845815236916
5.5320824379004225
6.223352809558051
5.1696552963198785
2.7810176633656947
-0.16705288982178465
-2.8010445059520817
-4.427510625927089
-4.727494871314522
-3.8086682879331404
-2.1117558189655736
-0.22073526374591193
1.3442359579853316
2.275509717562441
2.524513727983724
2.247864838368431
1.6927742889525978
1.0778206395320724
0.5182627344886587
0.020262582456819632
-0.4653815657726521
-0.9671004434380911
-1.4385427316550166
-1.7562149956207294
-1.7704709444504083
-1.3845206787748028
-0.6220204781968285
0.351461367356157
1.2671845709322072
1.839971688972025
1.871045901581539
1.328883449030921
0.3764930160182726
-0.6699789649034203
-1.4427539253609554
-1.651694466577288
-1.195174899545936
-0.2096159064446968
0.9645959439141455
1.8927407092564474
2.195404424961748
1.6879154114315287
0.46090039217590095
-1.1301638138583172
-2.5699479288626565
-3.352312944634828
-3.156334803314819
-1.966513386080652
-0.09242526886236271
1.9225464133097052
3.474195449690471
4.092091551371481
3.5879847210498608
2.1099111837287277
0.08960018325997406
-1.8946885837565977
-3.2945952585383953
-3.7525139147912614
-3.1976810760241805
-1.8504955584362184
-0.1398770487066846
1.434794870608158
2.4530563637872635
2.69007204827183
2.1674751405231847
1.1263652306264857
-0.06414084220157833
-1.0300870026775484
-1.5071523043074577
-1.4116093485608268
-0.8500792513191268
-0.07081098001028498
0.6250317773809981
0.9839829580891862
0.8815078860170334
0.3580675064344752
-0.4007110755511007
-1.129428596386837
-1.567346972305997
-1.53453380142269
-0.9826025889256769
-0.011748801265523487
1.1486668830682354
2.1923313830262097
2.811078336420129
2.7775731292586125
2.015227023990211
0.6346075149688691
-1.0769715048932365
-2.714359651441471
-3.8514521415839806
-4.1539606251140055
-3.478002587702752
-1.9243926228976718
0.1714610535584985
2.316319250525855
3.9845831782263166
4.7580915996865984
4.43941922840461
3.1051421062772104
1.0840758194216489
-1.1317628643610826
-3.0164270048166473
-4.142866280179617
-4.2847033804065875
-3.4632436397803863
-1.9308802048556466
-0.09702884116158818
1.5836359391937507
2.7298769124209046
3.1256133067471237
2.760075258829412
1.809964410233041
0.5753699734645987
-0.607119117566057
-1.4483004319122257
-1.768326044601805
-1.5294686256762156
-0.8403868783609328
0.06763183839535536
0.8941340024779185
1.3489962667048878
1.2417531372588888
0.5535857544423279
-0.5365721043537032
-1.6887671419277084
-2.497324564324821
-2.6185631491434838
-1.890856051361017
-0.40628774637461723
1.4927542150156594
3.295048922685039
4.459398604424156
4.573032247968741
3.483990129066113
1.36653743508644
-1.3040110668871627
-3.865606378471827
-5.645271177110476
-6.147275995381848
-5.196053999936169
-2.988645160487117
-0.04203477895321861
2.945268523224812
5.274353554786428
6.418044518608275
6.139501912916274
4.532974211227619
1.986075289759299
-0.9199578714679856
-3.5461965136546856
-5.337505217381816
-5.939495017778635
-5.268069592299854
-3.5193445420817717
-1.118375129119402
1.3832535728005388
3.4378733140704827
4.628052989465608
4.757265244875783
3.8830659317724825
2.286044671545218
0.3849068341565901
-1.377508408935003
-2.6447651851845264
-3.2225702202183935
-3.1002470737448067
-2.418693446657682
-1.4044851387221753
-0.29821100324204664
0.6991290184648257
1.4509695704976533
1.8849776218435867
1.979856405495699
1.751679980716166
1.2474817025386344
0.5465260699543865
-0.2373859599532345
-0.9622956659268983
-1.479580378149458
-1.6693128029667528
-1.4796544910546212
-0.953603629085102
-0.22650708755301197
0.5105143984532112
1.0687537588595812
1.319067458337365
1.227045287151921
0.855148711532931
0.3342050542313996
-0.18247485299809252
-0.5662799812796889
-0.7487230686291163
-0.7351250462428234
-0.5908066713344088
-0.40405356523416486
-0.24275217093836268
-0.12636891802370404
-0.02655925592076115
0.1059416559641153
0.3034843232842302
0.5522317416250808
0.7852008660427147
0.9003844553042906
0.7979039428206655
0.4252657876258629
-0.18430348845828276
-0.8976208653492642
-1.503912056371987
-1.7738890943870183
-1.5398984666446773
-0.76957169632734
0.3960702482510217
1.6591727498981457
2.6383941050314994
2.981968774950464
2.486922327202557
1.1839304763662741
-0.6448004622212007
-2.5266367293888186
-3.925619866582318
-4.400500907799326
-3.7447125290286087
-2.0607669338477987
0.2579189524785106
2.6329773753986654
4.46077593074563
5.275912167594836
4.870879873453043
3.3418453846825864
1.0542921119218183
-1.456413980165185
-3.620013036666645
-4.965990457269892
-5.225031763338728
-4.376990619806106
-2.6413913906474145
-0.418827288548444
1.8016193082163658
3.549694514058784
4.47471793138192
4.4194965677398725
3.4511392852831286
1.8396252595147657
-0.013386440883252623
-1.6783838663482054
-2.806174914444293
-3.210195402725482
-2.9002673796341174
-2.0594553554460773
-0.9734093289795418
0.06303650591986724
0.8305197724576412
1.2344384909088622
1.3066166372436256
1.1646307905548667
0.9482882344266028
0.7596878129152803
0.6302423173508759
0.5249586915426828
0.3769780164208807
0.13272480443368553
-0.21402656423634508
-0.6128374143962412
-0.9734409655420994
-1.199242752135559
-1.222132703408776
-1.0249807934583055
-0.6456388664949483
-0.16374928729974794
0.3234157569444284
0.7271448479900883
0.9868804285976415
1.0781429792260362
1.0090223383758263
0.8102678967187107
0.5249553362366604
0.2001686071752173
-0.12009439369070414
-0.4008699372240105
-0.6190185984522013
-0.7614131108957709
-0.8202439762872296
-0.7895216087949091
-0.6660604555705412
-0.45500567517637186
-0.1763559594862417
0.13278578995142998
0.42366327684514893
0.6481178987110711
0.772765382089451
0.788418167281918
0.7095757906885438
0.5638567780075692
0.37709655868129244
0.16240357223191476
-0.08068078730654749
-0.3558524423709444
-0.6531500214477284
-0.9346590893243566
-1.1327439108761372
-1.16542781528685
-0.9649642275716311
-0.5096884649883426
0.15212117453350632
0.8963369525215058
1.5417867868755775
1.894353797573175
1.8077975349071642
1.2432979646888371
0.30441704670651226
-0.7727340537085402
-1.6804788190325728
-2.1369730504865596
-1.9870007930276476
-1.2668695903655296
-0.20334556835828865
0.8595785124749261
1.5816293593318662
1.747978633536016
1.3429743664278575
0.5474748408461837
-0.33592366021204284
-0.9969955878325062
-1.2268002693855957
-0.9830707148479052
-0.39241176788828563
0.3065091677121167
0.8543627539418721
1.0629201317119983
0.8752743217719883
0.37575231409490856
-0.24973174179377194
-0.784647080823829
-1.0574116177468826
-0.9960279111465343
-0.6448068290953385
-0.13980817041836574
0.3456898959230699
0.664340929975219
0.7434978491865432
0.6033145979964597
0.33998884082491576
0.08258447826498898
-0.059667400979610354
-0.04058330908045799
0.10464081432997818
0.27328767595046277
0.33717766287953344
0.19807983340260477
-0.1640819717781245
-0.6697435859955381
-1.1567513900845248
-1.4335193128690051
-1.3500923543021222
-0.8603456652783327
-0.050557494620373546
0.8794302208601398
1.678083650218979
2.123832040732717
2.0950348532119034
1.6035619689509197
0.7828907434402942
-0.16151264671227478
-1.0187899921269232
-1.6311564997922536
-1.9249809325885867
-1.9077173261664917
-1.6380504917259764
-1.1877405312615477
-0.6157577828141264
0.03461209111867751
0.7202196691111722
1.3781705290923039
1.9161772408330593
2.2221650943526763
2.1929809993983906
1.772235525598492
0.9822468890632795
-0.06327516946568104
-1.1734043717180813
-2.1205442285040714
-2.6973449241035796
-2.77229141561262
-2.3248769880737257
-1.4485845407192643
-0.3228585777084744
0.833740550334753
1.8130753347466118
2.4561497836320973
2.674106676816539
2.4519545390982556
1.8401325256464625
0.9402283871362194
-0.1103341024661157
-1.1533952272298125
-2.0262905429060214
-2.5797217342020864
-2.6970898707996147
-2.317158141672628
-1.46084014526346
-0.25422513216853615
1.0692556727162075
2.2036018635879864
2.844348459101634
2.7844320046507622
1.9981868565384757
0.6769038130135308
-0.8070197306004637
-2.004829785257567
-2.535427307506441
-2.2207747996138476
-1.1622686482868136
0.2766449999239262
1.5845506945753922
2.2781875730046552
2.0789444023316497
1.0242834534865881
-0.5303508348056575
-2.025861308428516
-2.8945621572182163
-2.7680077929123597
-1.6209668799826455
0.2043872553122052
2.1077845289905195
3.438460572508887
3.7269142741439065
2.8546175940188387
1.097905448058127
-0.970084576067357
-2.682452939546957
-3.5113653966904215
-3.2462497091246
-2.05474658202373
-0.40713194378024264
1.1053959721743323
1.9895662387304147
2.0243726655637433
1.3273065007009883
0.2902541681371695
-0.5878076128671603
-0.9051781755355641
-0.5193308706285543
0.3958825156934329
1.419036377666022
2.0484973511769136
1.903611123278817
0.8837227017587663
-0.7741155528880453
-2.5612476003552533
-3.865586769000776
-4.183119346834641
-3.298399060644867
-1.3711757715631578
1.1005774412471678
3.429065758967494
4.947919565231967
5.217608007433215
4.1587560783261255
2.0717500300986966
-0.4611713468227844
-2.757318697724549
-4.238211976336277
-4.591527938593686
-3.8410889221538316
-2.307898235636862
-0.4824846452865669
1.1413222736980442
2.211509150303948
2.5966671170791336
2.382260755668312
1.7978984686082962
1.1096755516017807
0.5193821487107149
0.10644437044834174
-0.17096575529138958
-0.4247638430788387
-0.7622655365551148
-1.2176719826749056
-1.7143726809668502
-2.074217830441856
-2.076508951055055
-1.5510758630037247
-0.4719972143466401
0.9890405834339053
2.480279865957359
3.562588533100129
3.850948205714446
3.1558061506939166
1.5704347861028778
-0.5327707382205362
-2.6016365555748964
-4.069132000930544
-4.529503014592324
-3.865348149290504
-2.281403403717876
-0.23424680553510382
1.7157167627469434
3.0780080812450525
3.5733924258413388
3.1978414145163407
2.1925023673505812
0.9371149860113179
-0.1896235542102016
-0.9318025795533954
-1.2206468323603252
-1.1649368476301847
-0.977222046840597
-0.8677886038334477
-0.9493090542492005
-1.1894786787343568
-1.4280289291323125
-1.4481276596282846
-1.0726477804430574
-0.24895108087871262
0.9091745173615695
2.138851916067723
3.100025374770869
3.478338601506081
3.0862017204367485
1.9309100293051606
0.22867966820776045
-1.6410073521342199
-3.2294609571304935
-4.136505151256775
-4.120118849228801
-3.167006121421073
-1.5024975262943108
0.4649857283819624
2.2504426165498868
3.420376116087533
3.70738821637384
3.0809538373662475
1.7556285732312131
0.13236529486296925
-1.3148158125042484
-2.1778584231963642
-2.2397733324662497
-1.5461411706217416
-0.3953138469947872
0.7567788371623392
1.4517974880437794
1.3943819423704615
0.5690844767217119
-0.737901661804509
-2.027893716881643
-2.7646874210326855
-2.5743797084882365
-1.3945701061699585
0.4852832748132388
2.5085510695439157
4.03101604997493
4.532803949214062
3.7908651661812356
1.9555277794809653
-0.4917400838704462
-2.8828987397134918
-4.5625476030417795
-5.079833878077829
-4.315606663958707
-2.508025747847844
-0.17138279189857633
2.063664929095028
3.636137646581483
4.208602960282167
3.743623884728488
2.4841400782273
0.850586219260027
-0.7050479945661483
-1.834560781595381
-2.3725571887076318
-2.340877036810535
-1.8931503611025389
-1.2341742065182262
-0.54809038868653
0.044297841892452616
0.4942439552556723
0.8068329899722101
1.009286319789079
1.120862077420614
1.1371734610066495
1.0347909146311676
0.7914666968635723
0.4095952484651164
-0.06932498745570266
-0.5658686999439415
-0.9802232315969116
-1.221206296428691
-1.2358940459647978
-1.026805802423817
-0.6492651967347409
-0.19136666070715028
0.25418758144461884
0.6155939202254153
0.8561277637199555
0.9729193808115174
0.9826736451766761
0.9024474514950843
0.7355324904106096
0.4701389630852527
0.09339981842656007
-0.38405768188434936
-0.9053206834951696
-1.3616464661169907
-1.6140963969511535
-1.5396111806255888
-1.0857933032999858
-0.3115058064731938
0.6084685203699314
1.4255526065650999
1.8972633234781928
1.8756803215779905
1.3673616304975809
0.5374355902727328
-0.3462250797959445
-1.00760411330666
-1.259862970347625
-1.069996655958754
-0.5677939496801497
0.005263083909532441
0.3902146720012611
0.41353307728963845
0.059081065776535595
-0.519898573788503
-1.0551378642544142
-1.2648615690812328
-0.9651500314980663
-0.15006729132063623
0.9888224389176764
2.111088942228843
2.8294384932549783
2.834741107456636
2.0065040023447387
0.4729833096953848
-1.4025714377289198
-3.1118173694354523
-4.145268308926531
-4.148939343611048
-3.0454414837257677
-1.0783974916988313
1.241609419757598
3.2811040061548287
4.475320327234865
4.5032085036542115
3.3853683367409113
1.4715897236256004
-0.6769649832135263
-2.469747739293925
-3.4695912891057867
-3.5137677337739537
-2.7352994267355646
-1.483890746432235
-0.18194486463602003
0.8266333327160361
1.3780176539182978
1.5074340976008673
1.3876076857311461
1.2200787550107577
1.129394400549152
1.1066188387079323
1.0258148308391244
0.723548919779696
0.10204829916783167
-0.7939351793880371
-1.7639444268296987
-2.5113815664834895
-2.753122510499744
-2.3344425405763203
-1.3016565663546018
0.09852095981623285
1.4952752334803454
2.517644897526924
2.917931020854679
2.6468364244532405
1.8542844557894114
0.8206804558718748
-0.15141804505279044
-0.8431921555214529
-1.1838960222150499
-1.2517987065104337
-1.215336977602089
-1.240776238312189
-1.4044405509360793
-1.64555465934943
-1.780767425312506
-1.5784646800479267
-0.8676528093229292
0.36066685921020436
1.9049553064056348
3.385808495313461
4.354891819617133
4.442418668137112
3.4896740610666184
1.6190795934371147
-0.7825610573946807
-3.1618977722708723
-4.946815440346126
-5.699420288982123
-5.230250672597083
-3.6441414608754403
-1.3093770138322596
1.2387135262209101
3.433483510684499
4.816080361486843
5.1411429191200195
4.422010103277178
2.906284024516311
0.9931055511221425
-0.8806890351352195
-2.351549135134133
-3.205821368745619
-3.402716807017772
-3.0443787066022012
-2.3125537937937115
-1.3995536927300907
-0.45767596049205955
0.41963085688239604
1.185520435481827
1.8097000419114704
2.25012124859604
2.4429354442025444
2.3169419366942132
1.8270018487964828
0.9924137318452515
-0.07763655887819154
-1.1877275180422915
-2.0962111035186117
-2.5839051557858155
-2.5281563256364015
-1.9510118509854435
-1.0177583681289353
0.01637112052018729
0.8905314869578719
1.4208577817347194
1.5510544692810138
1.3542989891810904
0.9884230644631743
0.6239743493210225
0.3751775339171932
0.2614630513407611
0.21288130198176125
0.11446793992301525
-0.12998600119722464
-0.541600771381618
-1.041871411996956
-1.4719703560482749
-1.6500767016988769
-1.444840857638899
-0.8360810152929758
0.061603272831439314
1.0235594667457528
1.782155898074166
2.113652957230702
1.9136780753045088
1.2340328756624988
0.26791480833715176
-0.7106518938248073
-1.4313864187543845
-1.7079645121421159
-1.4901823628622417
-0.8750147600817726
-0.07441862384808037
0.6515293457666419
1.0768124221563853
1.0808959614049773
0.6853478614030464
0.043131196728491784
-0.6151014314045903
-1.0584898554606768
-1.1309002763944345
-0.799080364338538
-0.15956523774698836
0.5960243536600807
1.243704918062823
1.5952515048782872
1.5493248020933852
1.1125439127112213
0.38914131062690555
-0.45345567528229536
-1.2300488070954942
-1.779501525570961
-1.9931162141926866
-1.8274599951410135
-1.3051211591316638
-0.5083117926055792
0.43207640085632865
1.3527040892976234
2.0804199845705504
2.4598188345527343
2.3825954653191537
1.8155994190952836
0.8226265248070527
-0.42910772337060965
-1.68770892207143
-2.6642746481507706
-3.102600243073108
-2.853608529349952
-1.9306908938043836
-0.5236844724432589
1.0391780627993525
2.374261240681964
3.146959003319678
3.165252786285962
2.432612887030513
1.1443125828778238
-0.36925084934891955
-1.7323537446223327
-2.620141993406163
-2.837018438154184
-2.3603867039737154
-1.3411699659101965
-0.061041287281842944
1.1440396858834407
1.974404153624773
2.2453632531798675
1.930402939116983
1.1574149423841384
0.16220832573526597
-0.7840450407369447
-1.4502117938858476
-1.700869764706411
-1.5182989268925169
-0.9896694624958807
-0.2691403978367485
0.46971781614029556
1.075240550164003
1.4413417579495913
1.5115502171528679
1.2721325873660867
0.7477049168978054
0.00676624923234471
-0.8279882577396962
-1.579744911294127
-2.043238922712394
-2.0393752857093657
-1.4843264225631807
-0.44530305940065057
0.8461028868489481
2.039707197311256
2.7656464520974477
2.7566194803730557
1.9501836506891834
0.5307699533083907
-1.110149738410851
-2.488392091152575
-3.180181333127746
-2.96217953498831
-1.8891618184304915
-0.28105329121370076
1.3775283038200656
2.592494481527336
3.0189190708251687
2.5688042744663275
1.4298847341390142
-0.010078745226634798
-1.3033231252527906
-2.0929670835952483
-2.2194505402117204
-1.747418170830309
-0.9119600364133142
-0.014812847172922356
0.6845532912188662
1.0443459075475352
1.0626339482804703
0.8478205710094785
0.5556328368259839
0.31927096766121327
0.19857787464918347
0.16572415676780802
0.1311338967296062
-0.002495646577808681
-0.2820060127761555
-0.6674721389067795
-1.035653490762656
-1.2251254093205692
-1.1060161048511281
-0.6439090630105975
0.07205725388502786
0.8516617078460688
1.4683193888036303
1.7383976018584089
1.582429661226937
1.0459236683814523
0.27600117416284864
-0.5319786822154166
-1.1940496023263218
-1.581985786199653
-1.6414787409185545
-1.3865609852357343
-0.8825271056413514
-0.22933112763955857
0.45188004020192685
1.0342134559321348
1.4066192321315933
1.498909121035236
1.3013987154699322
0.8697177722784696
0.31043725754195844
-0.24907834607073567
-0.6964923917063389
-0.9635496829312713
-1.0389332827287179
-0.9613456970478201
-0.7955798791530674
-0.6007259183226011
-0.4041889184377797
-0.19431021935035914
0.06349009396684253
0.3942139218346944
0.7812397605255019
1.1524938159254912
1.3943864373928125
1.3907376756533913
1.072553684422931
0.4576076902189386
-0.33917888550026515
-1.1311155234882933
-1.7121026567781987
-1.9181919543199917
-1.6791857856924404
-1.0445011210391115
-0.17430716828203074
0.7037753093435056
1.3613399439957643
1.6384746814864846
1.4917300055495575
1.0033692801422531
0.34858337670587003
-0.26662252874029996
-0.6738310916134266
-0.7936588059919137
-0.6542031909218342
-0.37126434980294654
-0.09817179604096325
0.03533603028454533
-0.02846499012044576
-0.2567876284254074
-0.5410613218837449
-0.7357751705895569
-0.7077590681677726
-0.3825503453440764
0.22420268156077897
0.9988480459345355
1.7485994037545696
2.2456777429039048
2.2892311150177256
1.769216373034169
0.7115387405084975
-0.7118810213615909
-2.212461361572654
-3.445795545213048
-4.089397480984114
-3.921263411986245
-2.8828042124422755
-1.1103738256239215
1.0759487066249653
3.2289948984537924
4.868160315392911
5.591092173741203
5.1775005873519
3.6575033333165585
1.3217605147747629
-1.3360441419887823
-3.734048273581211
-5.345235137936127
-5.829296568216128
-5.116140359482514
-3.417146843394664
-1.1605400314505518
1.1300404156107782
2.9759620540937637
4.059260072322202
4.280401143093168
3.746914232684357
2.7054697210953034
1.4473253106844572
0.22209839107814072
-0.8134466103737373
-1.601569282362044
-2.1520573193501944
-2.4928790353642882
-2.6273924063571736
-2.5179508672184876
-2.103576377688749
-1.344302465420865
-0.271919427577705
0.9787545470178907
2.1780409235531097
3.0529840422388688
3.3676910112852836
3.0041161965685306
2.0119253147014184
0.6064832758967378
-0.8860109800606802
-2.117734244558661
-2.8139563982244047
-2.845241110532867
-2.2576798048593782
-1.253795022567821
-0.1299149773833806
0.8120839885237895
1.3529510061419805
1.4173720075259097
1.0885179192429328
0.5704137027974749
0.11017656047487058
-0.09451010283354104
0.028585667992218077
0.3958104752332161
0.7986935595459603
0.9886410206155706
0.7830461141541306
0.14935290326958206
-0.7683153740655022
-1.6919701020496651
-2.3059251444109297
-2.369523628989772
-1.8045083817421885
-0.726165082006914
0.5912928840302464
1.801162675440739
2.5910035505710844
2.772983596114113
2.3300095501981053
1.4075697519273846
0.25917142581937314
-0.8337409086902092
-1.640077619810049
-2.0312688127496097
-1.9957069234814164
-1.6188712033605428
-1.0418732130777661
-0.41427264354501864
0.14437667494497283
0.5653854400303939
0.8328344712389016
0.9706870665666658
1.0211780604363048
1.0208561546527501
0.981855400652056
0.8860828078204757
0.6955238972942459
0.37496697643441723
-0.08144086540051511
-0.6306151150565532
-1.1780114415958731
-1.5969654896867396
-1.7658446884405645
-1.610134464987954
-1.132322495491018
-0.4164913929419974
0.3943729630381947
1.1386165181187082
1.677598255523807
1.9242987006741357
1.852719499675509
1.4915207882724117
0.9094748327409483
0.1986974427337297
-0.5404347834258003
-1.2096168438985093
-1.7178272551762486
-1.9853231367288053
-1.9518140010852991
-1.5907495950075479
-0.925717064788919
-0.04132525716401599
0.9182325807651778
1.766968811077258
2.3118990287662675
2.400005773282228
1.9661957840537834
1.067475866514186
-0.1110767319074639
-1.288109958829122
-2.1546289054887757
-2.4641512288182974
-2.1164989761865174
-1.2037098111747946
0.0039512933491294274
1.1340518553749062
1.830138651973486
1.8747665039160903
1.2727665141353954
0.2581570948195769
-0.7850357089340795
-1.4614084457492398
-1.5097891611753727
-0.9011982611860406
0.14654113176080996
1.2433210669312298
1.9651752551740782
2.0083839452525214
1.3037543195153911
0.04831531502281872
-1.3583044430554352
-2.4497700531380775
-2.852102606089355
-2.410448307163817
-1.2410175160056265
0.30852086097543024
1.7755141222153201
2.734112997876817
2.929471545873484
2.349373706462357
1.2114801002378521
-0.12449687477307374
-1.283076793420222
-1.9899776135481926
-2.1403640404845796
-1.8010648930816704
-1.155739820953397
-0.4219606040625803
0.22468836040254414
0.6926799528292099
0.9734196114383026
1.1063268240471325
1.1323599778117188
1.0607788607261195
0.865443832480467
0.5109317409856141
-0.006955460986895078
-0.6289839569756579
-1.2273518327125506
-1.6344691186146643
-1.6976035060747403
-1.3388444194350053
-0.5957200477177467
0.3755297177167114
1.3379206164977415
2.040658859311074
2.2910551921942695
2.006740234285146
1.2337645713849306
0.1304342925677833
-1.0721413800919644
-2.118562370972563
-2.776714087247949
-2.8797458830080194
-2.3598656021517463
-1.2709640208358555
0.20515360021238407
1.776608841270897
3.0893724971540926
3.8036235217817786
3.6851045113656964
2.685981371474596
0.984651100082581
-1.0378169740186456
-2.886911825540392
-4.0879182582381
-4.323000445757241
-3.5275032719698354
-1.9131769984325495
0.09075696344149753
1.962551811488336
3.2413706286558392
3.659671436702149
3.209469474682385
2.120382407596224
0.760766553549873
-0.4970776433685792
-1.3942478090458463
-1.8426627794984998
-1.908225793660067
-1.7369532877013723
-1.463386720113271
-1.1449192049394255
-0.7509604939157952
-0.20928021230628788
0.5152791337006444
1.3516910614204467
2.1043800469330844
2.5053700056915287
2.322127280264693
1.475301863935282
0.11029576716614281
-1.4167752423232127
-2.6423208061391126
-3.1530508284227614
-2.7400040050193684
-1.4897547308479326
0.22574674521962573
1.8633998797189493
2.8902974104846595
2.9683988116376443
2.0757425190562615
0.5185096976758301
-1.172651347040979
-2.424914526621861
-2.8183973606472152
-2.226869222881291
-0.858474738098657
0.8157457005901412
2.222035007562367
2.8794462586551326
2.5633383744229086
1.3791013807905665
-0.2794085784912975
-1.8694066562557383
-2.8837867898169547
-3.0146220728257327
-2.242059168719872
-0.8248681151513537
0.7970016945632753
2.1494235906642647
2.868876547489642
2.799145293506396
2.0151260145425156
0.7757148984335791
-0.569488195176546
-1.6842471527354825
-2.3285908180642565
-2.4015216204122445
-1.9407768952589066
-1.0909915989559902
-0.057947987290904335
0.9364856896199113
1.6920635246481224
2.0601845451217624
1.9673044811710696
1.4305058953418854
0.561194119377938
-0.4483181803792148
-1.3589179041487875
-1.9375594224599115
-2.0189577742118874
-1.559244032578963
-0.662079737135539
0.43769195686290896
1.43426844440923
2.038697030155499
2.0663601405166805
1.496248395409546
0.4830060736405636
-0.6838775652792943
-1.6639436892878066
-2.168631574989427
-2.050682061208665
-1.3500969929252409
-0.28094364093726976
0.8367481457711117
1.678035714601671
2.014153169333191
1.7799558385570633
1.0855230946213916
0.16990987057180118
-0.6841997974147933
-1.2431618962155047
-1.3906316568190644
-1.1514792948889399
-0.6676505309215114
-0.136822137965472
0.2637595764846015
0.4396213104302001
0.40363029466104144
0.2552193677037853
0.1261662953778322
0.11750755578484767
0.25386692608301803
0.4726575928744862
0.6507576489771533
0.6571868526519791
0.411655228464179
-0.07286825120766856
-0.6803203349671639
-1.2206495257025944
-1.4905498024826278
-1.3464894291824034
-0.765096037325374
0.13182722551471357
1.1005828176888959
1.843515533835243
2.1012550336190543
1.7406020456343478
0.810101252313972
-0.4578219839612716
-1.705300213144818
-2.554578674271791
-2.7272564950534477
-2.1350453858606184
-0.9097167288597858
0.6357279020313661
2.0983753867540944
3.099278285568863
3.3862490525544753
2.896008561219946
1.7591161309101
0.25036772893395687
-1.2951121139343886
-2.5706802289759736
-3.3638834641266717
-3.5823158127334884
-3.2400335824195574
-2.420476228706623
-1.2386125746934324
0.1789515032882649
1.6894247039775392
3.1146411073684734
4.229845009941364
4.782850091303682
4.550614761827255
3.4192696337426534
1.4584579324916578
-1.0430576775475338
-3.6049974559091296
-5.651592421477203
-6.657063941490581
-6.300102339738806
-4.576278524725035
-1.8250032820989872
1.3456795351212687
4.217229856216034
6.1522906566522515
6.758849864394676
5.9773759615969695
4.0704959674879975
1.5279514825537839
-1.0766655148943711
-3.2322643194591243
-4.598908479503798
-5.0526330589254576
-4.663419467098105
-3.627431078903294
-2.1879736540126427
-0.5762375601618811
1.0134116566693694
2.4181455735924544
3.489410931270642
4.085419605191157
4.08773322026714
3.439817702242789
2.1895720242088443
0.512739248191241
-1.2999563007439159
-2.8966056783410163
-3.947048988095239
-4.228981058089158
-3.68865813897402
-2.457384415378849
-0.8189566916508491
0.8636557788974463
2.2418860271830314
3.0666756585047685
3.2387840959324468
2.8121547418760704
1.9566513390690903
0.8988821280137383
-0.1385914060603104
-0.9847249436787854
-1.5453188685859371
-1.8030837700821536
-1.7964708228564916
-1.5886122883689793
-1.240475007154655
-0.797990430173432
-0.2947078804146943
0.23566146619841727
0.74637874770156
1.1737483931357429
1.446518220526341
1.505749112678064
1.3262112786399238
0.9291334223250971
0.38119215130545614
-0.21870624445962572
-0.7606384888969496
-1.148133772829999
-1.319111827427629
-1.2561469526708455
-0.9842199077901623
-0.5609686119005253
-0.06557942065508521
0.4120959021045446
0.784182400191054
0.9802873034020946
0.9640554391315272
0.7461777177538993
0.38720850925040445
-0.01533297818731076
-0.35475863589457596
-0.5485751121378172
-0.5637815568853362
-0.4237470267948543
-0.19482444957094883
0.04053101466512385
0.21255875739605004
0.28372715506503654
0.2529384369446029
0.1457974673055146
-0.0015744769863546178
-0.15585374712981714
-0.29063786439335204
-0.3817285120194059
-0.400889027771796
-0.3177474732518027
-0.11449512300050489
0.19232727125453328
0.5376134711689871
0.8152750650942718
0.9106369890060039
0.7464204874428059
0.32263179770847367
-0.2684472240912482
-0.8614556747924743
-1.2668581201449942
-1.3337328695741475
-1.0057579639517635
-0.3509394169340599
0.44835520715918364
1.1471648328743167
1.517770864815932
1.4301100854277677
0.9020967469320801
0.09894272359268727
-0.7208017456291909
-1.293924167077542
-1.4429539515415846
-1.134787121442889
-0.4875575239526795
0.27415623587024596
0.8980593984400702
1.1892241775027808
1.0731624069835435
0.6160270635448394
-0.004596069309829131
-0.5672158625430807
-0.8868131882455652
-0.8777564614839904
-0.5760457087647974
-0.11476803104297657
0.3334780554301563
0.6213228141089175
0.6738583107513277
0.5045829468378618
0.1994845432606619
-0.12122958340311675
-0.3490103741187365
-0.424492808492415
-0.35341971223362095
-0.19538600148486804
-0.03144085944516747
0.07314348229785653
0.09315324055905992
0.046176372478622614
-0.02260213160726923
-0.06323291365445541
-0.041079143573960274
0.052121211227674394
0.1969262388460831
0.3518758592058205
0.46370596107107054
0.48098706011094733
0.36942674387307334
0.12485863826346469
-0.2206788234839339
-0.6023016098560504
-0.9343827519878571
-1.127949543301989
-1.109425504822247
-0.8386974866598427
-0.3252207968852379
0.36171565142253326
1.0949378799146037
1.708478126942233
2.033317876927674
1.9424941501053967
1.3934702291825354
0.45477824140266504
-0.6938467912457695
-1.7941439344972745
-2.572249187799554
-2.815421693169217
-2.435373821778065
-1.4942843561583523
-0.18655005494757018
1.2115407337969233
2.4025967973666855
3.122998950840754
3.18872603078677
2.5356346414859874
1.2512138567748012
-0.4164888901233488
-2.090757331161782
-3.346338461020424
-3.8235064113725605
-3.3411481051048573
-1.9678379288889973
-0.02227290728923508
2.0015573458742915
3.564660940238682
4.232257724737761
3.79960898408259
2.35770652439411
0.2774701465446334
-1.886890112339754
-3.5510572811658765
-4.2672854211942965
-3.8542469376388375
-2.4483585461925763
-0.45907300801342277
1.5570895526057682
3.061675697638714
3.6857884774022756
3.323602640498313
2.1447498941845584
0.5277135698876724
-1.060985302571512
-2.203226375084111
-2.6417290390447157
-2.3389250167654834
-1.4687892380303977
-0.3466816375951946
0.6789657499909189
1.3358098141810577
1.5006696311918726
1.215646415389201
0.6492418902382874
0.023214873456400723
-0.4651516986678584
-0.6987064327168767
-0.6600183477789882
-0.41624420823340136
-0.0817458138588545
0.2250395468235816
0.41634298209700293
0.45330754055863637
0.34634622219393973
0.14181084460315327
-0.09770006561524017
-0.3121623609546258
-0.4571614256880719
-0.5088770194670055
-0.46163488896396443
-0.3220498103108561
-0.10523208389793362
0.16425658892464293
0.4487761822079668
0.6962108157572049
0.8451287416419724
0.8374919596017174
0.6360207789388383
0.2416685006035405
-0.293400791087083
-0.8635176551895587
-1.325153936467415
-1.532378033633314
-1.383323980738522
-0.8613240690233437
-0.05439405961417154
0.8569404806838782
1.6431851835161535
2.0893761305210083
2.059124787278106
1.5378428116263252
0.6398615992050505
-0.4232367782935334
-1.4024829098793965
-2.079860569724068
-2.3226441728590586
-2.106746170531991
-1.5049758238123523
-0.6505318773232699
0.30528965532365354
1.2231338900567041
1.9845566774512975
2.484336518463503
2.6220993108257464
2.3116205998145514
1.5148624613730546
0.28838859758775387
-1.1846824031012924
-2.603709080701699
-3.611653000897578
-3.896122716092067
-3.2970075950862987
-1.8786740294816695
0.06529474669925366
2.081963125857408
3.6824853760761727
4.478084214822181
4.283773389331966
3.1592986850704556
1.3811226787295807
-0.638799710955986
-2.459889051297458
-3.7160152049574173
-4.19001066647579
-3.844635655489103
-2.8084774780866053
-1.3272652262450892
0.30241348392874734
1.7979601327516523
2.9374093187915165
3.5796329303361785
3.66172274073524
3.185591393632018
2.2073227124209023
0.8371123890053801
-0.7536767468327216
-2.3322603360834333
-3.625389288573043
-4.364991695609385
-4.348492935369966
-3.4965578199801315
-1.8906904959772441
0.22248356445675502
2.4646989379067707
4.391400965844089
5.576460280955379
5.701919077402567
4.638046322867315
2.4977656277580076
-0.3519598341157617
-3.337139462489572
-5.786354705359263
-7.0865162051006205
-6.847057933669716
-5.024753824935494
-1.9677530859354295
1.643103512370763
4.95049491961074
7.13912423960216
7.657281786209427
6.375024234674786
3.627099413745711
0.1229420503735001
-3.25081808915727
-5.675559258417007
-6.620475771322655
-5.9724129212659385
-4.0383845533633895
-1.4240869362510116
1.1661106917387338
3.1358654255627436
4.141757277578317
4.139160469743185
3.3325865552688234
2.064951785662302
0.6933048970122816
-0.5062896847129882
-1.380976724209597
-1.8917611910566556
-2.0736119606400654
-1.9912499098958354
-1.7083146378016745
-1.274863073156003
-0.7294418870963729
-0.1088961086583097
0.540704700557519
1.1573936704640366
1.6642060832665804
1.9779505071489054
2.0237191979134486
1.7522243907809196
1.156762336245058
0.2862459917876884
-0.74887111966636
-1.7806995275527715
-2.602058446354721
-3.0023203152876614
-2.8193700626747864
-1.9974779627683572
-0.6325540462442594
1.0180268796523753
2.5779964018986394
3.6455428420216562
3.9120637679865475
3.264930124134033
1.8345172821148195
-0.03421458055062474
-1.8772315101405226
-3.24262520839572
-3.8155364023627745
-3.4988731556387855
-2.427772914018108
-0.9170948397620861
0.6380341844272074
1.875038825979234
2.5558556806677704
2.6141629307716663
2.1487505361833104
1.3698400016582322
0.5198394244210977
-0.2024906824682871
-0.6898118095400019
-0.9352478744477636
-1.0074865747612807
-1.0058212468738832
-1.0107256547714387
-1.0448595475569196
-1.0587828402212196
-0.9508378177073398
-0.6178132691186088
-0.017107530716791268
0.78765179436283
1.6213321361145518
2.240422853820423
2.412239503198884
2.0022177494340907
1.0370905189088966
-0.2808344700320116
-1.6180109891676835
-2.603511620877262
-2.9447504681071517
-2.5257681350818797
-1.4516740712719283
-0.021898584535037586
1.3585394707750909
2.299745296453313
2.5420762751983634
2.032644105822642
0.9422032607844074
-0.3827051617846572
-1.5203117967784263
-2.099422599131351
-1.914444002443383
-0.99548379269641
0.38934350016778824
1.8040052044160313
2.769740563012497
2.9101762931390596
2.0743179348084877
0.4002821657479161
-1.7025455485412921
-3.6529669208712106
-4.8549878074277135
-4.87007009664803
-3.5557822314514564
-1.129451531355552
1.8653425539049493
4.685715144721489
6.57999441539921
6.992143537520147
5.723106373915933
3.0014280317929853
-0.560034871590657
-4.112802915576762
-6.7884795185777715
-7.923133072267608
-7.229440985156117
-4.871468925821641
-1.4233085058830515
2.2783965547777476
5.3507475170819525
7.09169170224439
7.154005474811435
5.617234473387361
2.9414362639232166
-0.17573840928844864
-2.990172552402929
-4.895388992930644
-5.555111454644183
-4.957940546162457
-3.3874837707787733
-1.321563778527705
0.7084976763747075
2.25853235886377
3.0738982681328566
3.1278175626992875
2.5901516455012117
1.7421470190614632
0.8682889353307773
0.16319664048521268
-0.3140708302840219
-0.6250548582363974
-0.8883372336257789
-1.1983178436468978
-1.562058391200221
-1.8811282356035819
-1.9872520352599676
-1.718258011037179
-1.0022303313640681
0.08743882067938746
1.33132266765823
2.4202964398867115
3.0500334491393106
3.0210280642813903
2.3087757991137496
1.0783635486454535
-0.3629330453132108
-1.6594719451930657
-2.515004626350298
-2.776149800588494
-2.462518917416167
-1.7363355585149212
-0.8289729547843437
0.042924925528380994
0.7388635383097151
1.2134000999967332
1.4921321472495137
1.6230918989029381
1.631692642017624
1.5029369268126374
1.1977225063791634
0.6907648940007352
0.006791902273857242
-0.7658752208535097
-1.4914321656811036
-2.022969455933891
-2.2413941645450093
-2.0825427666680216
-1.547821299274992
-0.7024561865046368
0.33208050544733386
1.3893771098217433
2.2766575429961464
2.8042422248557966
2.823826653277716
2.267957192812727
1.1815798026847126
-0.26363728770015865
-1.7821393472331672
-3.021192605391425
-3.6393907224288995
-3.4039245728969476
-2.2815504609949837
-0.4884726584310192
1.5323507194110588
3.2164009098271906
4.043604475877623
3.7149621082433084
2.276087078246789
0.1341341609245222
-2.0513935479682677
-3.5767551840175993
-3.9329213750279757
-2.990230262638412
-1.058157143484737
1.2088014885965324
3.0322401067125764
3.7811326316410767
3.1948363798342827
1.4762145031151583
-0.778790705166958
-2.78854611121269
-3.854327102789387
-3.5954937678115013
-2.073091661342559
0.23376594315984495
2.583776947466372
4.207228171335954
4.545566722459867
3.4273308607660504
1.1295798686980694
-1.694716724549056
-4.2044625221536265
-5.619449724826857
-5.456920692034273
-3.6848476723642536
-0.7449947006249025
2.5640907993014994
5.31320675316642
6.712547193520733
6.344118158399768
4.284909861274899
1.0837407672658927
-2.3994057806866236
-5.241576730086406
-6.717521245263382
-6.495179548897408
-4.709866298917682
-1.9004395903033249
1.1659432063577808
3.721339748984724
5.204981325543357
5.390453804974721
4.401827513972222
2.6279365471159832
0.5761527106454328
-1.2793895626286487
-2.6079353817960764
-3.266431882573339
-3.2806233904223427
-2.7864576769918528
-1.9635742369751272
-0.9850894376419077
0.008093292413907448
0.9118327098216026
1.6493002793023797
2.156352360587451
2.3726645212471795
2.2477461179173157
1.762277770025746
0.9547877415575905
-0.06128386650213197
-1.1032330722705126
-1.952945598774447
-2.4120224032052544
-2.360140057344358
-1.7963496683620497
-0.8489443871162967
0.2514861379149608
1.2310347324623496
1.848313923894715
1.964614562646208
1.5851265169780717
0.8555953976616477
0.013484414612069924
-0.6904356251024225
-1.0723759915769278
-1.0692838288207793
-0.7484737190613029
-0.2724674385406324
0.16596342961794464
0.4143356951618807
0.41157893870557133
0.20210579920245267
-0.09109099890241801
-0.3221585903165723
-0.3831079301697097
-0.2446954450687758
0.03711069352829827
0.3479608137547601
0.561345984027612
0.5855413668710218
0.3956508336577592
0.04261993865830243
-0.36114297117141386
-0.6748654497912602
-0.7738791305282634
-0.5949616376851229
-0.16807012456052217
0.3806344029872978
0.8620921235729713
1.0869222540784087
0.9361950502827125
0.4140745758976543
-0.3389710108473555
-1.0816033522026982
-1.548600217192155
-1.5454614165436147
-1.0262851883399395
-0.12315911308430795
0.8885803075080865
1.681079981139635
1.9895100435994875
1.708255324328214
0.929018502780464
-0.0941752588775984
-1.0379415123672313
-1.623356475636209
-1.7075703259913388
-1.3212133496900575
-0.642343180269326
0.07872136300100895
0.6138840219643426
0.8362715475363988
0.7546376594607737
0.4912154172532192
0.21518747109583056
0.06304716184882624
0.08096385634746006
0.2127095507039747
0.33605437574624086
0.3287153435986338
0.1322914680243609
-0.21427995229001684
-0.586148300267398
-0.8259070263774765
-0.8177479919104568
-0.5478751378484976
-0.11888816116954401
0.2932156118755857
0.5214023158000572
0.4895326921006996
0.25227131819181414
-0.029074632259093763
-0.16619801882651725
-0.04306827840565829
0.3130872609769609
0.727566399349626
0.9499040368631415
0.7737750880082501
0.15119165541775798
-0.7551013008426445
-1.6131816599727054
-2.0477843981945734
-1.800052215748663
-0.8529937004159378
0.5327022592668044
1.892933650890818
2.7224305807864737
2.667286511462698
1.674141398643426
0.03369588600644398
-1.7058452016774939
-2.928666195705613
-3.1759417645781323
-2.321139133088106
-0.6282889090058997
1.3318253225040533
2.8792339259083475
3.465144260330128
2.868257698273548
1.2759140910815532
-0.7795037496150794
-2.6056266736605163
-3.5890635634249586
-3.402774617184349
-2.1109126888012195
-0.13907811873573617
1.874733730094041
3.293912169579034
3.6883673617043375
2.964024834985438
1.377804708378437
-0.5606971486671146
-2.26188986917038
-3.2423882868330303
-3.2642210047443148
-2.3870054920506534
-0.92485689708627
0.669035337151327
1.9471929274652342
2.595168653503444
2.505439257617034
1.7825104393041586
0.6874841816123008
-0.4522561965060006
-1.3377708519953178
-1.772329530564169
-1.6982437205785217
-1.1928403842308657
-0.43197070347795397
0.3635188335815223
0.9832960703429486
1.2744501941872264
1.173637023790741
0.7205117086894014
0.04920161801897393
-0.6434492037029168
-1.1491124419680134
-1.3075072756088262
-1.0564800839255413
-0.4548122667537933
0.33118774903259146
1.073643865065087
1.5482545143568127
1.6004173597639757
1.1936692335917995
0.42518889950311317
-0.49876783438223377
-1.3212030533419508
-1.8075699650032526
-1.8120384680761656
-1.320518403437119
-0.4599179636690739
0.5316572739360396
1.3700988954801663
1.8098509116136077
1.7221185850093998
1.1401591247125742
0.25371866457220654
-0.6500998642036487
-1.2830797707488213
-1.455753948090798
-1.1425855761173627
-0.4863626671975999
0.25984934770869655
0.8288786966139049
1.0345217716184596
0.8299194639124096
0.3118920992852724
-0.3242388932803801
-0.8582286964448247
-1.1183811084090964
-1.0295709040339736
-0.6227483438616156
-0.009051121393737295
0.6645590660766123
1.2559708223764834
1.64990383805364
1.7612166926951776
1.5322077790634738
0.939924252592994
0.02016676405422354
-1.1039827588503104
-2.214176415330454
-3.0283389620303396
-3.271365799659337
-2.7654249151599735
-1.5088605745791681
0.28751154446096644
2.226904531680017
3.817406801303383
4.606456434442619
4.319030866888786
2.95389744772296
0.8047561003982852
-1.6032907111096182
-3.647897472331477
-4.780850776829067
-4.688910654317389
-3.393830217406492
-1.256750987777225
1.1193504731150081
3.064092989823422
4.039707050976051
3.80361370951638
2.4803580484442684
0.5185131401808879
-1.4539193836781468
-2.827975325465107
-3.2008140455986163
-2.4917782412455995
-0.9541858506534574
0.9139822080360543
2.526253478929617
3.380941444113082
3.20216912712321
2.0118956331254534
0.11714456268728882
-1.979377233119999
-3.7162788126514927
-4.618318360829183
-4.412376503527031
-3.0902290266253027
-0.9080632014581813
1.6726452051242955
4.084963477694374
5.773690123070426
6.309981101924076
5.487352960710392
3.382126901621858
0.3610483264096901
-2.974298000439099
-5.903053711624532
-7.741366140131515
-8.005334520630852
-6.53877316132759
-3.569535712019788
0.3235320210391731
4.32773543497883
7.571640306199173
9.318056513303143
9.131329454638765
6.982532108307497
3.2699441242029175
-1.2512762266181816
-5.619504919807643
-8.871000904378453
-10.258196689490468
-9.431958265155313
-6.539267550311747
-2.2054397890838855
2.601119270150152
6.792957210633851
9.423447318858347
9.91776241744043
8.214259291818163
4.775738120300251
0.4638890020221203
-3.6902613693084776
-6.7549211085190715
-8.127524750672892
-7.661273824433775
-5.657431224761366
-2.736284760184892
0.36199178668834203
2.977715768316032
4.674321808843852
5.2930414605028515
4.922418146469363
3.8121146494230174
2.272964887792426
0.5993292044833308
-0.9696950703400653
-2.2554081728722557
-3.12921300128879
-3.5052457758563054
-3.34577967587989
-2.677788324406722
-1.6082401908948296
-0.3216410554341639
0.949034663536679
1.9727600822706763
2.5763883686977085
2.687185266059728
2.346495982339385
1.6886437348401426
0.8924031955159136
0.12302396411615732
-0.5139250954329284
-0.9900633133443103
-1.3372716353919005
-1.605042966436745
-1.8124035317729474
-1.9177866530625305
-1.8233612533252657
-1.4159909273287585
-0.6310874929642767
0.48589523025107473
1.749374140842122
2.8571099544784504
3.4702917284322905
3.3282641322749456
2.357190704493766
0.7280436267149949
-1.1672625622132944
-2.82363409380132
-3.781140360088455
-3.77651833906502
-2.8310532858963238
-1.2426033841929671
0.5144385458857215
1.9450576881584567
2.6911063499241084
2.63662343925458
1.926173711129567
0.8928947806682275
-0.07476572462840551
-0.6773200031116491
-0.805612605020832
-0.5614827087156177
-0.1918485332478136
0.03333976449369884
-0.055299221211530934
-0.45457329004257396
-0.9952024748728358
-1.4181955327113982
-1.4849412366987857
-1.0749371275053377
-0.2350700898587416
0.8328983422137156
1.837086373954944
2.4873396371527687
2.5829172326782843
2.069415856299653
1.0509882332108296
-0.24166138869373818
-1.5147402964114252
-2.485621659933631
-2.946348363072614
-2.8018409564948628
-2.0801472380270662
-0.921690678962905
0.4448258452480873
1.7383195543515093
2.6751725824110157
3.0309762299220333
2.702733230426385
1.7520055522666114
0.40858117541171973
-0.9772627070716333
-2.029577732571884
-2.4643079446979628
-2.1887207056761375
-1.3401456476515763
-0.24177256341488262
0.7124674168571792
1.201879308555199
1.0971586779327511
0.5065321753068098
-0.2694914970547559
-0.8588156858050321
-0.9679386113676031
-0.5024946545135232
0.3903483706545408
1.3742616291630654
2.0499634442201566
2.1079561690140642
1.4513414752403662
0.24098901739909567
-1.1569659022426448
-2.3016297332045754
-2.833752706646063
-2.597705749628352
-1.68576424731825
-0.39334802837105914
0.8920964351704942
1.8230167389196292
2.196451252301852
1.9994577991030535
1.3873823333782251
0.6096618780044738
-0.08651439862049927
-0.5387081090042024
-0.7089073456686408
-0.6700674960128015
-0.5514519273271974
-0.47024386560549275
-0.4801140047350693
-0.5573524356090606
-0.6257001756794404
-0.6023064414635231
-0.43981558806823234
-0.14581609330627834
0.22515409488456384
0.5982015310114231
0.9069603124524341
1.1097224684023184
1.1868010043448465
1.125590137730818
0.9086125147689433
0.5181320346173275
-0.04147909343890783
-0.7168906228245359
-1.3940625840567622
-1.9150034088627301
-2.1215240302209586
-1.9100370976417087
-1.275079347974789
-0.32265588807786455
0.7535780922450598
1.7242767205772056
2.3842294648980147
2.5996413655365935
2.331393832405144
1.6339139232084277
0.6365699728195637
-0.4836660461852129
-1.5313683155519309
-2.3206041783072147
-2.702512723076354
-2.592998025382607
-1.99594463825637
-1.012903802730504
0.16901265569849866
1.3130764537813058
2.1858260214765046
2.6126701842438442
2.519906940922428
1.9503744120130997
1.0476581881572078
0.01401473931903976
-0.9433766242913953
-1.659535432088048
-2.0386698677125232
-2.057621268704787
-1.7513635857401426
-1.1910735701207738
-0.4662328815872
0.3224503557146381
1.062397583059502
1.6313769195955732
1.9119442603111498
1.8199734216170698
1.3399213218495478
0.5514569647158989
-0.36991564995782517
-1.188117998795788
-1.673137992615858
-1.6792991983242713
-1.2058508648526927
-0.4122411295494671
0.42549452561475454
1.0084272147295736
1.1270562526277212
0.7482519409298619
0.03829854658702948
-0.6931348184429348
-1.1110375990711912
-0.9908766204000903
-0.31824566380327873
0.6894576031867249
1.652204368016909
2.165267198672664
1.9556681450116598
0.997187436985238
-0.4620411539208784
-1.9724598949981842
-3.0316374686324306
-3.2564208380481428
-2.519393839570422
-1.0020686630898108
0.8563401795504153
2.5000594402371705
3.4394438841356445
3.409847473374949
2.450972834912678
0.8829345386021876
-0.8071020711119932
-2.1260105746198725
-2.7296329975911666
-2.521580704417118
-1.6648033740299804
-0.5049740459755517
0.562171736029953
1.2267654745916263
1.3556562869132698
1.013765764695306
0.4181254530020346
-0.15364343281297557
-0.4674303604468489
-0.4141542779071905
-0.04189182979021397
0.4701273995489285
0.8834923184365515
0.9916376427551279
0.6980199786845198
0.05439017021619607
-0.7536622982301472
-1.4676780949873618
-1.8414222137121141
-1.7206239392561344
-1.0925848320062534
-0.09402176737601665
1.0214673628203217
1.947695578020266
2.4088085704878512
2.2407971041404298
1.4465438975923786
0.20520818725197082
-1.1682736943461194
-2.303315594551463
-2.8731929030376646
-2.688247090478872
-1.7576615635083894
-0.30086426399428096
1.300558596079613
2.605264499751968
3.2439354071667004
3.037131874730251
2.053683597429304
0.5851683910300465
-0.9541876712577302
-2.1635728642691787
-2.7761274097175663
-2.721574871300381
-2.1156105664068074
-1.1915343159877398
-0.2091609382331168
0.6230799713540758
1.1909108928701972
1.4773428063182534
1.5345997224525765
1.4407715974296815
1.259605017056683
1.0186008181903694
0.712064614463386
0.3242156428305948
-0.14232897523760085
-0.6493321813718215
-1.1256794649827788
-1.4867174791104327
-1.6594056786750389
-1.6027673904223756
-1.3175656995641127
-0.8439392870724817
-0.2495262077922998
0.38681524148763946
0.9893493486319351
1.4926665103930576
1.8408103507096667
1.9828928598845632
1.872826530897176
1.4792984910226683
0.8062887658884381
-0.08426677608429564
-1.063106928234549
-1.9503829050279122
-2.5573061985597834
-2.73691502057712
-2.4245843128683355
-1.6564476052276673
-0.5642274386938436
0.6495950930070005
1.7520188219493524
2.529431347374129
2.8362064535006613
2.6274936538560887
1.9656566083037537
0.9999405182134605
-0.0719819875199777
-1.0490684789359643
-1.7681901355776064
-2.1331126346135294
-2.126064690374703
-1.8016287587994242
-1.2661266629301045
-0.6471784134208426
-0.059667366982557084
0.42318501425756144
0.7834732114954783
1.049847894499695
1.2677900460885987
1.460998064773395
1.6025131716245924
1.6119234577478503
1.3841580518106422
0.8411765622201219
-0.01373159251583521
-1.0639851376981624
-2.0898436442022166
-2.824499785845622
-3.0384997213992295
-2.619837477411833
-1.6180277525302367
-0.23569851345340445
1.227409505149285
2.455128246314529
3.1920690615657823
3.297742802011016
2.7702188245650574
1.7393487245462702
0.4328518754512434
-0.8780183668178217
-1.941263419497386
-2.5791792319121924
-2.7204716649253826
-2.4016248899510084
-1.7408448113210062
-0.8972940444446621
-0.030233000070778244
0.7321000079708654
1.3096551433928287
1.6732837598986707
1.8346102872368157
1.825972266663167
1.6760963448769526
1.3915461308704271
0.9548611112145318
0.34349606802743954
-0.4379208710251149
-1.3279899388304641
-2.1972537661722042
-2.863011521992573
-3.128476239834582
-2.837409570628605
-1.9307277946111836
-0.48842488116069704
1.259988421833299
2.96748312610655
4.242591493497438
4.747160541701124
4.2910927909039085
2.8948316759875943
0.7996908945008979
-1.5780357013881596
-3.737522533857508
-5.206092514611094
-5.647334225775066
-4.93901222711181
-3.2025849921934673
-0.7789207758236226
1.8421465073664836
4.122027845965195
5.583390777502915
5.909864586354306
5.016477688531508
3.0750953999866577
0.4866565112829938
-2.197651735608453
-4.393638574631831
-5.616715043494916
-5.598727743818029
-4.3573992775828
-2.1965874536839167
0.3662631380156823
2.728546931461719
4.353869950179641
4.9058167586729144
4.326277519202288
2.835600712060255
0.8566201475970684
-1.110805125777455
-2.6242562423134173
-3.402809620000172
-3.3746730031755856
-2.6625911737635306
-1.5211149001232092
-0.2517673915764858
0.8768834814847537
1.6837468873676789
2.0939769868537934
2.1237758763909915
1.8440747212358224
1.3414828474186438
0.692617623716738
-0.040631758754890335
-0.7976800338929247
-1.498637872766817
-2.0320279452286507
-2.264831458668277
-2.0787146926435707
-1.4213085800884058
-0.3512789051837667
0.9442435197145642
2.1737845750981624
3.0083630680306257
3.176054924847293
2.555580899471925
1.2356767049263009
-0.4856934527364892
-2.1701379325633567
-3.3598808506284135
-3.715140330188674
-3.1230462509714467
-1.7393423020306473
0.05503973439941383
1.7705977125110184
2.9598738692265174
3.350142350437065
2.9133443803042467
1.851970043280567
0.5110025183621835
-0.7462492456348079
-1.649387213812855
-2.0807123596544104
-2.070304634998684
-1.741139128485389
-1.2378451312187477
-0.6727013882569306
-0.10536704526356892
0.44629676085525005
0.976457531119385
1.456972085448111
1.8142537777300298
1.9326302858887436
1.6916477475097567
1.0286450624932404
8.094963178829349e-05
-1.1928923533125486
-2.238308580596849
-2.8040961208994455
-2.655667157756475
-1.7555898205005207
-0.3037722487011173
1.3031726105659573
2.585413274697007
3.1320490237575744
2.7428243657173588
1.509598986008737
-0.19660152299680034
-1.8363662054837049
-2.8780199242581217
-2.979756585762507
-2.111344456616605
-0.567189133731613
1.1366750415560642
2.4425778257186135
2.9400342641493395
2.4956869609625087
1.2824945297080212
-0.2947428935489977
-1.7432465074525196
-2.640537846177598
-2.75476397243452
-2.094948827940088
-0.8856903286216036
0.5152863466282827
1.724538701743319
2.4336696795033603
2.4820818906427875
1.890293050584286
0.8481356391861573
-0.3414386641700654
-1.350787364955782
-1.9233906382205237
-1.9466570903972593
-1.4769439706687308
-0.707750794248855
0.10587022896767362
0.7356822539611495
1.0485865336130837
1.034683154336378
0.7902076177865411
0.464302579034174
0.1916113403579174
0.03911762608809661
-0.010988195655645806
-0.037589468808358326
-0.1294616306484933
-0.3311937805522267
-0.6107304543659111
-0.8630381729029996
-0.9495305840321403
-0.7586390002344908
-0.2636689352097239
0.446525347033072
1.179060941194125
1.690067908335251
1.7641730342321895
1.2965806347957072
0.3501947948389838
-0.8375408659499693
-1.9108308268126337
-2.504637067192028
-2.372844829575621
-1.4889062743622201
-0.07735763727692405
1.442907749152639
2.5898330343560563
2.9801066857958234
2.4642424895274
1.1853698983212824
-0.461209222352149
-1.9555631063281127
-2.8246356122565093
-2.7987065813381404
-1.899059019189711
-0.42818616089612427
1.1314032615747918
2.2741996412872547
2.634045548400842
2.1017038497832408
0.8610302552448824
-0.6688445131406896
-1.9691931502359261
-2.5934231073409877
-2.3186025071390595
-1.2246196157262477
0.32808057841651384
1.8174332857714097
2.7369887570551494
2.770437689332233
1.9009987250571516
0.41605224961561554
-1.1941192298996197
-2.406204566451339
-2.841625803222023
-2.390463720599451
-1.2399000240992764
0.20042189237709032
1.4471506895754231
2.111747489473868
2.0292677032847335
1.303413098186679
0.254453958592357
-0.7078545229877586
-1.2374555833382597
-1.1748486731025822
-0.5964971036379928
0.2239089560857116
0.9243293526833685
1.19206633908066
0.8824114798053595
0.0781256466524284
-0.9323789099059911
-1.7544050137196168
-2.0320314144470877
-1.5865755516294882
-0.4947941834229228
0.9242571640406682
2.2093794442299517
2.9101544901412715
2.742206005512762
1.6924899734371162
0.03679950891125927
-1.738858762428489
-3.087736531648107
-3.5741419082886154
-3.0136996685189943
-1.5383756254901162
0.4361401783107532
2.3334277124079295
3.5918865548724046
3.836329944608172
2.9911105699484297
1.3009935309648626
-0.744535260308718
-2.5590575934951008
-3.633355709459492
-3.683066008360045
-2.7258399926359647
-1.0646683655685505
0.8156949031331076
2.399748749379156
3.284593024185815
3.272625465007601
2.3983852415092746
0.8985767911406741
-0.8541420292458028
-2.4333005595580244
-3.4429096011985854
-3.596354870978364
-2.7832778865916175
-1.1131072151417754
1.080714624645998
3.2891962781649453
4.930489745889572
5.490642942651482
4.669608944529586
2.4915847165638914
-0.6570246827834699
-4.083184069896085
-6.93433404981261
-8.408809569139148
-7.978210471253528
-5.55833401198218
-1.5721247093932555
3.1238969784402997
7.437067312848516
10.308957602761707
10.986273756984389
9.219781219392402
5.338451852562882
0.17937664656702784
-5.10881042574987
-9.339346511787328
-11.568909080347614
-11.318234296708946
-8.679551796700787
-4.285953557100635
0.8495649423680016
5.584815937767456
8.923792156158811
10.244308154434393
9.419721173856479
6.808389080215935
3.1231032021725236
-0.7741115007761087
-4.08881934900142
-6.263144691350798
-7.059364360866623
-6.5511724834955025
-5.0432624189321125
-2.955793696677422
-0.7123655614715181
1.3392176221245768
2.961103471276743
4.02056971288179
4.464605315622322
4.294746994809274
3.556250143493911
2.3434041048553595
0.8110861837583139
-0.8232748268563277
-2.3003191255671473
-3.3639343574940175
-3.8198803456106685
-3.588677125587978
-2.7330571987805135
-1.4472783040914392
-0.008665847150332388
1.2938338113321417
2.2300871099039474
2.675251307871282
2.6208155004019655
2.153838668585273
1.4183523348574278
0.5746837642315358
-0.23280845637471162
-0.8960906803539831
-1.3520466802830498
-1.5803314204452525
-1.5931602855430613
-1.4219247092955558
-1.1055910872392574
-0.6834312279955969
-0.19211891890503627
0.3334785644414957
0.8559695854252756
1.3278335836274384
1.682971613765324
1.8342252136621113
1.6866718537162098
1.1718713667266796
0.2950983392557582
-0.8263496392795502
-1.9600274741825254
-2.8051739654972954
-3.0806032445476
-2.62273568809366
-1.455668107134795
0.19458015560562242
1.9484501140367247
3.368800225852513
4.075406738024404
3.8462822084682813
2.6805832196098134
0.8088538047054774
-1.352201234609226
-3.292336797606597
-4.529217655216158
-4.731531694653312
-3.8123927812771314
-1.9646580983894397
0.3774076010502435
2.644537156968171
4.279531072245294
4.88432284115576
4.325825576910608
2.769799111492217
0.6310427834397352
-1.5462697486701171
-3.240393675181807
-4.088151407616269
-3.9661068166342113
-2.9982697098593407
-1.495424351625829
0.14911110690296686
1.5713411924971832
2.521252896764945
2.898623134157872
2.7378552020976965
2.1585167447976503
1.3092877339430833
0.33013609510222597
-0.6577775468900839
-1.5422442631358877
-2.207787673216622
-2.5378073698238857
-2.437584669664326
-1.8710550225654698
-0.8949266146194944
0.32789542356609674
1.5479112490518598
2.482520919359781
2.8905566473882627
2.644763127072152
1.777754106032463
0.4851263557557423
-0.9178069649340154
-2.0765626394407244
-2.69480592136578
-2.6197737922818143
-1.887828378162259
-0.7146898240989474
0.5663073945401307
1.59917519255773
2.107084293717118
1.9732029558923272
1.2763628526375101
0.26761844866615747
-0.7091828565899215
-1.3299424810228164
-1.3987229814278386
-0.91416017164367
-0.07064831783864922
0.8063637436720409
1.3704647223270205
1.3749249819176736
0.7646755722303826
-0.2920034385507738
-1.4458879491859045
-2.274325274163411
-2.4230853503004255
-1.7373019921069646
-0.3353723240776706
1.4048756657848205
2.950340102324479
3.7781669140262157
3.5498533900630864
2.2348250954972695
0.13986111768460896
-2.1678236395028474
-4.0220454173777505
-4.856248908137231
-4.3796257888427865
-2.675591842525752
-0.18910692567358073
2.3971597228723542
4.362397917481968
5.161780624507863
4.587508445206312
2.825481422497337
0.3907156890458813
-2.034943278709346
-3.80788049093351
-4.504582364741918
-4.026311914974005
-2.600999941089884
-0.6899588408673343
1.1652712011109414
2.5047885043225415
3.0701584751033697
2.8489479047460864
2.038817713213962
0.9533162593190846
-0.09173920656567557
-0.8707813160071322
-1.2923683295486992
-1.3885997755749058
-1.2650323126232033
-1.0377944489709539
-0.7848136062775524
-0.5283594707627041
-0.25037615726942297
0.07301006730436467
0.438501627952049
0.8010404523529775
1.0834773000925775
1.204579527195551
1.1117267077430437
0.8035417118120781
0.33354262190397393
-0.2046965595962802
-0.7030665262421357
-1.0654414865398842
-1.2279290337241082
-1.1692257228473655
-0.9107893838702462
-0.5090214209054089
-0.04230602354204831
0.40499586111559543
0.7595776970900617
0.97387566945543
1.0335199083451982
0.9533392096528315
0.7628882414482102
0.4899595675120757
0.1530754500132371
-0.23229117926202258
-0.6387873872827218
-1.0141282145575965
-1.279870220391694
-1.347296428789336
-1.1482627048749672
-0.6703536683790516
0.019375785307138457
0.7759607699176261
1.408894974931433
1.7385122336677399
1.6578698091235682
1.176105794979038
0.42361143430188936
-0.38648183050264545
-1.027655429277843
-1.3347380265658184
-1.257459359526849
-0.8740977531896028
-0.35928119823896687
0.08397013069425843
0.3029054876506349
0.2531808120340748
0.012736514157658146
-0.2537591914722509
-0.36446867379475956
-0.19601796863105805
0.2624128461938968
0.8944342569382386
1.486495861314033
1.7953173804422242
1.6330805595780113
0.9421672939172568
-0.16781318700360848
-1.4362222540454388
-2.518931368101709
-3.0884481990169896
-2.935989977033251
-2.0422156668263147
-0.5924345741674567
1.0697601501251492
2.536138408307946
3.4452775045904396
3.578026062521023
2.9107174878187636
1.6143245740926946
0.0033975739127191378
-1.5482503960343605
-2.700842717136553
-3.2269548839783058
-3.0570499557773303
-2.2835837901585876
-1.125252248269048
0.13736059643610551
1.2361876798875064
1.9788534184256112
2.2829051095231123
2.1732592362152343
1.748696697104021
1.135036142723918
0.44561254575553105
-0.23771115975291715
-0.8618472737634082
-1.3866034851260487
-1.7675629290430057
-1.9475776587581488
-1.8627739053524435
-1.464257062930078
-0.7495024605365865
0.20981215144042473
1.2584814671317262
2.1770642514994707
2.7307136394326563
2.7365573464385213
2.1283266062031574
0.9945676339669588
-0.4265086333198577
-1.8002515092605513
-2.7858138919191213
-3.13611376468022
-2.77247520416687
-1.8067231877960401
-0.5031587677299725
0.805401186578583
1.817602022176926
2.3451189541710264
2.34975427208875
1.928116478118478
1.2562280037180167
0.5197814197726506
-0.14269269753661123
-0.6652753612745599
-1.0448835210961958
-1.307126968595403
-1.4676049608925104
-1.5087419658287406
-1.3837945441103172
-1.0454947695051078
-0.4844670656189554
0.24189078563076633
1.0059338643167128
1.637594074441115
1.9751573558260125
1.9191172596022716
1.467286101412274
0.7179827613664067
-0.15750476126392887
-0.9607712114400907
-1.5160838637232223
-1.713230990878286
-1.5345167450028891
-1.0577190574684263
-0.431380737667272
0.171550446113162
0.605976041822732
0.7942576683422542
0.741179306265559
0.5230825870908843
0.25783614708849917
0.0649137293785953
0.025702248711592518
0.1552145294790713
0.39452222274130067
0.6270772690964843
0.7154639921764939
0.5499638160498306
0.09516317090356018
-0.5823317457820576
-1.318376230199381
-1.890469333068385
-2.081685463042266
-1.7511758724310609
-0.8904640473026414
0.3532358912580984
1.698033267503622
2.7915480388401535
3.304113359522731
3.0273671960405846
1.9497354372924711
0.2822383043421673
-1.5803594520038577
-3.158065568654611
-4.01738292345475
-3.896575177799681
-2.7864172483712855
-0.9427601188896401
1.1734089582441989
3.0144083279258664
4.093454459059015
4.121745707409654
3.094528355322185
1.2975012906516439
-0.7722956896490126
-2.5499629557968073
-3.5673909524161944
-3.5874830124003156
-2.6659386642847327
-1.1226115869130928
0.5663957228296042
1.919630350213828
2.594379017593599
2.4777110552945145
1.6977919986810608
0.557471334029738
-0.5789102153272699
-1.3990432744856411
-1.7188318057848826
-1.5079538826444925
-0.8721344428843023
-0.008784153558929312
0.8464919153535093
1.4701254050236545
1.6924306214676685
1.430411591095513
0.710696309329714
-0.3221041746794224
-1.4202518589583326
-2.27835434621825
-2.6082253720969995
-2.228444085781996
-1.1413333603881524
0.43433884769803144
2.097332436245429
3.364983189098104
3.8158871729640396
3.230700085397927
1.6841246553023386
-0.4476805337987618
-2.577538492066853
-4.077980740168966
-4.482290970063576
-3.6464142064238594
-1.80906218482631
0.4792706680305178
2.53871673567955
3.7880315561637703
3.931622988894296
3.0364186931136845
1.47627970104574
-0.22426283515857423
-1.5787210495331085
-2.288175885732433
-2.3050136032382684
-1.8009537300394516
-1.0642324927485984
-0.37378897598229766
0.09878508632646447
0.32613541670119967
0.3961148385914178
0.4396594838296014
0.5535982069756704
0.7529623131690711
0.9688473494286768
1.0861480592833184
1.000783592298892
0.6710172460032309
0.14151336532983463
-0.46914601960761926
-1.0107315417334157
-1.3536763398154952
-1.4284551847012867
-1.2379032071568687
-0.8431594873216326
-0.3351035582044581
0.1938000147155624
0.6670003198345995
1.0290497081288295
1.2426129060211881
1.282475263421102
1.132380823337765
0.790202297798914
0.2811483944430529
-0.3291423083232168
-0.9322479997973798
-1.3922370690145631
-1.5786047445242222
-1.4089657047250144
-0.8870119848331641
-0.11908825480204435
0.7027103120955506
1.351245517766123
1.6343427113931577
1.45980641887716
0.87167593533909
0.0434484961961822
-0.7719563698845359
-1.3211380322560458
-1.4329262980317925
-1.077158659217957
-0.37835260931280246
0.42360916971268664
1.0557054043555463
1.3086717197552924
1.1112474571620763
0.5516693364178026
-0.1618200762008686
-0.7832855996479511
-1.1190567985785425
-1.0904663213758754
-0.7487261654251104
-0.24133103649271026
0.2522407640305678
0.5881724049237692
0.7039950960555447
0.6275031074164037
0.44872129131419725
0.2691955782942148
0.15177494856388027
0.09385430255168974
0.037057469268830454
-0.09098608146483121
-0.3240156525346438
-0.6217092543902011
-0.8722445037008802
-0.93587160222651
-0.7119142326328547
-0.19775787289249322
0.4902920505536415
1.1470639627590316
1.5487738207287431
1.5359431816176368
1.076839470810707
0.28582722781826075
-0.6127706433420907
-1.3622054741143246
-1.7604346490649514
-1.7217808138226331
-1.2919133325859036
-0.6159839935626377
0.12300303861576387
0.7693065932367849
1.236904452543691
1.5136779048590423
1.6289414806937175
1.602344439325483
1.4028994553576417
0.9475191972112201
0.15225707147567252
-0.9817921529092951
-2.2944944907275517
-3.455671602605767
-4.04235239030918
-3.686671524901353
-2.2393389270655066
0.1207811902168541
2.885051735928769
5.3354003375333905
6.752196334795449
6.639390266287345
4.888413012311479
1.8249741282198824
-1.8738397208398117
-5.360197704570779
-7.833487750677695
-8.730757055114656
-7.842251356728747
-5.334583454799459
-1.6933309061872022
2.3860336531598274
6.129169178490648
8.815391569606378
9.899946755964478
9.116254211147345
6.543500082435367
2.618842864629904
-1.9239330199011841
-6.190540234599204
-9.313156016340491
-10.64386018096756
-9.904037368481344
-7.249371670705717
-3.2325539281048856
1.3260456071898905
5.524061907261519
8.569515259285751
9.933098408746568
9.431438600095458
7.2355807434567625
3.8159636923255267
-0.15814097970689617
-3.9457531513452793
-6.868091724069227
-8.428405391704196
-8.397893435272687
-6.85216957048774
-4.149804223403904
-0.8543319717720887
2.385917254618574
4.972700372623199
6.474527055242243
6.699577958350241
5.714372050120021
3.8104569053660535
1.4291411947520944
-0.9397123778329274
-2.8634740662352223
-4.053130828054289
-4.409057840673872
-4.015044046990956
-3.085151477979887
-1.8836883250657126
-0.6475675662395858
0.46265071554350423
1.371385278500897
2.0627368524669984
2.5395274380835025
2.7875112341543344
2.7611762558904456
2.3985322205166786
1.6600299627636734
0.5745754632038714
-0.7303751673732765
-2.0330498232337253
-3.0607197446586025
-3.560665857186116
-3.3758793124878204
-2.500796156118323
-1.098398120585836
0.5299265313733621
2.0173844700287895
3.028846091793374
3.3524892261467683
2.955593168599523
1.9857365741122768
0.7187899913054212
-0.5267073048726526
-1.4803478420908804
-1.98760306123277
-2.034201764913637
-1.722413458826901
-1.2131365497231221
-0.6603026620508452
-0.16439423233203057
0.23975261126408068
0.5629787928817027
0.8260248354301051
1.0289012713360048
1.1404215705890783
1.1112496820685585
0.9027542273490367
0.5171889475938752
0.013749056457540924
-0.49942123625937224
-0.8967371454837754
-1.0786551509570832
-1.0092227781789447
-0.7312942550718925
-0.3514591056670601
0.0014624636583292407
0.2286826571073066
0.30143286401672903
0.2685551537897805
0.22580461836657556
0.26000997079236643
0.39569332731440554
0.5732910074297121
0.673456191743881
0.5779393739152396
0.23799102571603992
-0.2838295444030668
-0.8216415301496023
-1.1656170236827477
-1.150966037802477
-0.738460602616304
-0.046836633177640696
0.6838616995910749
1.1852238027240543
1.2683546246362525
0.8995475497333739
0.2128739373522691
-0.5439214834310515
-1.1059984655081934
-1.2890847859761398
-1.0494768747736616
-0.48750077349572546
0.2000794414275493
0.7957830143755915
1.1357608253855043
1.1568107346633596
0.9022770810763625
0.48988093762347457
0.058134269479381696
-0.2869445904921075
-0.5052585459616612
-0.6241003435728687
-0.7083285343443463
-0.8139062278829101
-0.9464968061543418
-1.0435990441159786
-0.9894884958917045
-0.6612186037043606
0.008014008054288754
0.9714112571495368
2.041955203749471
2.914838289548246
3.244232044192814
2.7601087130613973
1.3888777179031757
-0.6698629531229467
-2.9497029631553615
-4.820044643607337
-5.663873592290499
-5.079236090940064
-3.0382183564943115
0.05510538727431232
3.437868512678743
6.182831800310016
7.464063228993311
6.815432304679916
4.2978951755757295
0.514898961733225
-3.5380099516824655
-6.749312176412357
-8.21188663052432
-7.491287949527796
-4.760497288282526
-0.7590981498955823
3.413046654799035
6.60891314178935
7.963617477256162
7.1417790575191455
4.426992182723184
0.626493163323341
-3.1765261711969592
-5.94293554753687
-6.970811577327061
-6.07662710922001
-3.6181993158806534
-0.3616556546353666
2.759936322697746
4.918390679817192
5.610673187496755
4.769088981820616
2.7421235079613764
0.16501012546567764
-2.234491788060269
-3.838070814565363
-4.292313344146697
-3.579404773188633
-1.9909116126386173
-0.02093599629350386
1.7836587611301995
2.970275514390444
3.286017432271872
2.7205244724797
1.4852394824627828
-0.05744659778886847
-1.4936088611611869
-2.4608248786552274
-2.7321800797974003
-2.265324387921324
-1.2079404179542808
0.14182685132287765
1.4124537982891783
2.2563349177877017
2.443219344113729
1.9251737023253357
0.8549287507583314
-0.4494289567110315
-1.5886555886509868
-2.198980938728491
-2.0715300828841725
-1.234910825742844
0.034981064703352445
1.2930307251814863
2.074360482788509
2.066782146275109
1.2398581744996116
-0.12633945954997594
-1.5324478162587778
-2.441256504723178
-2.4804810709272953
-1.5874221872897842
-0.03882846216706286
1.6449371774803336
2.883368485548838
3.237880445191966
2.5609278592724674
1.0428737135732846
-0.855347303675178
-2.5559238189010496
-3.549135492246591
-3.5481455584896837
-2.565825611321282
-0.8943867274627393
0.9977839611141246
2.611582853960856
3.5547935222090588
3.6313692813689604
2.865290529132329
1.4661294450647824
-0.2410903348212783
-1.8950605477623799
-3.1662869160361735
-3.8063259474512816
-3.6799186070120067
-2.7840470577976526
-1.254918618624745
0.6405221851366709
2.5349730280097975
4.018405361046364
4.720959252286124
4.407292515765884
3.057691879585785
0.9063309098846694
-1.5872631599133609
-3.8382247149424153
-5.285174009359618
-5.543690870378289
-4.51644923401348
-2.426572183336489
0.2348953923653295
2.8324394307107217
4.747941961233615
5.539335046396671
5.053728181105614
3.461816400354619
1.2013697922546873
-1.153295430814527
-3.0536005411504124
-4.119159237178328
-4.2189475765392235
-3.472640031242607
-2.179792925542238
-0.7069206393451238
0.6255463204155034
1.6180374668184008
2.208316063841458
2.4351300499201494
2.375819070409319
2.0921072940526093
1.6093618935737761
0.9338942576274882
0.09127078945504474
-0.8407011429636674
-1.7240081463230403
-2.3835362991446196
-2.6548010665013098
-2.440053634352762
-1.7510046768883578
-0.7187052058404023
0.4372068183623125
1.4704578486419224
2.1780028550361177
2.4513382113537334
2.2911324310799452
1.7835367899894174
1.0542633072045107
0.22554629385179492
-0.604376667680049
-1.3558687067899853
-1.9498254669539228
-2.2968370634078656
-2.306378395114332
-1.914591012430434
-1.1192445845088166
-0.008419335381414473
1.2300858022039802
2.33044115117318
3.0062569491956603
3.0337993289935237
2.3347324938274463
1.0242367188538757
-0.6007891316619784
-2.1347900544387652
-3.1747466479038424
-3.4343131631536807
-2.827083797360063
-1.49535473268179
0.22382353990635276
1.886390609146024
3.0591572108942766
3.4354679904733376
2.916822140421335
1.6389039870558622
-0.06404921255238244
-1.7472994805932764
-2.972971471295552
-3.424023931998253
-2.983951059163993
-1.7643726791525431
-0.07680010447021506
1.6449230573172056
2.9551514452490877
3.5133564391902206
3.1751709493229776
2.0298751444993655
0.3732572423480132
-1.3736567600604015
-2.7744789204011915
-3.486127755495792
-3.340207685822307
-2.3801123363958707
-0.8479662596333264
0.87499928021982
2.362397387964263
3.2494639955554927
3.3253864953444365
2.5863348301829667
1.2341759320221923
-0.3796741658709154
-1.8492349081786574
-2.8194079672220402
-3.072299442752148
-2.5739945983744716
-1.4742303419147151
-0.06262831450513988
1.307039108847358
2.306991333341644
2.716860924055182
2.4730673750314263
1.6731048508703161
0.5378615447121641
-0.6526001978267404
-1.6299868061662717
-2.1973302837314255
-2.2647301259731476
-1.857140249000144
-1.0974955657805197
-0.17164502256111183
0.7172086750413829
1.3940804537109972
1.7464040859303422
1.74020399729091
1.417779214849094
0.8794213381406191
0.253521024401577
-0.3367580540359119
-0.7992156722187308
-1.0833456311588285
-1.1771219325531281
-1.0966706377975872
-0.8756616750935103
-0.5580279698156934
-0.1936911618695352
0.16514031515855412
0.4688800339515209
0.6773793815092863
0.7682235314607946
0.7433797165609601
0.6291368979784654
0.4663988412933778
0.2939005263950432
0.13257099217211232
-0.01933174538993336
-0.17647735401250284
-0.34812220054493576
-0.5232724844851875
-0.6687357087603419
-0.7408097816557112
-0.703983181232108
-0.547277550997321
-0.2902503942140547
0.023918468835714534
0.34353225646101593
0.622844617991915
0.8286517626523703
0.937557049425186
0.9291747167517407
0.7837455700169693
0.4896838713193845
0.05948777914507922
-0.45456848092605195
-0.9566140442600193
-1.323024242565079
-1.436000436071724
-1.2239928659752966
-0.6951189535811106
0.048889315338576704
0.8272770944242939
1.4249174849293562
1.6571619687045809
1.435127569003011
0.8070055187206985
-0.04545608270277218
-0.8607938120395549
-1.3850388007367265
-1.4592932202556228
-1.074196008872087
-0.3715445801322204
0.4063148787228161
1.0006611436361872
1.2250879865212703
1.0280175393431694
0.5062345242269967
-0.13594972300603905
-0.6659201751571951
-0.9090844384153333
-0.8094536853078251
-0.4436487248030576
0.014264278307422143
0.36338796488840797
0.45738905329742235
0.2671046647795541
-0.10180004536661683
-0.44813861469886407
-0.5609329812743573
-0.3186352678224721
0.241722393947742
0.920256310554297
1.4238518383067607
1.4863610995987617
0.9903328446749187
0.035237428464750135
-1.082482459165841
-1.9740052435944178
-2.306777468675197
-1.936745001651902
-0.9688790248565274
0.2799274199322519
1.400098281527445
2.041284894100774
2.03610001632521
1.448988459819601
0.5354440667619719
-0.3670853465053155
-0.9695059679107934
-1.130437727777183
-0.8890356161371568
-0.4253188422180872
0.028497716834730586
0.2851715594961571
0.2693136617326439
0.03255104993991863
-0.2818738810401484
-0.5060047688543817
-0.5175612149424283
-0.2870074531784353
0.11456772147039651
0.5466998073441656
0.8558182030345752
0.9342034808726201
0.7586875665496231
0.3942414033005274
-0.03760485832634824
-0.410192979348933
-0.6394495115839058
-0.7074216966316069
-0.6534304421921271
-0.5400927813571124
-0.41362513554948765
-0.28041927111245174
-0.11235093829403892
0.12344936635187169
0.42850745971822957
0.7517279804266208
0.9959542899043657
1.0518503825846586
0.8456437108649689
0.380230428748417
-0.24924367167919387
-0.8757748798294894
-1.3137299536573646
-1.425305202278874
-1.171369752038996
-0.6254074375502292
0.05224628534819179
0.6675305253804982
1.0545480365123008
1.1268868914419603
0.9020684882489256
0.49096906176738203
0.05576277523218565
-0.24934490076937305
-0.33379846643894684
-0.20230056246957193
0.04938747328256518
0.2725759687903449
0.3238914720726931
0.1233922604947116
-0.30777340403751974
-0.8447976200549212
-1.2958443446132761
-1.4681765026224565
-1.2412193617042198
-0.6183595439422361
0.2648257192866793
1.1812276705334093
1.8863738403458306
2.19731498125393
2.0466675799444416
1.4925306541536931
0.6834381358675078
-0.20229502069651262
-1.013357294158963
-1.6553406524622756
-2.0872138748544455
-2.2934259468512925
-2.250352567096325
-1.9087381159347694
-1.208482497155445
-0.12699953790954543
1.2584317476435491
2.7284668298476125
3.9318903559079645
4.46267511938072
3.9914858373503197
2.4113068262040116
-0.06054798672528033
-2.878112619725506
-5.285810974084294
-6.5386631957605665
-6.153287779168136
-4.09762613185456
-0.8436907147644683
2.746816347328861
5.675090156432519
7.1141386888608
6.668462505065995
4.4960328570597845
1.252758602449246
-2.120286398441889
-4.694462905564344
-5.835731405152496
-5.378365531764332
-3.6371165365205833
-1.2618356773464627
1.0063501034677598
2.5841009879988723
3.2093357338116584
2.9675605481474334
2.187213664970696
1.2614439021494734
0.47902536614737756
-0.06372176843766833
-0.44139824432100255
-0.7948205255170625
-1.2076481528731584
-1.6314259668593354
-1.8955475642871418
-1.7935935382807628
-1.2011099090998456
-0.16718720358705313
1.0655992421464258
2.1283156187658867
2.657589466625949
2.4391653286790045
1.5017393465779172
0.12010430964555877
-1.2751972566470227
-2.247730267772883
-2.5086575990296485
-2.0163735332253476
-0.9846141020439967
0.20340759436610253
1.1408685235886733
1.5464626026455697
1.3601905724857395
0.7516515875524572
0.04043179861892762
-0.4392923762324193
-0.4761297411514955
-0.06602370610650542
0.5881302774305036
1.159384365217609
1.3291636473941102
0.9181672283207152
-0.03521568085661396
-1.2790051400359848
-2.4306690001799938
-3.105218519223527
-3.0400378016263305
-2.1739197590632044
-0.6598730458822398
1.1819043047182398
2.94636221254245
4.233751654853951
4.728346686007139
4.257148922268051
2.8272022950036595
0.6419365537703359
-1.9077473718277307
-4.289858707841058
-5.927375984204635
-6.339147660235566
-5.292496658636187
-2.9131136325441913
0.2996766906730628
3.574975646951474
6.069924703047355
7.110370324492402
6.397397617418195
4.110117897200315
0.8661788738246612
-2.452070932845928
-4.954212390679452
-6.003006011506017
-5.399864316649385
-3.437228766795411
-0.8002427132610885
1.655832768987584
3.186137471786499
3.4030819256760845
2.4018626832816774
0.7149982618208204
-0.893885392511902
-1.7260829591129736
-1.4230361870251125
-0.11196516049314545
1.6382005753171942
3.035826057405115
3.3773309150433977
2.3310493913438552
0.08687521723664489
-2.6840416010579657
-5.04737122878791
-6.127495757500579
-5.420897342838527
-2.9896602988501737
0.5342093983222168
4.137028569947961
6.7419766993989905
7.551871401334857
6.302486334232065
3.3454981174550387
-0.45791977157546543
-3.9932731912863395
-6.2298523348043515
-6.5550901762425156
-5.001925694782112
-2.264630688553522
0.5427229231857997
2.3228684223515352
2.4618860546523136
1.1212763109840769
-0.7947060545671142
-2.0141349294165947
-1.4771807781383806
1.1230637497841176
5.084478175462727
8.862468759202924
10.624370696209015
8.991515532047007
3.6787121719553726
-4.2354910820317455
-12.542033222787147
-18.580740824408505
-20.13523795422444
-16.226731822042517
-7.52086963071317
3.804991801693863
14.698805505336333
22.163683437872542
24.16871333666818
20.240805921843847
11.555489669666207
0.5208557748506055
-9.983505644221074
-17.44964245135543
-20.397960965266673
-18.662940832599393
-13.261371564413016
-5.937914995829977
1.4232864113921144
7.315934718095519
10.910306855945958
12.085156586048885
11.243953915639624
9.030583026670932
6.070119524412544
2.8221572665738615
-0.4301971844752544
-3.494030327565115
-6.1561270765257845
-8.12028959316727
-9.033604441584751
-8.596299033722739
-6.7063950786965645
-3.56921938133193
0.2870186247463918
4.110144372286457
7.11017896144194
8.669871689560255
8.508201901982043
6.744994881257281
3.851748845897715
0.5113843630380792
-2.5661259361020545
-4.817381528018161
-5.939615835470366
-5.917167747951586
-4.964238733310317
-3.4169814151303974
-1.6211695687375687
0.14483545170536072
1.6939209744960544
2.9094373601081283
3.7068244025272525
4.007543593157765
3.743691754321747
2.893191824860587
1.5276949196163494
-0.1555953806436576
-1.8445664698247355
-3.1739811137075957
-3.8229533803575397
-3.615555563594988
-2.588501615106736
-0.998647236496376
0.7390076239361062
2.1681620391282177
2.926719085860747
2.857556462731854
2.058919493378751
0.8519600274058917
-0.33676236126861625
-1.1440917720514656
-1.4196245270766599
-1.2792740415862471
-1.0263210068864446
-0.9695123954509243
-1.226316744158339
-1.617467190121366
-1.721751353285207
-1.082556694103655
0.5219758309485693
2.8748639644544998
5.293533491467148
6.819999528131771
6.5733063827693385
4.133230681578885
-0.2011361060049144
-5.397066861099607
-9.950292851493902
-12.350733004405116
-11.59642505886376
-7.573229250539666
-1.1586163442218267
5.997922804448372
11.952556741455929
15.048204094025659
14.410477256199872
10.201881196485752
3.5606042578685178
-3.747900142916203
-9.850948806954817
-13.296346477560949
-13.428025019555344
-10.504793024021456
-5.54404065612011
0.039024798758841024
4.865709416315189
7.959771222332436
8.941825290692886
8.018169805424902
5.801629849722196
3.051381121577145
0.43071906555830985
-1.6431278905838491
-3.029250086199443
-3.7923964384184794
-4.082448991094187
-4.024088256781961
-3.66141427513044
-2.9702325319880782
-1.917702919810416
-0.5310705944584578
1.059800385633914
2.6244976990376445
3.8780297554475234
4.554354545590316
4.481060588421244
3.6289106191877036
2.121648618707299
0.20790202832864335
-1.7898972670890203
-3.5304018910663104
-4.700670622489045
-5.058412063816012
-4.4770306906585775
-2.9919154024275163
-0.8315493951022819
1.5906383048597657
3.742435849450362
5.096700398410878
5.284450849497285
4.225337575152707
2.180821530637292
-0.3016771579601556
-2.5455700467643267
-3.9543846668343665
-4.2010569508835305
-3.32801751429937
-1.7197443882559031
0.04312083120252068
1.393761132539719
1.9746528974828763
1.7465711955505248
0.9737339965027322
0.09600495839572276
-0.45796110011599944
-0.44221228563158865
0.11527596754509337
0.9327750122090596
1.5943238784388816
1.7203788659150436
1.1249907448005227
-0.09776565264012477
-1.5900276821400614
-2.845993634620369
-3.388907347746478
-2.947401986739139
-1.5680098773483824
0.3789294460694258
2.307460014790684
3.606223200758868
3.8476580085189895
2.942422154964675
1.1808898745471534
-0.8581335177866999
-2.5041554026624904
-3.230019192590974
-2.8393766074840565
-1.5341174662767862
0.16591475313170065
1.6204967715101826
2.3079054380033504
2.014338820744379
0.903744752473533
-0.5548991772098744
-1.7715005396080117
-2.258610563212696
-1.8117486403777192
-0.5819152383438934
0.9825041856799529
2.3002103264531897
2.868146928719372
2.4446727545712506
1.1395484371684947
-0.6214029076621501
-2.2441114971088054
-3.17392740562205
-3.089104921406792
-2.01136350338169
-0.2962804138917304
1.4901428870872124
2.7645145264978463
3.122572223773954
2.472210463072909
1.0578894009792945
-0.6303656197271109
-2.0292081327071445
-2.693169316170289
-2.438303981002371
-1.3921274922026987
0.06191850549647201
1.422204423908359
2.2399483665229805
2.265744412560974
1.524356055401163
0.29578754206377716
-0.9881389793771017
-1.8942919558754554
-2.1327639458686867
-1.6461825206837302
-0.6168495194830119
0.6043582654673118
1.6173154678952442
2.098112322937575
1.8927054812913235
1.0567184283154727
-0.16308218222359125
-1.3981592292149678
-2.2619149439949506
-2.461982419456206
-1.890638731918736
-0.666968677272094
0.8840312629991401
2.313623550094057
3.1733226673086303
3.14850055269314
2.1646415144429576
0.43268732453248204
-1.5876744033499668
-3.3062270761906323
-4.174566944554555
-3.8626363538945476
-2.3814495813302115
-0.10556202967062493
2.321341085093027
4.174416963453009
4.871218166564202
4.158645916063247
2.2024077528293065
-0.45080978532125665
-3.028852765362457
-4.762446621225629
-5.11900156898823
-3.9701358119834596
-1.638862477273596
1.1910017409638805
3.677552916012704
5.074915185012428
4.961324676368716
3.3703783766031186
0.783638619436778
-2.014103533974796
-4.1733348273069835
-5.040773433319221
-4.36329697901591
-2.3687997440853668
0.305583035793276
2.817045302522609
4.3867388358882335
4.546867055592218
