Beta
0.00986178564407145
0.09047583393881925
0.26350189820424424
0.060785899113946724
-1.197980349918132
-2.2033784077384357
0.3812503914871215
5.667791423478094
5.771279618479479
-3.0736294848804824
-11.07348392403554
-6.947593382414616
4.778290630123685
10.011170596763163
5.131342438639324
-1.1568830609866183
-3.2888085786618557
-3.394908685348999
-2.4349931830608176
0.3126265972851128
1.2896960223327099
-2.009110490608523
-3.736442985144954
1.9415538074157104
9.731229358948934
8.854954036339175
-2.4362748173289477
-12.947709375834158
-10.743648837785482
1.6604118783740165
9.5479889804648
5.471482370403775
-1.8092719156883659
-2.1478592806920758
1.8250409950031172
1.8670973972384268
-2.2531887221890874
-3.971672398863764
-1.1421545741523569
1.3371440367966647
0.3672321892182342
-0.6105389012633649
1.5619598899950904
4.469467476358438
4.594557205134137
0.8271798556519043
-6.919591863773768
-14.707988798352922
-12.490388556672908
4.58057491135297
24.441022473848047
27.169037457871223
6.605806641497342
-21.085087095063365
-31.87576238481101
-17.625411052687152
6.033561374949973
18.058732937150708
14.367545559759318
6.328520163914282
1.8481329752492808
-1.7383336152087538
-6.502881918847771
-7.5332713484721285
-2.8076622502720614
0.5205005167966098
-2.4105425451329414
-4.7873818003788395
0.9490888432267749
10.04518479299728
12.11073841751639
5.114528980384192
-4.373813163129166
-10.133280796463417
-10.345997338700467
-6.313327116731573
-0.44407782523210637
5.740225432499041
11.178168356741809
12.058514947051775
4.0475971882323805
-8.518879259883402
-13.308556246380213
-6.517278380320147
0.9031359619252896
1.0989130240863523
0.7618172319685252
6.359556869891691
11.128544265230328
5.63013661174325
-7.085414561124886
-13.554902422245336
-6.34834217843588
5.046443246704324
6.330944525926104
-0.5524900064093637
-1.863197201908792
3.62775271096986
3.6427323965681992
-3.547574760645825
-5.081683824147954
2.8978208727355237
7.106221763322024
-0.8751660119046321
-9.895816711587877
-5.963363629821213
6.295874002963948
10.471233712283075
1.984910726751115
-7.446103397244434
-7.811787587826104
-1.4561665294101183
4.770152966541531
7.515165029457989
5.604418614106747
-1.0442933201130922
-8.629539107504305
-10.251819346206666
-2.4406788316955823
9.351278510991882
13.583462822856712
4.3542367849843835
-9.770542590323862
-13.891892981001101
-4.343441020168158
7.669450836020913
10.5457064298192
4.528151638137069
-2.5517309241163972
-6.366816657910034
-6.859493751863935
-2.174189674527736
7.070931349208395
10.608364075246925
0.3801834876891323
-12.867409328513205
-10.780529847078835
5.94056667524901
16.696123381335752
8.173154883120525
-9.230552761704747
-16.141772824660038
-6.978010245836754
7.385250137333545
13.65682239177961
7.476474380928558
-4.76469639143928
-11.213790209232666
-5.534287246588668
5.000981261306873
7.394927435018008
0.04940784832355816
-5.533019523024012
-1.865308999139983
4.653815494004755
4.411239079977925
-2.1848725494427
-6.5841702200893915
-3.539014059724478
3.2001946039104063
6.119426779716231
2.690372696772565
-2.1103407502913645
-2.3395085496676287
0.7934296660884689
0.6387697142106089
-4.431599685166378
-7.213425066251051
-1.108845509463815
9.870420238240888
13.773586281184938
4.116425363228458
-10.521441567400936
-14.58596916319047
-4.901101241269305
5.181896251448467
5.223823070920534
1.3142131071003578
2.79245943403691
6.364106998897061
3.541766426664585
-4.532831511593479
-8.984051730851577
-5.797140128148671
-0.2950596222333588
1.5484912877306658
1.9624322919549397
5.299122225715349
7.139929031097528
1.53346440620499
-5.321233106746982
-4.312888606104501
-0.28149425091905683
-2.194326522302858
-4.815641146447941
0.8579995565271408
7.993210323665357
4.553274042127424
-4.317259165097161
-4.008581314801856
4.609617563845043
6.318843961936692
-3.6148272538412405
-11.76084449985452
-6.498086625091015
6.254270385294104
12.271198170321536
6.700009779909537
-2.759861310917707
-7.288645602600096
-6.263441912487161
-3.623915427953998
-0.11940855963357772
4.622895253463142
6.657787643232886
3.068771776724387
-1.4718185338769352
-2.0684863919878436
-1.365688902619708
-2.227477089536762
-1.5017484841594486
1.7918317223283573
2.2652709372421747
-1.844487052985078
-4.4399983559848994
-1.39110625247764
3.9021155761932844
6.332163723846736
4.0755191037362115
-1.1692468392804072
-4.956015498200274
-4.360007860813366
-2.3904607658049457
-2.5723141585173903
-1.3385499781946997
5.3946192939107815
11.347444649186766
6.876825308009873
-5.207654792934201
-12.142824013650644
-8.519553094575407
-0.9468917095184283
3.9831373488232904
6.941884193060491
9.47665348109828
7.6571891301333554
-2.3737831518447634
-14.507110366046284
-15.934920470663602
-3.234503167876809
11.797887522706368
16.084514560687246
8.500803342145035
-3.0774898007206875
-11.037325418821922
-11.638457352607412
-4.7474312546954796
5.461325762491786
11.363570533345415
8.208814799748886
-0.6928438123902931
-8.283544354139867
-10.360873465872507
-5.542350328015065
4.763267653178752
13.385121914712249
11.62275660525608
-0.3232559836971301
-11.843775416946876
-13.033533000602066
-4.890652416576591
3.7694347292943715
7.657795466693228
8.001958605241482
5.311699438888575
-1.7388025360787007
-8.988598554219024
-8.157694880662762
1.234948531614826
8.58818018699745
5.012302138804103
-4.41000945238659
-6.772931845254511
0.46708402874043825
5.619451474407501
1.0475331614801868
-4.60379545892826
-0.9091921851922911
6.519911401635595
4.735181449214439
-5.080468897552105
-8.64618691586004
-0.9386746913270143
6.165112337750776
2.616278435545008
-4.983441367729395
-4.050750242002024
5.329302252349677
10.12698799548651
2.5022509571744966
-8.624271254833403
-9.755192237696592
-1.1442960320492024
5.701381783563696
4.420178166211576
-0.7432538681111674
-2.5242594404115293
1.3757656782164147
5.470435373681132
2.0646563623105236
-7.154897551671637
-10.097387665796147
-0.7557990326281728
9.816210328841517
8.19088382689043
-1.6161113590709653
-5.304009657690973
-0.7742448042596342
1.6580782338125601
-1.4318142433468386
-3.383932387022128
-1.382628203645688
1.2146008511623432
3.138782225079899
4.253069691511687
2.0486179221532765
-2.8960640302333798
-5.1492224132196895
-2.5046335191175952
1.382872801373863
3.5280865735536873
3.9604147638258773
1.9869768556606646
-3.303778246606629
-8.30141324738041
-6.501456907517252
2.614850777758236
10.621168362883177
9.465847399634232
0.907314097985013
-6.44583948995274
-7.316571591940137
-3.7413601545211344
-0.18915513627714597
1.467537316473805
1.842913206050565
2.053417059064206
2.6169184536421795
2.825468203363001
1.2968373814076704
-2.335416688658824
-6.115717599164537
-5.931867000052144
0.5124581244437559
8.257738694505163
8.473437842812192
-0.04642914322539485
-8.339579430036999
-8.307094181866159
-1.2224663295302978
5.581914646115712
6.583515576003238
2.241153922172085
-2.487262499697498
-3.1470784473070315
-0.10285120722443442
1.5698365986913594
-1.7450062623813383
-5.273372344757126
-0.6062586495420047
9.243071833391376
9.187108180152665
-5.201899052209451
-15.643048233967821
-5.8083595844091676
11.915094503358485
12.923394487735624
-2.710335050029843
-11.293417285103892
-2.268682158720815
8.009230247955946
4.317737623290665
-5.125916954850458
-5.428896959320934
0.9792565107277988
2.2461895240318848
-1.3221043006404614
-0.3488726097413958
4.869944165835205
4.634962553131021
-2.8021321936772865
-7.288850280523713
-2.4752590795599496
4.467749576345879
4.2601317409403
-0.8889757624285727
-2.458677933759684
0.7470687488171018
1.7086499376447837
-3.133250576619531
-6.7574237254463325
-0.7241795345460288
9.892787690937718
10.307279516524781
-2.0801943835115897
-11.393910850343536
-5.855612520913495
4.88055195479637
5.528798765579309
-1.6151760711114815
-3.7865162908598107
-0.23320099385231893
0.38090012923790617
-0.7628819052005301
3.904962819191087
9.11731713797833
2.1777680084912
-12.330288909146487
-14.284603129042736
1.2081747974174153
14.390467419284917
9.734398077993767
-3.1177883312880628
-7.017720601677745
-1.8483036569325093
0.6251804367533662
-2.3257087440357878
-2.5111743392046675
2.563789099803342
5.030824031679661
0.8649583375257267
-3.1116813965310723
-0.7464130872619374
3.842610932222797
3.0485207335003914
-3.1044640623477866
-7.108418512762283
-3.8035669405163217
2.9300919263464973
5.168105186627959
1.8702838963363846
-0.07443335065381766
2.2676056938232163
2.5509728522231994
-3.194212366049809
-8.163443135786634
-5.087760264386366
2.6393399866605014
6.9497202606758695
5.741898563422705
1.8045090209868964
-2.7956801540604945
-5.863418139600044
-4.11870324811405
1.6402131106252673
4.822193121086865
1.4114485454833852
-3.375670687963829
-2.222479891120679
2.789572443713992
3.1197564414053707
-1.9831666016440377
-3.4925000400451554
2.208897476201286
5.937448345463513
-0.1131555612562273
-8.675991910748804
-6.904025752733457
4.470751085349178
11.047454991587786
4.308320964263585
-6.524254309889706
-7.170396126030612
1.2750179011684197
4.091347023925774
-3.5460515124924368
-7.497952886247355
2.9346479856144208
15.466758536779938
10.758653178068213
-8.787694944712587
-20.117059066927997
-9.437007740606393
9.943879834119933
15.131007143672836
2.663583862848975
-9.093633652196662
-5.574531461681274
6.356475298896415
10.140208175923904
0.8064432120378169
-10.749706568492078
-11.439048621835285
-1.1075076095005036
7.366279418445103
4.734976120412665
-2.2155133290287075
-1.1364734401820513
7.242610084685456
10.071178473697525
0.8582474991633541
-11.649325329004265
-14.608974764997479
-5.229208878245691
7.439173915106924
11.565831058928296
4.31012589366353
-4.414364242956842
-3.6639746019226154
3.742594091380637
5.150849258105644
-3.243841454498148
-10.365991957607369
-5.7862680315992945
5.764162839926482
10.533696851004445
3.5067681231270393
-5.436111104172958
-5.231697599943867
1.237201106247571
2.9846963831430826
-1.5608218604404533
-3.780961020883403
0.1059777232838953
4.386037796014249
3.93371458018571
0.2244073897908691
-3.4573010324223636
-6.090069405740115
-5.40820571323791
2.7002040135347576
13.810101573173524
12.064337547796063
-7.9740980816735485
-23.903596489033937
-11.169234091279408
17.33167945349006
23.69993306531072
-0.040212059112483226
-18.83407711665165
-7.673121598536485
11.874749689456676
8.883242485892989
-9.13535454790449
-13.5150691258417
-0.37814340513001565
10.293056866258485
8.794468618444217
2.4557580033764097
-2.9801604292872237
-7.197550536581521
-6.853623024986231
0.24179249559104576
7.216931901028933
6.018601613576272
-1.0696966239410803
-5.196776599647079
-2.309522547142009
2.823233443198785
2.4376631086228926
-3.345911024400871
-4.893710419231868
1.6340849381425708
6.6090056686058185
3.665820926248629
-0.36740831887800696
-1.1061422901425841
-4.035786996615904
-9.179029548701804
-6.786445745475479
5.607293847629839
15.77779396772537
11.589352960075246
-3.489110891911736
-13.65048904281395
-9.374419724099381
1.2126284799425047
4.420158033063476
-0.2022555361441371
-1.832844365521719
4.060493672113526
9.706719325075216
6.472249034643158
-4.443663456148734
-13.854553578337354
-13.241828836045997
-1.6186940566820556
12.465862668358962
16.50193523176972
6.161711704605861
-8.259218941449353
-12.023901870143423
-3.309270105625426
4.768195598512004
2.253314486976289
-4.37517442561125
-3.392165492175202
4.578689268299349
8.77521885779745
4.103603298828234
-3.2829536579628695
-6.527510870915206
-6.402193389175926
-3.952270722865393
3.8335814879119097
11.352947304256691
5.670424485830169
-8.121494006343069
-8.97852349318323
3.4023439155231516
6.739814709392228
-3.204435262770898
-6.065419240345362
4.2888793133576275
8.50979027980805
-2.9893084136318686
-11.852615028727117
-2.0746200701895505
12.31744738904592
9.21251254606535
-5.730391517039187
-9.585777761674837
-0.5375528621764634
2.173740441780676
-5.555740145611098
-5.543989777538703
9.09463542751466
19.042688280924583
7.900288363254367
-12.702290541875009
-19.77038975208511
-8.675852828415387
5.793696134957281
10.848254133192144
7.075673174105866
1.287037952641156
-2.596961335012818
-3.7862057040536956
-1.7430416628281948
1.9368929160894055
1.6135894496615553
-4.750748925620691
-7.84782915399561
1.1479165683823696
12.644239024305932
9.417824576040113
-5.547282332779776
-11.772350619356674
-2.378462847483584
7.074668178663417
4.049741959787882
-3.7582124456076764
-4.226710535594585
0.1466494425650747
1.2031471845240627
1.0653100649717784
4.00624276887243
4.326749846852447
-2.3829178862399734
-7.991488348421417
-4.632791421407767
2.4707078429084
4.45821556320793
1.9144414014301803
0.9472133170491456
2.4117897755242907
2.0888620796334143
-1.6034508032382124
-5.906143826534345
-7.377373135130676
-3.4250786858958335
5.460396129380687
11.85337912753458
7.062137053245954
-5.107467806284251
-10.039361476536184
-3.32800723735754
2.7342726650006894
0.6246535094006248
-0.7842396707383172
4.702672468861385
7.265014446801915
-1.2722057029849299
-10.614937001444904
-6.670347785332964
5.410704887138407
8.174812190103188
-0.6997859991194573
-5.107234922211309
2.0475383292051954
6.521808293821325
-2.283507188881761
-10.847440517663648
-2.772765915215069
11.661855817767984
9.501428234425381
-7.559312691350741
-14.682794627712125
-1.8345823777508388
12.914713858349975
11.120536644983197
-2.556979576421568
-10.463823084109105
-5.378438850021665
3.731874972493586
5.783324419891632
0.019260801077993127
-5.646307492913242
-4.1073901511883015
3.113104604470014
7.146587136360019
3.2312275925751557
-2.3368784653339882
-2.0160875565975407
0.7472197001967003
-2.237377025673686
-8.036739758946434
-5.125222625465503
6.499496305601188
12.081539674391243
4.360193098472569
-5.684038056683146
-6.727460178454709
-1.5881701849645211
2.1491634721322175
2.993665859056763
1.5030223344133815
-2.8454699308052156
-5.741495485141126
-0.8148273407576025
7.293408662764176
6.067335661182969
-4.110615018545589
-7.58809699187776
1.6639668174218694
8.546356436958932
0.6805038292102827
-10.398186944002804
-7.096978700787744
6.07448678373635
10.673338327675838
3.2939728016351855
-3.178204985003727
-3.1409592289243475
-3.6736456100780983
-6.6880465051709646
-3.9772893565220566
5.958652564627366
11.556624902913223
5.147194506455027
-5.120778575567399
-6.939169305121641
-0.23862130203086274
4.03829724283574
-0.6959587822878378
-7.4136437007445
-4.955340019235065
5.300337777310461
9.965141630792216
3.0502290124761187
-4.875042827309296
-3.4280018754117054
1.913937107346917
1.046003471279257
-3.259039980231654
-1.9785241433382112
2.6529342773100884
0.537679352417456
-7.386876264534826
-7.597852516087783
5.458810290594432
18.545928955963554
15.71734494995923
-1.7855401566428388
-17.893220749800935
-20.238736223594778
-10.3690603893718
3.288926007086405
14.450559950688147
18.245832658750547
10.882284003537686
-3.749844119460542
-13.94565826547784
-12.171466952627481
-3.3605011813233836
2.509642898695249
3.6313172214197564
5.707123372295205
7.92855538963587
2.0450793469774244
-9.494060872805738
-11.159572415691057
1.156658949318785
11.24625905057188
7.437383567017645
-1.7266937338280925
-5.13505754042331
-4.844898549860596
-5.312915853959762
-2.506212705015631
5.712662615645097
10.28473526980287
3.8855042075144155
-5.451627827421201
-6.099387214592496
-0.8880569884458355
0.09058072276463823
-2.4181547826916496
-0.577325138197656
4.9061549955634565
6.606854490486431
2.636869758434266
-2.975171219882994
-6.438998279228005
-5.324997187978155
-0.5560263131634972
2.3165833841415258
1.467878168088512
2.4710273400231375
5.780507038148158
3.4937047429836627
-3.776129429806347
-5.435988733061631
-1.7638095522165174
-2.9122954105701395
-5.418198333163262
2.2744154771856726
12.164448376532455
6.484879698329993
-7.405918200738056
-5.988730177308772
8.541631499265316
9.662885598932142
-9.075163832773121
-22.242326849784195
-11.165319349150549
10.190916455924095
18.58587978762026
13.04713147250047
7.239318985314943
2.0319482199278065
-11.560183541404038
-25.76800174809597
-19.451378611845577
6.761081550657727
24.445114812409322
16.60526810239364
-0.3145448188445259
-5.569568886821504
-2.5701749199651798
-3.591131643368661
-6.633216643943487
-4.100916527966882
0.9927433190646282
2.04870482221681
0.8823969300896137
1.998984633346725
3.9249960913826865
3.9593447943514226
3.1526189505095323
0.941265672508415
-5.598654348672041
-12.276813103995067
-8.983632413957812
3.993818819018417
12.538175116584911
8.056411641884296
-0.5823348782529137
-1.94806746367565
1.0532702442518096
-0.8963365426151579
-6.645515072596705
-7.510905243238363
-1.970360760200729
3.5002443366136355
4.792309015758757
3.5596807446410286
3.0561914202789633
4.4260933506496105
4.783027028576361
-0.7624337243421382
-11.587315733491389
-17.70912602170519
-9.211932321047492
9.480855989544303
20.935605436725208
14.540017991415382
-0.7029527375263567
-9.337884226658657
-8.920431871957783
-7.190085476002437
-5.728004354575604
0.5403194610032348
9.052551148664834
9.174456664592087
-0.011997232842822482
-4.937351555662233
1.3774016894526149
6.350177538174454
-1.953344569068814
-13.243049431639353
-9.579416505400456
6.141983279839377
13.708774738786081
5.375153202521912
-4.687249120486735
-3.8603339896402313
1.7356031644193999
1.278230575741787
-3.6119071941914216
-5.537876847683775
-3.284416061138467
0.8922358414389008
5.682833239794669
7.955256185923762
4.600238818147644
-1.5704951388989101
-5.287248034130336
-6.261391449175182
-6.057495860656972
-2.406228218206937
4.954059161915857
9.044969693392279
5.245525779434855
-0.7268438530517117
-2.3124988138264073
-2.1260045943976293
-5.019714094735308
-7.45905819235564
-2.4398396503246595
7.545261970656059
11.7229999443959
5.628956057762244
-4.282395142260545
-10.23028486655229
-8.846319260848892
-0.4728789310236658
9.050795847990914
10.561916506181575
2.1305894537413943
-7.263900488223822
-8.72135993762539
-3.2874518822724945
2.2650691514602452
4.723520405008737
5.2592621152187045
4.089835502446574
-0.3414144956886022
-6.532108395855442
-8.467102379920123
-2.308296008218741
6.8443858937077335
8.929769739967282
1.113477759814441
-6.970758019134239
-4.769952641028891
3.5414665827516045
4.39487035845325
-2.8761835599718655
-4.326356507694135
3.5580154721114954
6.401780677791455
-2.757083572490319
-10.130023051055364
-3.516277169057618
8.093128742980905
9.372664007957832
1.4095869270411525
-3.7544783902546492
-3.2158548647826217
-3.5225490300577973
-5.545880711075525
-2.7947334367413323
5.751553697334838
11.2000658425048
5.637839425192395
-6.777917373772623
-12.583425876770278
-3.952208793497102
10.164147929404821
12.49918648447509
-0.9466192521116976
-14.290638296548984
-11.520513053782532
3.687065910972661
13.939071155654556
9.176985587724948
-3.3520011675488344
-8.908108183450755
-2.99212939867267
3.7050644581327745
1.130524308904927
-4.931478945614904
-2.6290808397882315
5.47052770448583
5.806972692929742
-2.696214968248552
-5.59781175378879
2.31707238077571
7.2185260521420025
-0.46345353507129705
-9.493207864545532
-5.711072772460499
5.890112785358425
9.107283353189448
0.4407318117911129
-6.949518942381067
-3.804540057631704
2.531482574779486
2.610190780592571
0.264387184627989
2.162355232856185
3.345689041130575
-2.6904233719347412
-9.127146141534688
-5.321451281608296
5.6305657609328374
10.777781210639647
4.899167401776931
-4.524084391110589
-8.337317450119363
-4.961695210043677
1.5181060152299708
6.0751138054220375
4.703445413753324
-1.5026037996003907
-4.796339239534936
-0.7927554284262956
3.7473639086912924
1.6023983430218274
-3.0600327487634247
-2.7502091703378038
0.9049930472046377
1.999012700366896
0.7143820269792256
0.23734457614651655
-0.38308709866962554
-2.3001906159116854
-2.1593467511256232
1.379068709658779
3.3622604753363903
1.2543276526088054
0.18599513496143194
3.136980061918572
3.5389419243170672
-4.598589849076405
-14.175326817935806
-11.357914964819239
5.410230787284346
19.66077957256749
15.148611767743136
-3.135084980219761
-14.339850674649963
-8.62828712633901
2.086323413715599
3.7448843408424355
-1.51203140756052
-2.864622601042118
2.5826140996861056
7.342390858624119
4.225164500970491
-4.063347950647192
-7.6752037872813785
-2.5801210766187883
3.568914302729248
2.361369984378916
-3.060077869419545
-2.7434649872262433
4.836996981473537
9.476599336771828
3.567449744810927
-7.032155387667824
-11.483942650289181
-6.757417572210988
2.8491770092333586
10.84859304640452
9.772224062875878
-2.3273148910835033
-13.428351466977977
-7.715325886061197
10.654851960236513
17.244681816183324
0.829828516649444
-17.039697754902207
-12.75293321465306
3.8535733793886346
7.916198282899763
-0.2435677942075612
-0.7614973799966156
9.056569791663247
10.951111504877478
-2.9245395530450407
-16.80378759837894
-14.294602778840657
0.37031774895852493
11.683237175154199
12.69328051740315
6.545282606176713
-2.651154673467282
-10.436291308216251
-10.813336019113386
-2.99413951325136
6.266157930606915
10.521410002267356
7.854943095348518
-0.8220366036580862
-10.152508790773542
-11.18552903822135
-1.6085259054020282
8.536575616347054
8.285366156918352
0.39051523243933917
-3.1975947987056914
0.5493169719069262
2.482134591649649
-2.6462037997571475
-8.036215152881562
-5.642415267282703
3.0667420717912646
9.538439379625013
7.726017390847823
0.12002825947703767
-5.789123229436642
-6.081250056060839
-2.785595236291097
1.2557225438506077
4.781891845059104
4.776260563351264
-2.1200205439457482
-10.874844774970592
-8.849222732436454
6.932179300711048
20.420436515879427
14.510829406251627
-6.095829138245983
-20.118138022979476
-15.784439538683586
-1.9714207630670977
7.006122626868823
8.078784524481373
7.068610262345053
6.8185839784010795
4.293541893975736
-2.593756168299895
-10.517230800415492
-13.173680252933156
-6.333408049326502
6.703346025881089
14.446755397768293
8.983347008014254
-2.3753283270405703
-6.979466005270843
-4.755559158777539
-3.538806000905611
-2.651896484524952
3.2719243625147256
9.65350313169082
6.744982784581498
-4.2715099684416025
-11.879108036622734
-8.593785088861585
2.353140159115888
11.563588452742483
11.017783947869228
0.8716766984267906
-9.558445962480198
-10.750751903331093
-2.8202694999322495
5.755131736313185
7.586798652814599
2.808961467249154
-2.4251164571855313
-3.0950130369640254
-0.6692182994855688
0.3200257921446162
-0.8472484720132192
-1.5771804060196886
-0.797223299164471
1.0282706109857476
3.5709726063630662
4.73995820606934
1.0539340907699652
-6.131622937004701
-8.518361539286197
-0.9216525617044065
8.729093322308184
7.868651524578563
-2.3798836288567666
-7.938180108738677
-2.6696788283483226
3.4598193465723446
1.6880818321102522
-2.0303925129297276
0.8500975412947159
5.613554349424262
2.4134498393882544
-5.854500692811748
-7.317689980775761
-0.13467068381300554
5.348873958649675
3.1701837436590834
-0.9741548404867485
-0.6488977079061309
1.8288160822461768
0.5815946868561638
-3.718097726890065
-4.483558496028542
0.26141591397132286
4.62663306656716
4.449827373314298
2.1745603341801876
-0.7172752882241474
-5.937317838852436
-9.768633376090502
-4.097661260311783
9.200202686502163
15.98110605830643
7.676833726941861
-7.266725646244487
-15.000250626004185
-11.777052774146869
-2.6221381144119715
7.858479281628117
15.534021405350574
13.736334320418322
0.7625895346245288
-12.92605066787561
-15.604749731994906
-8.931342579170579
-1.379655272933703
6.4546958420822085
16.679294463089253
20.504029857033263
6.291605124404041
-19.087232853317932
-31.25686848619464
-15.942131442013762
12.965834457381398
28.48974943797518
18.75156000433108
-3.6376563712403946
-17.136897843125436
-13.209790900482444
-1.8213204331689814
4.067186660640182
3.5161236534866602
3.0460540367205446
4.054032479703847
2.8605458679514273
-0.827462554630055
-3.6513725140637727
-4.643769565943774
-4.584882918887732
-1.498333145573319
5.6705045203513675
10.322938186954687
4.277913595687232
-8.121127548688303
-11.934487896076769
-2.131957461048424
8.160798909765347
6.772210689414009
-0.7293712265866777
-2.1944402557273475
2.170801343113226
2.266652368880066
-4.69450330024646
-9.069556878928301
-2.9391660519346248
7.31497775828514
9.006244248897863
0.5903104554272637
-6.585923740988726
-3.9030345079007986
3.860307413057894
5.99329360693101
-0.003938794394923194
-6.018248160437474
-4.823883818337905
0.5722275384704257
2.5848291628011077
0.5696484771513991
0.4111220186792942
3.928491412450071
5.524012848353145
0.557501229852704
-7.342929720742154
-9.809707079787636
-3.7305249997458683
4.899641328865923
8.46396548422122
5.886853452684086
1.0246100298241487
-3.1181719592826838
-5.345923612735054
-4.53118066028351
-0.5114356817227087
3.713428478272562
3.494562642093138
-1.5496080117211473
-4.760126212287668
-0.024646384696241783
7.924711299038341
7.424403379571393
-3.2311977764016815
-11.019512604468687
-6.259792835580589
3.455456420296231
5.760618825715721
1.1192997558009246
-1.3725729745762845
1.4182648065851706
4.364015041786039
2.431808836692333
-3.3177533442011415
-7.315121791757434
-5.902461439820616
-0.7623436752377218
4.433308232516667
7.49345127719501
6.846943252103544
1.6549215542325963
-5.1784634240285525
-8.035492857277907
-5.1596835662936
-0.5861736909741441
2.5367438126987287
4.916827137784661
5.581349016858346
1.9444847903652727
-2.8689527747182657
-2.895428923629134
0.050259796088288594
-0.7818990780922823
-4.536341744521468
-3.646103260776138
2.9118261675932207
6.816109037387145
3.1475678446776962
-1.8272754990258238
-0.7781678157962204
2.5755471205176614
-0.5886377873486693
-8.705956198226463
-9.651550961596998
1.6407428781613245
13.595810292430977
12.578069562049418
0.8245216619081056
-8.852521603390866
-10.22397459599552
-5.863830249406632
0.8153733962925792
6.2382174074242025
6.2689178247822674
1.819879320444706
-1.4903222091394364
-1.5400679287986536
-1.3036298021327535
-2.449227205089938
-2.425546539106967
1.5307737674205983
6.717248628533783
5.506376396422599
-4.258509587158446
-12.095308561836488
-6.87444716728919
6.067697939902493
11.387700244249269
5.826587617775921
0.08075686165628398
-0.9563687723432441
-4.277963546868123
-12.263757457949394
-14.09866682686564
-0.6191373278616029
19.655613187615256
26.591945038335133
10.455464004681573
-15.650784766237603
-28.337938557140657
-18.087423388904703
3.019438492301521
17.113270740555237
17.702921917214628
9.507498324599856
-1.279449725281265
-10.56399856816766
-14.029467168439595
-8.791273395674327
1.5813844870905986
8.885404917337866
8.811118137643696
3.915638006674155
-1.5144671393046145
-4.547832948188124
-2.895691083334257
2.355628601679647
4.244076224345958
-2.3019884990893016
-10.325092281676655
-7.459000383569869
5.805560192821102
14.363137975633595
8.261935063255779
-4.734727137624155
-10.347289899809148
-4.949068019783181
2.719643474622411
3.9636979878686387
-0.052431571702426495
-2.162161983494358
0.12474398467272395
2.339957970770742
1.157269326710671
-0.9225495309300421
-1.0398267996390476
-0.34516819219239187
-0.09827884010377914
0.6069702025191142
1.2639617531325822
0.3060928570555873
-0.9337134143813417
-0.6431151758477938
-0.7734978009057629
-2.8572978289015296
-2.8442660363081456
2.9123331947027236
8.76722882243036
5.439235944522063
-5.0344442821961675
-9.69556486079183
-3.1075326141636297
4.6353991771274305
3.501504656106491
-2.3065305152189204
-2.8711350634261814
2.1316111541631435
5.328860959687508
4.283277404988766
2.3713235199303666
-0.8121301111941089
-8.477473110226205
-15.369033791267112
-9.830021754128072
8.3796577431892
22.44722177624898
17.324030202838305
-1.787963622884234
-15.935291414804588
-14.254117072632305
-3.3520796940037916
4.247666527890985
4.515948680204967
2.115031268675766
0.9814500889236866
0.4440983971610397
0.1767195576014535
2.295439192002807
5.147531731148556
2.031301699609352
-7.724249995301444
-13.312619085961867
-5.936741703032062
7.5973285538230115
12.828801028650934
6.3067214948081345
-1.7154053823335138
-3.204883760657794
-2.0184925288294893
-4.000071796534811
-6.290542863652794
-3.117045489318338
4.003315351186159
8.18233406918779
6.038457233991914
0.42849081473391526
-4.099825594339076
-5.342640259680126
-3.273324994989459
0.6713549988027135
2.8927642582498385
0.13609541485575705
-4.2487611478499465
-1.5772732652486148
8.444585016570645
12.004284213281654
0.2987126259377404
-13.396320675650834
-11.464625131468782
1.0967920039643786
5.890078994701567
0.49884862649551587
-1.0571591143730261
5.746438648757113
8.751210041748166
0.8770799633049257
-7.536323967425628
-6.1814524898981915
-0.7233236231206722
-0.7106293443947965
-3.4872190065123405
-1.280085362413994
5.288273563920572
9.651898539309414
7.559262285569895
-1.4291237302193691
-12.28128788486417
-13.70700447227342
-0.3016263532966845
14.673264702373531
12.36148201426044
-4.906131610837545
-14.658182700360426
-5.026109416938901
9.812607440539804
10.730690031114744
-1.2171299655088959
-9.35330304353432
-4.834881748082727
4.092333279771856
5.793911433829355
-0.12116196866354936
-5.252353147816389
-3.8759470761740684
2.102609916947656
6.412298028817897
4.383206170790465
-2.309657532692455
-6.868221792456904
-4.582976369528541
2.3062295581194387
6.903480466663868
4.04320217534188
-3.7392772395016176
-7.4004966133521695
-2.306286457616554
4.819333579281946
5.262100401742602
0.40409961101469216
-2.2002348733212345
-0.5642212621969381
0.883413923141203
-0.6145108224240357
-2.883873998916544
-2.7724169686649853
-0.18744909244763136
2.4201167216460324
3.5191823895125545
3.32561303740925
1.279473954839315
-3.078089638070269
-6.074729717199884
-2.720481326615862
4.660120140390204
6.91902538733926
0.3477759625364732
-7.194696923820619
-6.75026942318328
0.22556984499850685
5.917455920040302
6.476985225019277
2.9754354229996904
-2.297811893548717
-5.492093944514539
-2.8614023403420545
2.8019155882687503
3.074520283769904
-3.879422575251635
-7.825550417383737
-0.49044131249502804
10.2002085287905
10.026444204596704
-1.0024870169501425
-8.985068930936025
-5.517209674624933
2.6105262130714983
4.145358557849673
-2.0401028155202057
-6.457323761205288
-1.8980213933239116
6.909553516173016
9.278415333052578
2.394689619996276
-5.67167450428939
-7.27887937677849
-3.3552698551214126
1.3751683362828984
3.746025069844575
1.8133397267082867
-2.4262180768146484
-1.9441726288332832
4.862206513235329
8.17477567774991
0.5956633308029856
-9.930763871091338
-10.33817614147061
-0.38170628054105793
7.752940926590049
5.941394645366717
-0.4422720523599947
-1.809054597520035
1.8069688033996014
2.3981353473813156
-2.352036277641356
-5.375918445678014
-1.9963880639452734
2.5303630310974827
1.7273950316454643
-1.8952070683908695
-1.384065211036484
3.2906757345427753
5.128481430668828
1.038777740478683
-3.4993270846616875
-2.902318287546442
0.6289774048024253
1.0865006441992962
-2.798934121631025
-5.843063012418948
-2.4167589171540005
6.136686215581229
11.072992459750973
6.022592791107464
-4.259888612976089
-9.432722315565611
-6.357715970908697
-1.0455285081885033
1.4451375010182637
2.953867362708713
5.8146419078869505
6.143080837931724
-0.2671376386941206
-8.40092109445661
-8.288635798927867
1.122148959253434
8.958241472759303
5.7973117167539
-3.8921778954780657
-7.501608853362965
-1.3289777956804716
5.100636912996446
3.3872502465858783
-2.617932021270464
-3.967570409862765
0.7736280675006515
5.035867249253141
3.623091376616327
-1.941770170426502
-6.376598266668808
-5.499156895304983
0.6370653534967898
6.955534251546632
7.282083046387396
0.8095095545709086
-6.045855508832183
-5.760387996949905
0.8806922362794016
4.033604624957576
-2.0923007979113235
-9.025567850241105
-4.037832603321206
11.545553214294873
20.668841316962695
9.739091105026077
-12.998070923238105
-24.672192739714095
-14.74048194011296
3.9999152837575727
13.985084555465148
11.88513353371148
5.241310845115654
0.08544118573721612
-2.6744806989942655
-3.962008009141014
-4.157804389184694
-3.4108214834256514
-2.7933610164229155
-3.123398188723992
-1.86092755712045
4.557663650176273
12.487036198088283
11.723758879053626
-0.2501684190368058
-11.98011530100996
-12.648873233746404
-5.291977189779774
1.3675431112285004
5.368820329231864
7.935890595146851
6.399573360166207
-0.34840641973277164
-6.038091361957297
-4.55622012473914
0.8621159524144291
1.9524286419133512
-2.584811364619889
-4.277607787565397
3.1216783896164806
11.848733693237586
7.9182321893674334
-8.280837171600863
-18.71206603200628
-10.408587160744576
7.031560386785732
15.05461815157417
10.131155603522952
2.9131598487853143
-1.013108543979346
-5.561056494546515
-11.239290124422974
-10.945665417947039
-1.2464014956298173
9.703355984408521
10.65766291347879
2.316594541049625
-3.0888818917904737
-0.008739237638679925
2.4966677186248614
-2.555501430963183
-7.116573138812413
-2.169735635470583
5.291947971234684
2.9059586297668454
-5.625551855971497
-5.5616832026636525
4.523371696507506
10.187803339342407
4.137938129893719
-4.041753212715484
-5.012980538397822
-2.804487578603258
-3.7544542414703543
-3.714192050345811
2.649914217902196
8.811419621735308
6.021716683402467
-1.5099572191451325
-3.7865615665912298
-0.90506394486627
-1.1111541364364845
-6.307518504552005
-7.8043207514039565
0.8283395309075594
12.017332104932573
13.046991582394291
3.4774235591079563
-5.989719877666504
-9.15580700481682
-8.440360283471756
-5.4964423387870545
1.1244214905116017
8.143620826379102
8.348495303739064
2.293624919584597
-1.3312187077045348
0.07533580070135176
-0.3183973245377273
-5.369874384932378
-8.30571660646425
-3.722442403706546
4.278193527655631
8.510278161338514
7.122379416854779
2.1648213571636092
-4.115190569375864
-7.704686040837246
-4.643721267883951
2.0235493993142137
4.539864223964878
1.183435795176281
-2.3856432103263976
-1.7907772049269801
1.7264281191229447
4.080566617550448
2.511970073979647
-1.8660839095047907
-5.233685984036995
-4.650622397805008
-0.03696417173974463
5.274754112503377
5.935244121615189
0.7513972971976435
-3.8767618897236757
-2.7820286378237573
-0.47821842971974443
-2.132885500157417
-2.6352358687667357
3.370336239176652
8.471288611541615
3.6000832082761156
-5.5305178270095645
-6.976138928433793
-1.088855755130337
2.035614070080349
-0.5114676112543683
-1.5600719317685634
2.751253443332269
6.726879619002245
4.285811169885974
-2.9477250694649397
-8.29859562281295
-6.583323354482806
0.7836670466982334
6.0353701606757095
4.286189288557147
0.2987303488993639
0.013674874563161007
0.5919300204744203
-2.6764127274618263
-5.515561138934905
-1.2233038332354362
6.090341354012399
6.017574210782845
-1.8648724251459556
-6.724734779069306
-2.552765682378022
3.540709757088964
2.8600719660694596
-2.0259248126316844
-2.546685753117762
2.072608174542745
4.645447207920029
1.7733641260619075
-2.4085220508452925
-3.646404638312737
-2.3735654629505825
-1.140974428712915
-0.7100651941140955
0.8299667385892993
4.65717792569874
7.068921762145814
2.6667778874696255
-6.6589086148771806
-11.074559943775753
-4.643755202421193
6.2595491489236466
10.271454760081104
4.205807789805771
-4.252168454073048
-5.96587892115099
-0.7529537878849445
2.8240816480148605
-0.6970968511222895
-5.316781963048883
-2.2281039785676247
6.394536494550226
9.654011865010292
2.8399264006629164
-6.459746913200986
-8.56816837366532
-3.5307033140558697
1.2621558336321645
2.1580275278100554
1.7609306892408951
2.5337300919593977
3.883488747176868
3.6319872661157087
-0.29194316162901596
-6.144841901243272
-7.521219669971138
-1.7124006163412993
4.529846874821835
4.108743322963882
-0.09688053347999284
-1.06951746660471
1.0898916393674607
1.3324329957970116
-0.927462033526818
-1.6598421709130367
0.7396508643534254
3.033859046975361
1.1875267774997917
-4.61919479421136
-8.63815677267584
-4.256176346857487
7.565749586311312
15.378247275666192
8.148391205297985
-9.011834591418591
-17.167963771585306
-6.63606133819777
9.277376811721314
11.373585314161673
0.11653710369266665
-7.134887270677235
-2.7213681981675246
2.6477431133636418
0.9898988261592412
-0.734487446064017
2.893325526166387
4.187908661346218
-2.295393338518468
-7.2577669375383165
-1.606278395477883
6.73976057690173
4.51153899705249
-5.480560166566631
-9.103264594191618
-2.562134926340262
5.151311714537064
7.8985122692289975
6.986858176604398
3.3728902062052013
-3.0682909903451567
-8.83605860605253
-9.351792472470365
-4.099492041459078
3.931202170274841
9.86157789190385
8.064186479085915
-1.613049660359082
-9.58883603615584
-6.047707911204572
5.794318567167974
12.03162903005873
3.86168923963428
-11.545108957594096
-16.768370627989892
-3.271612155448593
15.527319473541864
17.6547014286035
0.4606413846637206
-15.032665467504104
-11.734989200685302
2.4280577710708764
8.963909900011943
4.612986597596565
-0.07294424501299594
-1.2101842314642708
-3.8185994526548783
-6.306728244719755
-1.0049221822740495
8.764792692555218
9.173111554949836
-2.566034615895187
-11.402716382138374
-5.829965905033996
5.271645242190021
6.710551478864698
-0.4550940335580545
-3.074342521939447
2.0317824357865164
4.778174383592469
0.09840439743811387
-5.06026281763129
-5.323900303041677
-3.616864854050038
-1.2930647707565754
4.537600310477048
10.693205864985098
8.345924178595643
-2.816557058176161
-11.355104235631156
-8.44142568839153
0.745215375273692
4.429639609068039
1.0418469162316013
0.401123316437711
5.4439520255076514
5.684994604310799
-3.418096612455484
-9.752870227304635
-4.063794620270298
4.625451469899815
4.896840289763586
0.5506705366084413
0.15440319073648917
1.3059279439657472
-1.9366826425235235
-5.686431606776334
-2.524678581536692
4.743781485826868
6.019206154691201
-0.6304454869134892
-5.12688547723815
-0.8280880821130056
4.5689208182888414
2.0621097397341117
-3.488781859329352
-2.7214128565333766
1.8439219440065742
1.0327251747827653
-4.618412768465097
-4.96126984504126
3.6575330743984567
11.177081158915481
6.960139600144872
-5.133517457823808
-11.2538735880029
-5.595475413643991
3.009249180272842
4.842274433210522
2.0390617450100748
1.1136528798712693
1.1144389173136557
-1.283323787917575
-3.0586336441678688
-0.8885390649982475
1.4536948707803532
0.01259942906199971
-1.4246593080151935
1.6550841712692388
4.717044203026552
1.0502268284563658
-5.405095818081734
-5.44241002563398
0.2957837375559672
3.4027696903847784
1.8473974572543412
0.7332179948173394
1.5667282893231849
0.9916908282391089
-1.2765113661160912
-1.9401027447600088
-0.7828855504008895
-0.6765258990059537
-1.647210694171497
-0.9115205658828508
1.711099365233881
3.110932567101618
1.717011540175401
-0.3186129763727912
-0.663815523641439
-0.1472004996213895
-0.8913800051469444
-2.5113279601835266
-2.2063864969381863
1.038070348832134
3.789207865944666
2.0245628433413563
-2.478343542850089
-3.3708804617430674
1.1719597119305822
4.862206566356763
2.0854623828457455
-3.646371630127698
-4.929578429791149
-0.9496827339416425
2.945605353856141
3.502890025028839
1.7863535320282784
-0.9607624169649247
-4.244922035957893
-5.1186524416509895
0.029725373321676456
7.300882354062222
6.470049179500976
-2.7821832965369575
-6.420601989899913
1.4571295157668573
5.947705692761566
-3.539768298437838
-11.924927899884047
-2.625569315115576
12.381409146652906
10.927725732084514
-3.216245399107222
-8.490542160693922
-1.1407742229257518
3.3247902296618186
-0.7323195036961136
-3.256503855472212
-0.18534291652400928
1.316775552283844
-0.41007152732904656
0.9183129270349819
4.725341907925978
3.4116632366983732
-3.0270962709713087
-6.492777636045006
-3.7912936565041697
0.9446031746283887
4.244577846233287
5.082423484306653
2.127582519777593
-3.5758868982755683
-6.257440080264977
-2.0960966174889104
3.853174906424044
3.765160612105035
-0.8152545985466908
-0.9210069967559621
4.185141023274464
3.8318312640799204
-5.634139430798043
-11.232139564375416
-3.055599941098098
8.132568679443086
7.627742123041406
0.17525706410257952
-0.6572799819531348
3.2185365236076615
0.03977489470720303
-8.721891567990829
-9.939635090395674
-0.34682450008404525
9.322486944122154
10.449003595313572
4.603314748471056
-3.153472984076052
-8.747839121942443
-8.272609459438556
-1.4118327516112577
5.582322242875997
6.351641335021663
1.9290973278049681
-1.6575890547286432
-1.1421846816119996
0.5923911093331226
-1.0241108395475667
-4.738370972105174
-3.890951940190028
3.342060138673629
8.869429595329864
4.641551687022804
-5.207337581795624
-8.493932563953734
-1.8610716182308724
4.387556214683546
2.713914977661221
-0.6520553182913185
0.909154304614588
2.2533307992002434
-1.818854092588488
-4.981968914031392
-0.5963518255487764
5.684676659228944
4.446795880286287
-3.059509819528009
-7.056511234005135
-2.9172995881868062
3.4953198682336155
4.736404317528893
1.4677581633592207
-0.3514248548701222
0.492559793826018
-0.5316981901601038
-4.045786130564755
-3.9407715006373003
2.164916534922817
7.309631120091959
4.6059584178591555
-3.6973089978568994
-9.328335869480876
-6.534999000246534
2.2711853705260903
8.482694944982677
7.052408716992038
1.7045026083288455
-2.399190313774765
-4.823065002420484
-5.367996573517121
-1.9742338659374787
3.174055021781531
3.903155351728401
-0.32382937945041174
-2.6038876994489795
0.8026378077577433
4.74666378254109
3.1571288352178035
-2.616974086301065
-6.714962224862619
-5.738468404934471
-0.09259728517026039
6.959852443763968
9.186308867023824
2.3426733403576336
-7.758190220794216
-9.05195245123958
0.6828651793359005
8.631807196078148
3.8674768574359626
-6.837943874048972
-8.012957168802366
3.320297446322075
12.950933346847282
6.511773716839224
-11.745871416302785
-20.762291971718827
-6.897027017631611
17.368706231947808
26.66622986124052
12.012804241881195
-11.223235990497116
-22.56923739435713
-16.177210160707542
-1.7040661734733815
8.258762681370168
9.450935320656454
7.000124242882749
6.134094749502207
3.982919153966891
-3.6808005823938568
-10.657927018925319
-7.427785155651853
1.6115229479278812
3.1034402797151612
-3.1536941548260895
-3.1851493160472772
7.230338585161412
13.460670217634425
4.377361891572181
-9.695120426743856
-12.323356856515709
-3.6693697792303563
3.886382146382686
4.637643859198409
2.8413809890454753
2.0347686720639446
0.6612691513585671
-2.1913450583403624
-3.375476852617641
-0.9392019711773584
1.393762493586868
-0.01403011626827902
-1.831494738191613
0.7790087346142983
4.953760772656052
3.8652780621805234
-2.602200098318736
-7.265984959587749
-4.634938232272339
2.6747509048645695
6.4206835044479105
2.52847997844896
-2.6680173826241544
-1.1925677408244648
3.541244839677352
1.7395760987350664
-5.976210655203343
-8.274278001013553
-0.6673436116909834
7.535305438740927
7.150416169034237
1.1683454191905795
-2.1109329997395117
-1.3286672099128671
-1.0206081051048088
-2.639553769716948
-3.7198753458033074
-3.467891276900073
-1.8108543409260418
4.317770079242409
13.663263293083402
13.606273888112113
-3.666505887160068
-21.763757302029056
-17.99891286294845
2.588275649392868
14.342901935152891
8.516283254272146
0.5584861290976714
2.053453128549136
5.843289615233284
1.475401635970408
-8.602450196846506
-13.768334180477929
-8.974544887033472
1.185365439229762
8.98072882509882
10.806099355752504
8.205592049318073
3.3912438759627284
-3.039891781570073
-9.31803139049959
-11.552269279140837
-7.029599364068538
2.9589598909445716
12.315146437490657
12.88009888659034
2.511139622342646
-9.670505975867854
-11.36666370600061
-2.0415262387281663
5.601833080246912
2.845388007063808
-2.8691248293544436
-0.19048034963291616
7.6544702852862425
7.024261128328818
-4.659081511807823
-12.703363095458299
-6.16287655494746
5.255034399433787
6.9212804876646
1.6182886137998822
0.5365318965885972
2.344283921942993
-0.9960724299160224
-5.983913466663772
-2.889418847193341
5.477419550172803
6.5414905283838785
-1.642445496494914
-7.326187289677352
-3.7800632494429403
1.9438421069830085
2.156501220810549
-0.3159137118362612
0.7460493353240458
3.5543741686260195
1.3840517586178624
-4.409813069974625
-3.7933997318519497
5.043879290049517
8.697453632051861
-1.5865681884657292
-13.08498359129771
-8.689940828470798
6.690479522023197
12.939074247918619
4.2007255476312615
-5.138106025512852
-4.415793083263055
-0.15263953258701474
-0.8273741324850254
-3.061684333089655
-0.7868094030554704
3.102150213504192
2.6139122130069072
-0.8316075187037987
-0.8929853326257942
3.6702484116967877
6.491488380061759
1.335003166173104
-9.493186823921791
-15.568654849042813
-8.546403858468437
7.488451842431073
18.228725389022507
13.932800975483396
0.20619277364871724
-9.010438591958257
-7.7500373775749445
-2.3636899533049016
-0.03694066143222516
-0.5870974896511814
-1.3953748926985878
-1.95268383813118
-0.7969097366533305
3.7034471133502564
7.451068786099584
4.303293585421663
-3.058867436627144
-5.691053535463873
-2.3677467520281836
-0.06477622232600758
-0.6911090431925162
0.7152452651812802
4.551313095262783
4.540991599737713
-1.7469684636233
-8.02257971517897
-6.7722531792060465
1.8599332472958325
9.597664202337466
8.140382132066835
-1.0728289644791211
-7.330071486799895
-4.581334620341629
0.28709618120996444
-0.11183754380235347
-1.3654606481293206
2.5051877398812197
6.104241965801218
2.0962964872083325
-4.69610322118253
-4.8131866981455325
0.5596513588718814
3.2859437413482384
1.8789703385906116
0.24315075698962516
-1.5444803279168822
-4.046942257543923
-2.8229279631087234
3.1707031865060555
5.757957986472754
0.4509087969647603
-4.312874779530718
-0.9430060244975457
4.11738886007271
1.5318376793392956
-4.932405050211901
-4.644218506448385
2.5714328480556663
6.174722371582735
1.2723563836637997
-4.371849218604153
-2.8769825559066713
2.017374386695066
2.1301952343306074
-1.7677927210618187
-2.386615258849329
1.3382343064076274
3.475809249373088
1.5002049148479097
-1.4031124851288503
-2.6328200760089415
-1.8908522013316336
0.33236426922302487
2.0783075045484423
1.546224449232763
-0.27543387039640416
-1.7939667046519696
-2.4201167358141635
-0.5158269461819803
4.087560799279906
5.765122401772227
-0.08985068313357158
-6.97149301902598
-4.861067924685629
2.9227413209219515
3.7952137137617714
-3.003989807233714
-4.709204569489369
3.697021388903244
11.216201197595467
6.653850394746296
-7.5948584120087235
-18.081592219494727
-12.063307331607152
8.46913225208289
23.502206898994682
15.420309727193901
-7.350131800887471
-19.513330110095602
-11.608316373992434
1.2925474619489488
5.373425329827247
4.95711952873303
6.907676287506053
6.009178334087851
-2.4468136307211483
-9.660745995292746
-5.713818076021502
4.080833420982987
6.377321619531924
-0.9673586540442355
-6.683196379923285
-3.0348349678372006
4.447015328989445
7.060793784077826
3.78422422248006
-1.4107383647338743
-5.130935238374176
-5.21650411448178
-1.8953712252943933
1.3114117887501016
1.7437031770364504
1.2762357506217792
2.6453712089485286
4.05065871278835
1.5849334557238026
-3.6481486164478723
-5.890083508058205
-2.9950739456175137
0.9443474818973033
2.4867504863156267
2.5967483703197067
2.1880766155774576
0.23662773485165256
-1.935792992696102
-0.781878184290164
2.610883132171979
1.6161282141388786
-5.600483155169529
-9.58292350166715
-1.3001766844165707
11.882636266614957
13.238585221259457
0.5013839125318387
-10.430251357926725
-8.598918174600374
-1.1200222041934127
1.6264182384924744
0.8347243617312371
2.147849005134149
4.235375681140528
2.9943112173202384
-0.04303286901707726
-1.2998462995470954
-1.7748104686872015
-3.5098633097820566
-4.203695167403195
-1.2487243038649882
2.7721655311609816
3.9046984371855062
2.959505666020098
2.627594321515824
1.4188383400653723
-2.9059127077093962
-6.357834978193021
-3.7030712212520442
1.6698540280989003
2.6146959980332536
0.3861071239495088
1.3266558652873222
4.38452565619493
2.87564618418485
-3.2336626216749385
-6.4431366137037145
-3.0172198969706456
1.9878312333385875
2.7166016069320618
0.6915140246567115
1.114365536676063
3.3939176506503648
1.4297096263536413
-5.470004817516898
-8.446457411027962
-0.9474569975040186
9.70143782255479
10.131750524638495
-0.9524154118649345
-10.530877734859644
-8.301195300801437
1.3725780187948706
7.119233392921547
4.436943507988837
-1.2543179265664912
-2.5504709300666257
1.2470707801202865
3.639552851247543
-0.5580024491810345
-7.560891770524755
-8.175205352897292
0.8217660204831687
11.3361864164965
11.865716205330978
0.6840279157821655
-10.886275845042245
-10.799148761551026
-0.6084358749496087
6.879614633673153
4.166039762471204
-2.2494933029619832
-2.1240408970603264
3.8410574716493686
5.281338920037036
-1.769293240213348
-7.920604170818356
-4.549464928783192
3.2504154823010545
5.728297615414328
2.8226827602305247
0.4195158845915189
-1.1888565970784957
-5.0166149133649025
-7.494261922771335
-1.8932384933827617
8.695451230508414
12.282266737037107
3.8530347691944544
-7.97535301924367
-11.950982856946174
-5.908414313329619
3.3392562886634476
7.975796310999045
5.915303513753939
0.8287958104258847
-2.6787430939599552
-2.7942114562170755
-1.1203656258790113
-0.8511541841506136
-2.510706980028099
-2.0978661840251767
2.7597042212276643
6.728432864085814
3.4235068746819466
-3.7212453032055266
-5.776814435404355
-1.7649686718325945
1.705317538618
1.9619395716429242
1.7091333043071053
1.5727417183123218
-0.13054084123230758
-2.3915305507231204
-2.551161685712519
-0.7999939541123763
0.7045461724662041
1.9801358512704619
3.487021887205122
1.868702615577468
-4.29881202337894
-7.344164834774735
-0.8279421532629345
7.826114388119238
7.584675683574249
-0.1846368440933106
-6.007602030171086
-5.136682529745361
-0.19521331392229935
3.0982437596375543
0.9017942694779265
-4.14426555357375
-4.094471769727803
4.078972905421889
11.1416743280454
6.201201295628683
-6.371576673306598
-11.479331279936709
-4.561493165506394
3.5154947283113147
3.635672781057886
-0.20277848284217445
0.09060063799156481
4.020156737479562
4.759886508919517
0.19167775104749218
-4.64025308869877
-5.053354919781636
-2.255817283034095
-0.27538045513118964
0.5844166715990973
3.0031007927463453
5.114822004677436
1.6753612348230147
-4.814253490348643
-4.617550621139586
3.35531512153724
7.361880906171065
0.3679974563119304
-8.727580896664312
-8.279540489012353
0.7013347619533984
8.565708935689324
8.741622413969436
1.4458663941902123
-7.244698153153369
-8.609584062764831
-0.4903443398267519
7.313855394887225
4.506467760018925
-4.34476858919296
-5.580257140083885
2.9496512921271343
8.55591694518951
2.7442163670431414
-7.455311253297635
-10.450229048979372
-3.843865193573349
5.719565849450343
10.55570001495083
7.555353064551855
-0.594800639937647
-7.5829629847140065
-7.964124137917797
-1.9681425721157213
3.4983341457517914
2.0690024976379897
-2.7259139782787263
-1.296787410458396
6.799940952836054
9.984297397944554
1.2606922309016424
-10.524594181511018
-12.07946035732405
-2.533514079240315
7.175992736451712
8.419044354031817
3.025047006651604
-1.8576115659754568
-3.049124395951641
-2.749832994915065
-2.0682872849479574
0.6244082421688754
3.593312353037255
2.1840689974047804
-2.591827424398131
-4.164644394330143
0.12070990520534816
5.9394857093296025
6.930440693431478
0.08247483721198846
-9.704569087912146
-11.679107267176049
-2.219903791810457
8.478236395039664
10.181090888647812
5.816340671747374
2.0446297272602636
-3.247868599090538
-11.813893998232023
-13.52557005376366
0.09783645789346591
17.146968889008818
16.899292805936113
-1.5367741224939788
-16.967014488238874
-13.55706856532145
1.605546994765708
11.043578604077386
7.9037912694989405
-0.11571832249250934
-3.51907760156936
-1.8895112283652624
-0.5896471567188488
-1.2007746849605325
-0.5112939471930101
2.2450279223859853
2.5859025916750222
-2.6368124169173695
-8.702186754824655
-6.695217036461865
5.727369946262627
18.556442727985498
16.589793836999277
-3.483771575791027
-23.84387956302716
-22.419543584461376
-0.44113808751851025
18.29662925996603
17.223192916668502
3.3856974240028097
-7.357113379482357
-9.000422207381774
-5.5568695260327035
-1.2030567383291453
3.334659887683501
6.594479578371968
5.142967200910705
-0.7504348761665377
-5.0068079445229525
-2.92861496042084
2.4062218699088227
3.3797576825627114
-2.844964663644079
-8.790581682735892
-4.164194923651585
8.522202120678543
13.167289542920582
1.783203318505706
-11.473589633712024
-9.074281178061113
4.315696353405377
9.800742203881851
2.694175757929665
-4.707733906032416
-5.55721088623533
-4.1701682204837445
-1.4248793413971803
5.6158760104323076
10.497234561255658
3.0148307336341422
-10.88156609120168
-12.565795720204223
1.9387854211122963
14.187935458506828
9.434788243107006
-4.002330082854857
-9.689190688051605
-5.1889702113010925
-0.24254842353453554
-0.2455738447651703
-0.22487083477649197
4.686163119857656
9.128605503774857
4.680878678836065
-5.497280139863271
-9.187596901368332
-2.960418466425111
2.8346888318826653
0.521009443099204
-3.265150595958199
0.4479188946385002
7.587451999073131
7.388572643377525
-1.2501117919763893
-8.598826794059748
-6.903254306349975
0.7320379475965143
4.7137072045701105
1.3961780801518529
-2.2145964282288273
0.7186834762761452
6.115772347068712
5.053115058689217
-2.696436816651895
-8.393192896645097
-6.991881421306658
-2.114016424741902
2.701674808465258
7.5725150172153395
9.087357519987208
2.1421686018125037
-8.143342160401613
-9.170465319472063
1.0298830777874628
9.134921571082101
4.237719497407606
-7.159261395137715
-10.121793758173023
-1.7515493358549965
6.326756754592686
6.41737593976183
4.122300586481543
4.410909897131246
1.258712132999802
-8.672951917819393
-13.823744007868317
-3.9695779739155546
10.241572141574423
10.94972551698272
-0.23906908134457577
-6.509395725351293
-1.9833114921296024
3.1216254924817455
1.5023469288782925
-1.7862212753898001
-0.7203441620117308
1.874555998281077
0.5711976523311967
-3.3787957249482172
-4.177866299619441
0.3031852799388148
5.664235504257829
5.5548485756580455
-0.8668208841281937
-6.592363561271217
-4.858949236627615
1.7755158347537168
5.539434063262328
4.282462218346951
1.158523067503782
-3.0435402880451896
-7.768463442447509
-7.0345903538350925
2.450001768565554
11.497886081386909
8.846151671114272
-2.2210504272582705
-8.613594299014574
-5.720322447731936
-0.7094788255699556
1.1908324074055492
2.9283455346748446
5.538482828807057
3.164093364432079
-4.937922474690859
-8.377567715267896
-1.1333489100675076
7.150665641951845
5.718007791502594
-1.2582582714230373
-3.8089273446049288
-1.7583920986847117
-0.29584479477159853
0.821747638328795
2.865399478040567
1.701470855078403
-4.091975302755199
-6.863755049647315
-0.9037026354406577
7.3564905091558455
8.195515839813813
1.6218079567356716
-5.0172174896326664
-7.016209153236809
-4.268642401945482
1.6896508492809386
6.913389546231627
5.566726639392356
-2.6271098792206513
-8.557439748638718
-4.055040559154814
5.87184874195649
8.38863764109007
0.21452685121192372
-7.6660405139856
-5.0576799849219425
4.022946514027988
8.023342770665021
3.123724156955096
-4.658129051393673
-8.554515297752973
-5.849969944469559
1.930447480455275
8.418265973052595
7.161602054834249
0.11621505105885671
-4.53439433011618
-3.622768046910851
-0.8691420583785393
1.1224632009603754
2.0701540990042213
-0.04544539569670094
-4.502335931410466
-4.058849944081761
3.4674782743972346
7.527482591141379
1.2300833044789181
-5.275884302436083
-1.8237969783288424
4.437103228623973
3.2676791308109996
-1.6791452424174242
-3.4134837032870635
-3.85242221086304
-4.7369831048519435
-1.195713614527887
7.221386992465153
11.202310844937582
3.8428943488876017
-8.793470616553726
-13.330012122038408
-3.714955098494012
10.579991591585905
13.09227536647662
0.03601591025718767
-12.711525944336952
-9.372456791259982
4.237145892394085
10.218525042652816
4.164375427189281
-2.8858202444557546
-3.7525351638174045
-2.123994819865047
-2.1611018914123368
-2.2011139491325276
0.564185865379045
4.925548075161358
6.538834990206725
2.780657182334928
-3.6691999792212346
-6.93518137653354
-4.453753810148337
-0.08846491896928954
1.482800443312585
1.7555310167386262
4.3969075096465975
5.983701410676354
0.670265747150063
-6.714531852800537
-5.816344706183569
1.2763789644927765
2.610443582316059
-3.102096303803887
-4.105462132505228
4.325163056824458
10.994991496926064
5.587927466111957
-5.67810992798029
-9.998389861943705
-5.946471205890077
-1.0377523246252986
1.767706890756486
4.701452685019253
7.546630648188653
6.744488842850706
0.25460286330792975
-8.299520528996531
-11.087978728439056
-4.588602746074912
5.2711360308694974
9.794327833089765
6.17232329747547
-2.0371231304920765
-8.452091202214138
-7.33632728413745
1.5299574347348799
10.507596645499955
10.171104572296581
-0.91240060429133
-13.487218290569194
-15.202123722610851
-2.408200992858941
14.04788476744268
17.7986374361726
5.032580641212801
-10.288386463982228
-13.268525510709665
-4.862897517003616
3.373243289625134
5.370541775524857
3.9635460306260226
2.373770123436046
0.4236429974066086
-2.08600380528009
-4.096515963802296
-4.682962265408018
-2.822963348331909
2.067007449393335
7.496694715144028
8.428900470292637
2.586101398669072
-5.776256072678624
-9.411053627002575
-5.901134889018311
0.25499661322910777
4.143052489018489
5.152985376416177
4.01637403211239
0.5797634672768486
-3.226309920111652
-3.43573504500961
0.12441368186220064
2.3771380447830563
0.5098721963718271
-1.4393901783978158
-0.04193564679849119
0.7610885227384429
-2.629447610139622
-4.748238925426469
0.7081889229724956
8.545211542703694
7.704502456107281
-2.4635193621265743
-9.856431333685782
-5.704594648538678
3.2185912707927637
4.804648039353521
-0.4117423133431672
-1.7840927153171753
3.187988425106793
5.48215968673458
-0.06800754511749349
-7.111467789379693
-7.608558854694607
-1.3291021711655602
6.101570355660327
8.857165965934646
4.132586189773999
-5.2270331657849045
-10.889788899475139
-6.019812733389889
6.401407649178274
14.340895905294795
8.39513457165948
-6.76192592851344
-15.708991202246116
-9.536648795322998
3.7931513968006803
10.250767946248226
6.602137525697546
0.4925269986973642
-2.326971724792794
-2.7304489292825243
-2.1180980047503155
-0.011039848576380636
1.962334187471146
0.7342612128559292
-2.329204535616067
-2.3718377456393798
0.8996828951134725
2.7169893189661725
1.648639082778298
0.7301402113089693
0.18970018661568516
-2.3607055746605985
-5.068005685032492
-3.1167775431315796
3.293409334209702
7.634815996814054
4.757496979034987
-2.393284293092207
-5.8882795551163225
-2.2654194538163934
3.385590347991335
3.1338353177941016
-4.346799807461573
-10.229768304752682
-4.766725017306377
8.887178084887719
16.186425417100864
8.921852148954612
-5.011430640402553
-12.43840080559872
-9.772554256853962
-3.1702074627947776
1.9307161978106222
5.44132974938678
7.699384931488786
6.21342217678
-0.07315958042463483
-6.835125851945356
-8.060063317913697
-3.0068482910049723
2.9457937499234337
5.023371711896448
4.010048427279488
2.486200863026864
0.1031238228591081
-3.383372829532196
-5.236969378098107
-3.995148775104921
-0.9979870412654491
3.2250750299043154
6.917567788749029
4.887530430094544
-3.2001118433853617
-8.390774480686488
-3.822164080402574
5.722281716756254
10.128549248045491
4.816620219880506
-6.03258512231688
-13.320918305628917
-10.024261402164594
2.450885732286167
13.821483509297257
13.43854847760615
1.5768438237396063
-9.965228464629948
-11.082543790911611
-4.083665310193092
2.2887764992068145
5.140231111277778
6.933688528992752
6.417029677077099
0.32538086056222626
-7.314020622541485
-8.744304251962845
-4.153010136301165
0.5617789391184136
3.886426171811555
6.49204676889049
5.3491778294241605
-0.3012427120826972
-4.312405784313037
-2.6397541413325487
0.44680067337617624
0.3578629261281102
-1.2084122127200077
-1.2716895359557336
-0.3236087195800329
0.193149523067904
0.17016882549637602
0.36092996099526137
1.9413061823570765
4.139108376698426
3.0330433636079515
-2.3807743152272764
-6.133901507655631
-3.5188783805339767
1.011734238894578
0.7257290386742827
-2.3492969607450225
-0.4773936335479712
6.287894137563575
7.92601079760395
0.022277211058242333
-7.0896235950718305
-3.4071830687230666
4.2709017076535005
2.6131633922841853
-6.880145742052433
-9.930161419408138
-1.1091132944629536
9.28585879117329
10.900536785795111
4.750599811148407
-2.5143118037298353
-6.391670709246619
-5.7356270668118094
-2.8397731527795322
-1.1729178207733888
-0.04284133589014581
3.556820849906468
7.008819940003123
4.445365745276772
-2.295482372085386
-4.88989277413849
-1.785426170854477
-0.19533162183856478
-2.98948398167667
-3.8805892647108875
1.0215977629088866
6.655093392862147
7.552392695551937
3.9749757486364414
-2.21840175718398
-8.790837796307843
-10.270200902862733
-3.0958493963831617
6.611296527658611
8.823355685443927
3.256007838905355
-0.9465459231296783
0.11068437554185978
0.2961668024757623
-4.136282649581632
-7.400129768812121
-3.6899306522649193
3.9266159176107833
8.033871809083099
5.544854286646428
-0.5481618086914662
-5.128885964497939
-4.9934689451742305
-0.964683467503664
2.7823937644514585
2.8903389992265165
0.39748069557444365
-1.3398452454723555
-1.4368512954169996
-1.6883385683348726
-1.8818132469179065
1.1385677585533336
6.43942554234452
6.193718128485531
-2.7977000951461175
-10.099844071793706
-4.629010227638992
7.108306394527029
8.117912809283244
-3.816862498755696
-11.2493607912794
-2.6128706104162824
10.34842815997756
10.402653697755671
-1.256233274215624
-9.988832093033126
-7.421893332403255
2.6050716662288576
9.98284594791979
6.008220499283737
-6.617282019706461
-12.23947724331788
-1.4745417352874186
12.339161391216795
10.013817664080744
-5.327048008194001
-12.950435452018827
-4.091106582604838
8.055283442151909
8.205228243076132
-1.925280473623483
-8.198314551308309
-2.7213069294539056
7.301443845482508
9.576558905885664
1.4883402954811409
-8.225572010464228
-10.79479155737546
-6.1126917691858145
0.8948811990762455
7.619967206318379
12.472126840901645
10.348022834582858
-1.4023005197035008
-13.743192177565863
-13.603635740015164
-1.8378068062355775
7.102449385583122
5.286114489424666
0.40379066388549956
1.1708540725872527
4.010858861537257
1.456603653001233
-4.118159991165101
-4.651048737554508
0.3706725399368398
3.4668217134420223
-0.03020136227285386
-5.788136751538548
-5.185189764641457
3.642500766516748
11.115736991115226
7.544727942781723
-3.5402404038360533
-10.6514686248657
-8.803048165199755
-1.373243644512917
6.557536560420395
10.003971855463456
5.670807666996053
-3.014345417221757
-7.947470788267252
-5.757136085263861
-0.4747563439236734
2.99911127709071
3.7129228665027743
3.19098746261168
1.9661211290765004
-0.9716282906793436
-4.81102226102478
-5.444638286431569
-0.7930207205622516
4.480641517497811
4.392860920119482
0.5230676691669534
-0.2687522064690878
2.688940176679039
1.8058358418564222
-5.873690806882903
-11.132436189274772
-4.969150331107492
7.214491322831546
12.278738205175335
6.403260914339948
-2.4316676429512616
-6.093781104739651
-3.617434731675445
0.7417183035656213
1.89063474972756
-1.5409381361283916
-4.99718220221622
-3.2650930983666373
2.144965337496297
5.230733059784585
4.533009960636833
3.8428595641691974
3.524804200204245
-0.7633106696494286
-8.450249767360376
-11.872341745819238
-6.636917742369162
3.1020152897877056
10.585315697587978
11.833675902030222
6.37383024856116
-2.40216320265432
-8.424471336445492
-7.99604379624815
-3.750950681834143
-0.8248374569858362
0.42995332687343196
3.3349106536922077
7.269014238437103
7.274585549020242
1.2411002596520833
-6.749522785777939
-10.083662227941847
-5.512873381437025
3.5651986292071984
9.494191938226756
6.692556885028594
-2.904295214619036
-9.734515625206594
-5.0884604406394205
7.26270911355029
12.107605482969433
1.4203019583806862
-12.1607214419204
-10.835277262336467
2.2739129185615288
8.054519769277992
1.662603809773037
-1.9034564613210836
4.484570007691807
7.521140598207782
-2.6647153303350994
-13.117150868813619
-6.8949245920554265
8.999791899280101
12.218432008473034
-1.8052649484335668
-13.366433987900805
-7.542295450308421
6.269209218415868
10.95522518730316
4.999841785636709
-1.3673319650581939
-3.615402264349569
-4.22804494808374
-3.483006172943842
-0.25156432610568485
2.6978243031876086
2.2879447144245066
0.03713999731869432
-1.5584442887021936
-2.7037839768626952
-2.465049069346709
2.178346909848893
8.540927187653338
7.652845741864877
-2.336503478831267
-10.854746029163358
-8.8480736133485
0.09301956227865102
6.429215480023678
5.666698881066381
0.49411518006074023
-3.6597040946525623
-3.5374335334089193
0.39648909189087345
5.295765893101948
6.968044310503133
2.2842397652111766
-6.086828664895696
-10.465622987925155
-6.687573032652972
1.3309584572060789
7.04879294777433
7.801174486477903
4.734777461500587
-0.19656568579375508
-4.479958844664889
-4.882701770593793
-1.5187268281637094
0.10850600502257148
-3.0149651597535136
-4.622983881782328
2.0011205622316073
11.48142942150391
11.61637290893154
0.2870139132485202
-10.979993615910248
-11.632767608141052
-3.6898906824820377
3.637039630140801
5.038709718031288
2.08387764677834
-0.19534937682660647
1.7439654466017247
5.289773269949752
3.539190917220341
-5.036149253865465
-11.79783268079462
-7.1902134439412215
5.912364964672797
12.843788012687092
4.837663804106576
-7.71783334121553
-7.882544255768401
3.6692859644362614
8.937245148841775
-0.528662674082007
-10.542354923761064
-6.0859501564085825
6.067232648353311
9.090852518050873
1.3159840003558094
-4.65331689954708
-2.698406445206947
0.534360211743998
-0.725702147696861
-2.4037973959249967
0.7613642627356207
4.980297751675374
3.6267895851868435
-0.8000083004241036
-1.1441901400842356
0.5658060778501998
-3.973495536383404
-12.085217683354813
-9.244663281139317
8.509707133334132
23.012197762234916
15.741853401555591
-6.508880831473453
-19.977001878306794
-13.666177954799407
0.7413287822720399
7.4322558144976885
4.66356239955669
1.2753083632891722
2.145355546022419
3.9323288026069303
2.5604856879164966
-1.9157909015396541
-6.972585264414975
-8.802475194819634
-3.9190153726244445
5.413504100490626
10.428319714084994
5.767652924363672
-2.6265228419951794
-4.819385776191021
-0.33309510438774603
2.0058873448827432
-1.9498987036575965
-5.901995690615708
-4.137919406176889
1.0840810533176035
6.159987965711032
9.270830385721597
6.166004845939149
-4.531980285912472
-13.199451183006492
-9.153012281160272
3.6228449995446868
11.129119581559696
6.970606895464425
-2.198560292048213
-6.515429124809733
-3.2664768776809403
1.7691606393237145
1.8345268354071504
-1.9481059036977373
-2.084848246452092
3.461465024648159
6.9561260537555984
2.3374099805804276
-5.703895454471742
-8.99184774278287
-6.000407765629308
-0.23835029382849765
5.877841478962629
10.878511961503667
11.365280745159195
4.196736766300513
-7.738870778158017
-15.328496949055207
-12.313329314799763
-2.73397422396737
4.740691933673198
7.454540559363421
8.483109664498205
8.405686655809934
4.333255821005191
-3.251634457632964
-9.069915426415953
-9.647610311518024
-6.212039718431634
-0.3688884024989412
6.8991417805783035
11.105257986227736
6.864044567419069
-3.08317728316051
-8.729265538690015
-5.412543830253518
0.8529180950714488
3.010013121183253
1.6022440408936007
0.7901757776621443
1.094632675127687
0.24535012330133976
-1.6682782926795279
-2.2106284823479636
-0.8630834384133924
0.7462467832846041
2.1696177901134566
3.1226652584323653
0.9419660674421303
-4.737085774946172
-7.209328462566279
-0.5070874474502278
9.366677086710691
9.510047726395
-2.1087247138899596
-11.565777178800632
-6.701726105449326
5.5808327963203705
8.288716098077451
-1.578884490385136
-8.94491080487728
-2.6496517196381837
9.621171459148641
13.170624985720421
3.708206558436867
-10.997163868650036
-18.766076569079623
-11.346513795400265
6.750592963079949
19.007480557747815
14.003279956792896
-1.0293600494010513
-10.155106600035355
-8.1131210248913
-2.693987770490411
-0.6806249853861596
0.2267608323133557
3.7969076482220108
6.744853929366312
3.7797354112769193
-2.996177219999902
-6.68027217584729
-4.6829430968183425
0.3757713864157923
4.824991160697738
5.006808932898305
-0.14726107217039683
-5.17095171973555
-3.207603009577884
3.6754560277407418
6.124478718463243
0.6532121211290081
-5.612659377210988
-5.691586089437954
-1.6006201485243943
1.588159582364975
3.91580138620591
6.509047324629796
5.377675403349943
-2.164865667060927
-9.157482240432758
-7.042495696980779
0.7969621835467268
4.102086970031335
1.6319633991395301
0.5532958775156377
2.503107058212749
2.42991255543067
-0.21970413225531119
-0.8947820077805563
0.2249667270028039
-1.4496655199612527
-5.102775354644162
-4.748199148818793
0.5775449447848905
4.961549243419341
4.60170767774397
2.3055903882755366
1.405937267738861
0.3446483480223207
-3.076472989918109
-5.981965983311936
-4.199354839685954
0.8291118614693015
4.064100156773738
3.853225969270458
2.365165249156739
0.6620642796241661
-1.8544356026369329
-3.756523932631609
-2.685976163237384
0.07814567754193011
1.5828317788198978
2.190234270710594
3.0554538901922808
2.169844356483621
-1.6343893486372143
-5.115943414754298
-5.056581307747383
-1.8678596381413541
2.752603311960725
6.809104934277706
6.919257217787875
1.9357549856386884
-3.757419049207855
-5.993083327845685
-5.841045618329935
-4.096323700938239
1.1690598487909847
7.03521848458514
6.531097537692373
0.2219905714902838
-3.909469400511234
-2.474175847315954
0.7083681002728724
1.7309058311902628
-0.05904486352171484
-2.7013704732512593
-2.918089376986009
0.202128740074597
3.162184664460124
2.7179488636925693
0.9000052062583946
1.5328878225094442
2.8299859997319183
-0.9376433790601996
-8.82798578735796
-10.91935086535825
-1.551826597387396
10.696588134087927
12.85790085420282
3.6991724817422735
-6.067585757919444
-7.362121480162398
-1.7425292545995925
2.5835604428022467
1.0660860515724593
-2.6314492560304217
-2.7858972190051148
0.7847851214872634
3.931757508871018
3.8903681871911555
1.0272701464149796
-2.404247588635244
-3.5346885862928494
-1.2685362241533569
1.7396700215472385
1.652767903935674
-1.3489442261376106
-2.846919940735138
-0.3330811315116419
3.3175255526276572
4.200902816534894
1.738863741956204
-2.6424693255991185
-6.390194967848066
-4.991684221063582
2.7252779508130875
8.91430207219538
5.431670093215021
-3.2487589094561136
-6.32952526472232
-3.1271223194707587
-1.572351584942082
-2.902508300339978
-0.049430563438542796
8.299453341700342
12.48468444357445
4.991411386439373
-7.721150896285189
-12.627759365341392
-6.65632481319858
0.571278727731707
1.1399143114660049
-0.515920439278042
3.500240818773047
10.294505605015052
9.806951928572143
0.18053557909377377
-9.522721467649253
-11.148047446017738
-5.502746298488811
0.9455336219854948
3.630787509569888
3.69622007433467
4.667318683367431
5.946449109212709
2.7736684270735914
-5.332794449744526
-10.276863519612712
-4.908342265208507
5.600552405838599
8.671456086221921
0.43249930952445803
-8.980984411042982
-7.612208379186537
4.316058723942354
14.29623028018611
10.882847209778054
-3.463188116259155
-14.408143420258034
-11.670394795199224
-0.37754552344770875
6.361673139777541
3.801157562983663
-0.551466913756448
0.9774697428895036
6.210629295854382
7.443354673603085
1.0647311572764775
-9.16855419810714
-14.597121696413064
-8.196077150617858
6.26960580606382
14.914994171897705
9.846635097297487
-0.8379426921060271
-6.010460821458892
-6.125577420034927
-6.084563229351016
-3.534749626093966
4.081494821491926
9.525998596185788
5.165828326408717
-3.807600240957328
-6.346359965994536
-1.4080186183514558
2.4717081765612665
0.8549635702186362
-1.9367269805038296
-1.3190037215033303
1.578864754290188
3.185963707017224
2.0068813807104715
-0.6626779672489702
-2.3844794177822473
-2.1758088547287233
-1.3998908002176196
-1.0568818057274416
0.19643228721437872
3.1197521928127894
4.855877940770597
2.2564712336879684
-2.8492852839217138
-5.357660766979351
-3.2699086678906655
0.5082502822044458
2.1388773012491225
0.8639909727504722
-0.5636778384983555
1.1390128855906339
5.852476858433429
8.306654362584625
1.8457361066709081
-12.172744594786138
-20.497317781060445
-11.123551589868354
9.943583153032446
23.330125973268775
18.06742900883098
1.7080298884262368
-11.290089968143588
-14.488353162079362
-10.965478836264454
-5.283726070805085
1.3511879640089763
8.62674780018041
13.307616724117617
10.679674741603797
0.5763315672199043
-9.901292310265989
-12.264934524021184
-5.498565486893884
2.7706219866148056
5.053494628970422
2.172893512545687
0.23829508929633167
1.6286667375200672
3.1908968485716067
1.8136136813855426
-2.134494450031967
-5.4214368133242195
-4.280882229310298
0.9909653171575095
4.32352489958911
1.7179293028508518
-1.6472326202415977
0.2807498901146381
3.0257478161685927
-0.47864949744159335
-5.130503607538438
-1.4241138207119408
5.952124727882315
4.168243295880858
-5.464628563169567
-8.484076044005583
-0.1953420438547261
8.07986160988807
7.179045656735182
1.1447116072399215
-2.981240932326289
-5.058250574330836
-6.687806082223255
-5.010532869032256
2.2245831524707693
10.259425059247723
10.8673002341413
1.5589734289674868
-10.04861155757725
-12.665033494453885
-3.8411620858608018
6.771526115545662
9.388243889788948
4.676858958948151
-0.9594066228273115
-4.392232690148946
-5.302690318235728
-2.626505218265202
2.6966003862900556
5.333035990202675
1.7038430262254751
-3.708509935167018
-3.9905947403120186
-0.15844636978368268
1.1873884066491895
-0.37736093858953607
1.2546941093583812
6.443542822145125
6.762525906656727
-2.0873986305485026
-11.572678083117756
-10.374312674427344
0.33483837512743364
8.367371805688563
6.608391448088887
0.5640170270962841
-1.3946001406988353
0.9344410098227417
1.5713779562421286
-1.3661003619780423
-2.696821458352777
-0.2880857717021694
-0.6880158979778688
-6.276839532230692
-6.534607705059185
4.900027774528276
15.113496349262945
9.232066548370867
-6.299842664482626
-12.732472339364977
-4.97117660914122
4.677333488114652
5.483457565562553
-0.2599359712816299
-4.368140535933903
-2.727819414036265
2.51491317401749
5.509600341337627
2.3857381733504344
-3.1985691108685703
-3.9978033779505204
0.3946632315649548
3.12970369268689
0.6407118710311822
-3.1441186636643543
-3.6102114859535677
-0.5738803467102435
3.4823861133859384
5.762145493134116
4.056598259808075
-1.535320496233936
-7.297706028762173
-7.555741155103463
-0.2757352560496577
7.723775571903132
6.519864310015094
-2.6418925351535836
-6.966435819762187
-0.5904137223069171
6.559966235116856
4.202716666321573
-3.3996551944671927
-5.168781131112486
0.17353580438003863
3.4985733370621275
-0.06051130973001423
-4.283656879522658
-2.4169714341965385
2.6776984459170996
3.9489232777309056
0.9419402555232058
-0.7845085104178933
0.6897011281689509
1.0197594833647017
-1.9026480938075896
-3.539561641275596
-0.8227580556311577
2.0239322713333183
1.1991708889680865
-0.05792493775982059
1.1383503738520444
0.9889334396720705
-2.5309697784159813
-3.676559397249722
0.24353679935414685
2.565232380389246
0.5498096920225004
1.5553286051966715
6.464310885695042
3.735937778499571
-8.522208079785733
-13.281289232408804
-1.3275690332386128
11.15644794161267
7.340133996095763
-4.472528014418219
-6.209050197867621
2.1119905537361547
6.2881128864389755
1.1593633378874642
-4.627339933615319
-3.3870656671497597
2.379970702485103
4.583199005718991
-1.210864768803139
-9.513943180266088
-8.546010432934938
4.782662475386823
16.714421487874542
12.144841473620222
-4.672660088612797
-14.980038326532286
-9.470228531230854
2.190921085118557
6.361143950735839
2.092268253442532
-1.2714334622222958
0.9433297737427602
3.392300844939246
1.0759686338650414
-2.7386145814011087
-2.8615810249429945
-0.2588188083589977
0.6563260232649464
-0.9143617898203404
-1.405802519851671
1.6104629158133474
5.138368309071748
3.615909866804194
-3.311919534883204
-8.096497523610656
-3.9053666759660612
4.941983568303091
7.076697159722448
-0.26494389098230126
-6.77578836568616
-3.1350662808118295
6.532292123794434
9.855954598275943
1.2299127163198644
-10.753984188922443
-12.073097202628793
-0.13256879497384444
11.287934733150594
8.435330317936184
-3.7210064042580275
-7.945173934103762
0.11403096565256222
6.164783645691262
1.0348925078622881
-5.213258899457116
-1.9903410647014792
3.9916671191191866
1.9541462441671116
-4.033477856458439
-2.895428875890878
4.557343079561165
7.010728229655661
-0.19871242760053498
-8.510647028473718
-7.554205493726972
1.6618525218328484
8.204732027629694
5.230672400840326
-1.8380745525329492
-4.090689934727125
-1.3762611672986569
0.4584695992803133
0.252931067499104
0.7122844319793242
0.8890988224721333
-0.9483286255842692
-1.6788165515102516
0.8265257392028471
2.609244652790592
0.6241351913121043
-2.6790769954713256
-4.329956155323304
-2.7480594641419676
3.376012223047896
10.308053597977546
8.845236390901881
-2.917338528466492
-13.15253816024403
-11.175244084046039
-1.6199390669744145
4.612149602600209
5.7126925402030855
6.160095006131201
6.039335930903773
2.6658992774092236
-2.457380283701322
-5.716407895864745
-6.556500637293345
-5.849143161610151
-2.674320315684144
3.132445854081258
7.716571567486548
7.016192462298901
2.651310960130808
-0.7242071016471646
-2.4301026746035803
-4.468126078419506
-5.667931398959032
-3.7112487129966545
-0.24263576112279409
2.1447941255675556
4.486644056225394
7.34364188594495
6.548634621433237
-0.5324617907680997
-8.51093414723884
-10.043287488838576
-4.60483388968676
3.1870753882183007
8.54958176269314
7.437479243007255
-0.08938111695657854
-6.644997012798271
-5.4727188927459
0.05460479738723892
2.604936550845761
2.2789512996559607
3.088521913789677
3.082403623928297
-1.6965007969857457
-6.850306024364688
-4.310278210315486
3.40333090212071
4.7192863026535905
-2.6934891478593195
-6.135635359373023
2.58037831917117
11.734038845492858
6.200271752238102
-7.870328253901481
-11.25295385208889
-0.964589983993143
6.587915226342065
1.9105392815889446
-5.27686943496213
-3.6802085987449455
3.6603133855838244
7.107762586618365
4.2552687303662005
-0.4664337238396632
-3.658155362424667
-4.822656095267157
-4.180007656167583
-2.0724959242976344
1.1974482938291833
4.680146745944059
5.318983115855318
1.3100382498773628
-2.899349962756023
-1.626755046054665
2.232685687290156
0.6700211823098975
-5.637540056109445
-6.421275594719559
1.8354370738377837
8.404041988597728
4.378785515955196
-3.3524519496142835
-4.035875248454443
0.5068860813034666
1.9913469848746406
-0.38837663826423807
-1.7038559731096725
-0.5414376718344633
0.6249804660327206
0.6992642049724848
0.936024591844339
1.4732125851793318
0.10334878786064669
-3.4776909844137243
-4.659849963720785
-0.03229430317252224
5.379438312766796
4.411324364762093
-0.3955384914986937
-1.0722728918572917
1.338153556867097
-1.0562774069697334
-6.885676780179269
-5.470704123839338
4.660132494290033
10.432891232359538
3.1885807494565737
-7.644488448417055
-7.936644390501992
1.3336712255816119
7.032432288103721
3.286616346448369
-2.0508209872462935
-1.6918805188113548
0.14802509830631547
-2.631391717679514
-5.750204438439547
-1.639339797514421
6.763821001548135
9.48543325978725
3.614964552797666
-4.332493486651769
-7.864967086612998
-5.927505836221488
-0.7560270042609445
4.384950169429256
5.979528917188171
2.604606867832965
-2.742424884107145
-4.6938213077247
-1.4132046609534639
2.776617568041743
2.827597117378962
-0.3735020983769026
-1.8218052708768804
0.2797819900614409
2.2267637866355616
0.0931842472745692
-4.205241237675494
-3.8963238077834172
3.55069822804499
9.782644205161226
3.933482912485531
-10.824117319250728
-17.008743155888656
-4.595708334645729
14.412802472015816
20.569662597282058
9.514809721467891
-7.041383624010628
-16.186001987608076
-13.37673431924798
-2.9626140792576865
5.910109356838952
7.405324448512511
4.4001382478092195
3.0135163864790053
3.7989647828747617
2.476541402689143
-2.8861075240224827
-9.009404371931073
-10.166795332930818
-3.315808110947557
6.98141946567435
10.887580441669126
4.694862628367599
-3.5274186900605757
-4.598955406533231
0.0017841064631826872
2.566210697794951
0.45570596765756105
-2.8064028947847746
-3.8750233620885672
-2.3538980391439
0.5068417920826757
3.1060276240331306
4.102683974563089
2.9304709918836287
0.4768624299408773
-1.2621902069737607
-1.624686499871731
-2.2594594306676017
-3.834583149562418
-3.836226692532514
-0.03747784946797535
5.589839542906218
8.262092620254451
4.788679786984116
-3.203905063460176
-9.290537290459152
-7.567893471687746
0.19802716870854153
6.022222050213179
5.802594721043836
2.8599915279928236
0.31348499899509025
-2.704794450904107
-5.348520691881682
-3.835787115209598
1.117060387989943
3.4839982823153366
1.6366063287839112
0.6679982297590515
1.951539329230224
0.3874283556555949
-3.903323597439882
-3.155625319010985
3.256336714337748
4.8437512914609675
-2.354131476074125
-7.438018916056519
-1.8355847130810925
6.853924183534618
6.586802284058
-1.8541228465387998
-7.142689794056676
-2.8538682829599447
5.395300724836959
7.575988284103954
0.578223243818472
-8.707281980817449
-10.287386854705632
-1.3048616125258672
9.782267077938826
11.289697465052546
2.2192050580417115
-6.025088544202904
-5.2751521633574985
-1.4503004165553817
-2.8260451673304683
-4.974132360960046
1.1051712069545054
10.831065957997524
10.115524121026233
-2.4041565652091297
-10.926183195546294
-5.401919834610764
3.530287011461769
2.475102384370772
-3.2860367119366716
-1.18442118980767
5.454795267719174
4.209782461112072
-3.091562724685941
-3.489965764252157
3.8421757977776236
5.8397548964531945
-2.6754631299301948
-10.628042609730937
-7.363163758035485
3.041026361568823
9.103313490249471
6.891369135996141
1.6579761626653928
-1.9055808254846773
-4.134446845557391
-5.510452508279405
-3.8679308043686085
1.119650018599369
5.163974297277575
4.664769913072442
1.8196466519339087
0.22490347549771772
-1.5229013178037356
-5.7419415115907855
-8.145737086770692
-2.4335508099329606
8.558109736990987
13.400813296509277
5.222142972953459
-8.890330612690285
-14.08774080336873
-4.399016306278898
9.159880125673986
11.015948185777974
0.010398251278929245
-9.537426929347633
-6.4104270614552945
3.545941120813308
6.772221031078438
1.2220817443667482
-2.795604890700845
0.10649881064707212
3.684087356265386
2.2216902059667114
-2.0942571948261994
-6.530711617205331
-10.780265339277944
-9.438187225764338
4.71020715282233
23.669545225840054
25.270285203578723
1.9416496161970629
-23.815825066655492
-25.710833271959345
-6.719422445016949
8.277706966662254
7.7063126916683204
3.895354687341341
7.237886293943453
9.131596616504382
0.48391439823464544
-9.536578547201149
-8.1915636057073
-0.2597263420445073
1.5318658745709461
-2.26643857861786
-1.8273793720165221
3.823424488192051
6.67278887896994
3.1989615552528274
-2.0623422453612963
-4.008390774494533
-2.5017794394754502
-0.8198859526141813
-0.7688523039708528
-1.1013703817488882
-0.2760775568887004
2.1050765865460144
5.522648730363428
6.873649063433652
1.7873778449094728
-7.505658042659952
-10.310327518144272
-1.6620602480715614
6.303375667141008
0.20351913212629663
-10.630867764734452
-4.780729676504046
15.883678286683725
23.611675430236268
4.571725802322999
-19.457725327921313
-21.345318713907467
-4.108160002172287
8.927028089898442
7.505407288029299
1.3003209974724634
-0.0023078381604382764
2.1729628980528055
3.1082565550497088
2.1781866836133377
-0.2759079100419867
-5.597992867904098
-11.016164986629327
-7.733773937709186
6.127767073651258
16.499053102762876
9.999873067299335
-5.333892133547616
-10.767867678903103
-3.7311633943061877
2.0200821649151126
-0.3908244041743142
-3.491344602228581
-0.5443723618478081
4.869029051680662
6.252421821341072
2.9526579507099187
-1.0157937554687357
-2.850318851646457
-3.493424038296527
-4.7611444308301625
-5.096375466994155
-0.9922785800528464
6.495677538293625
10.894037182784459
7.894460421237032
-0.32141883412062966
-8.989893464054903
-13.837640560527241
-10.60188595098722
1.3990708790398236
14.163394002657553
16.396317218989278
6.2078009847810955
-6.630377725457896
-12.265324748228739
-9.805106196907431
-3.7269402312340048
3.2394500986785073
9.328649011529002
9.829074225845435
1.9718010903481993
-7.242016119635757
-7.612837011236984
-0.5054469142967039
3.219093394146962
0.3681488988666018
-1.219762888854969
1.960027104880584
3.0156261768885146
-1.6169125631753918
-4.198231433779
1.0523152858955234
6.209192628861334
1.3542054045016436
-8.05418539839605
-7.665866069751563
3.843014837511609
11.758719775997736
6.059317489851963
-5.6864112938423235
-10.466704932889328
-6.2446705339124255
0.3240317298328209
6.02410313031895
11.150562211394721
11.110404938888491
0.209348555112937
-15.69189219670578
-20.970964308313995
-8.235428101748235
11.406231436690682
20.413742115499463
14.140598189891326
1.90980274562721
-8.120229302040732
-14.120415846438181
-13.143843433517654
-3.1539135977049737
8.038364402531936
9.433074670186691
2.6280093611292643
-0.2608508679126487
4.6966544252569955
7.105092255655648
-0.9870640926280565
-11.652003868509073
-12.847073082032745
-5.854413407826463
0.3575829613065664
5.123754067313692
12.259765136452279
16.336556415453877
8.807734659934336
-6.130192228320288
-15.949959249208066
-16.02915711385486
-10.119631668390646
-0.3673036824423735
11.683906537420677
18.454149309280073
12.270046253623788
-2.38854943083079
-11.552679227943122
-8.299943640343445
-0.3038874008776348
1.3394508928034379
-3.7642589935456066
-6.295575989066187
-0.5852784193339414
8.402716693468172
12.36988651559604
8.42212437142594
-0.6860225349515827
-9.42238432428305
-12.132000962630107
-7.657532041219192
-0.7454748171672115
3.832807772381853
5.877643521103954
7.0092862063214385
7.119447934661003
4.60768426218131
-1.7626236274860296
-9.555301339762378
-11.812776283527077
-5.274486340961756
2.9518249277388895
4.951076087813526
3.3528670190088308
4.485307818564839
7.012013061251817
5.252065916225386
-2.1803516409689276
-10.857787903797792
-13.052537569063452
-4.06869426589584
8.829297919347592
10.933753271406127
0.19916578629845427
-7.257973350584432
-0.2003053419767418
10.63038661127564
8.770683866938876
-4.65501306598458
-14.600641591971376
-12.279190192484027
-2.10242990148438
7.811961784580258
12.909899529187776
10.693639895320185
1.2046064651699624
-8.934316705941846
-10.797823298853634
-3.893189812171267
3.1890954840355983
3.8935576754025214
0.6891050174268167
-0.3502670658718966
1.6178596036653352
2.421378907719054
0.6509091540274725
-0.560235858453837
-0.3305369863938958
-1.7481002532055554
-4.554553904383151
-3.2446449106478754
3.333040843640681
6.906507910132801
1.2740989804210494
-6.087941361040234
-3.840245517213303
5.071032502305058
7.299662161562354
-0.3691163226446515
-7.192778947962934
-5.412757007780719
0.4465356507695736
3.103525933629706
2.4700664731479534
2.2328615392997624
2.0485718402588597
-0.8924234938580096
-4.525493180274727
-3.3462811055297235
2.2885326017032344
5.4803629826356515
2.4945502882151747
-3.279649371470696
-6.962350147380837
-5.944879624565328
0.30828193458700875
8.4020198781366
11.075915540223068
4.8209753372788
-4.495885757775314
-8.816259588463726
-7.761400653380197
-5.33106674707984
-1.0857606616433524
6.9392107427164245
13.615192395558507
10.066512628328683
-3.7460483779785014
-15.376954782299268
-12.427521776058128
2.1091252087220322
12.050687425025014
7.700505060349407
-3.0277241079521113
-6.948156171683866
-1.8954583693730997
4.358273710691477
5.402727936107968
1.274018624967307
-4.270904244584273
-7.559996321417275
-6.412460329982938
-0.2806499502272448
7.947435266548486
11.440459395558541
6.127217684969185
-2.8591759941814447
-7.24149785258414
-5.971880142845018
-3.9649876765536587
-3.4134124972028963
-1.5289815021620399
3.8350487317960935
9.174776520734689
8.294066240020912
0.9786887693125094
-5.097543106043638
-4.462429195264358
-1.566265076778293
-2.945060360008199
-5.927769047796539
-3.030092681131317
5.312431996895778
10.656052044435055
7.693529626871189
-0.4534376347656419
-6.944220502295133
-7.758465431240393
-3.9358903311840994
0.6187792684899807
2.4962113998129283
1.4465951699851969
0.8474234583519237
3.351961774592328
6.1800049994339625
4.049583962924123
-3.603544175579603
-10.520214293034915
-9.249940126771916
0.005983496289260148
8.043779457388169
7.677133805966797
2.019527133876431
-2.3769199275444284
-3.8504127710977176
-2.9229189603021495
0.613345712957461
4.00803110675764
2.697289054958805
-1.9956243122551727
-3.6888012946587803
-1.1812970717701647
0.23943725257228674
-0.7278590013343863
0.8970009485009877
5.181033372302022
4.224210708928063
-3.9650377206192733
-8.724466072811897
-2.1963111015446537
7.31850252487599
7.104592685119526
-1.6606916988726996
-6.852679947009702
-2.7614538916770925
3.632863999243324
3.5570362407134084
-1.938016679982088
-4.489825506042948
-0.44110017480791025
4.616770255573314
4.288986795930543
-0.43385183881845474
-3.8949967398382275
-2.9217145090435697
0.8119112751047131
3.0019855048819823
1.037600569567726
-2.6780881457537276
-3.8424561410430185
-2.075104250024224
0.7442727798536866
5.174101863188063
10.295518057241535
8.63284506061542
-4.870318215557685
-19.61198909889717
-17.5109144845874
1.8000679908216033
17.318016294398177
14.661752681935669
2.8393933562390674
-3.8540095534173453
-4.176990298959309
-3.609662753885056
-4.271079334438727
-5.267636597958534
-3.775186944904691
3.0034755298931564
11.305333417930639
11.576545593959027
0.9120850246643336
-10.681548309121414
-11.928391976355998
-4.135691969828207
2.854813954192018
4.9560507781716385
5.682057169032659
6.012443670286845
2.1572700197729717
-5.520155744856632
-9.1462141922408
-3.261675749847993
5.787778176551323
6.660072795966861
-1.2675884273692177
-6.316854537844014
-1.2687268013192516
5.788012054733083
3.7712051757449054
-4.320020781639388
-6.4508059889475575
0.09665169283362794
6.415974224741332
5.855796319539992
0.5047006790125552
-4.412935839760449
-5.5375677818661515
-2.7097300095159236
0.46854601584971944
0.2673729336682154
-0.87881594430078
2.668648893232725
8.600628190545551
7.659948028959659
-1.3426908729687017
-8.745807205272753
-8.61983808086147
-4.590800650197387
-0.714370627108539
2.9092606765481173
6.006209048628398
6.87529018821861
4.497742356542895
-0.559466923672828
-5.47669109415321
-6.181527880006796
-2.2657609374820162
1.113416560428626
0.2111410636659145
-1.45625455395978
0.9838528264554337
5.517530928204992
6.169878995289129
1.3965686928712555
-4.665112310774533
-7.231085373610305
-4.438607997826114
1.748726527379704
5.802499289328505
3.053719109130441
-3.2325720193363883
-4.1923295358684305
1.71426845152654
5.593194071170129
2.1135054240685958
-2.792100526378197
-3.02080798390296
-1.2995612386858435
-1.637304323346514
-1.459298406565638
2.3159979073112886
5.830943904155063
3.7893866186871272
-2.0241864051651035
-5.79673524354496
-5.34379063387238
-1.8534301471493029
3.3795394565661256
7.405349963665842
5.732766849247991
-1.1940624088732066
-6.221610617040717
-4.861544681671765
-1.1724495472005059
0.26772156721143814
1.105251564811594
3.0182978150881903
3.214808910367321
0.8913499412908524
-0.2134468598502829
0.5827604008509364
-1.0601655349912549
-5.571658838705649
-6.360521000598648
0.2544842414531062
8.340246491402466
9.464494526583014
1.9474488220468522
-8.216339336055258
-11.747299030459335
-3.7774930551380583
8.64207027579447
11.775957187340639
2.277437616160355
-7.7243500088806
-7.241156538788102
-0.027971437332197716
4.35547408131171
4.226743626071774
2.673905813201554
-0.9066946521644749
-6.88356510378836
-9.07650058150478
-1.8810315351147255
8.958061065236452
11.465402704611517
3.425746823176094
-5.162921426913042
-6.747010890359874
-3.9174252911539353
-0.9808325944631802
1.9066722144422465
4.114436128271103
3.10347010074615
-0.4255654650205963
-2.653418235740059
-2.434908568721783
-1.4986737852352872
0.018986235251423927
2.7123118604297884
4.298492751371831
1.920867490660316
-3.078502626222717
-5.6518375619533305
-2.4145417928390343
3.585643421936005
5.030224907810761
-0.5362042161770314
-6.126593244937598
-3.2309779036630806
6.83497185558766
12.21579164000249
3.3689866272318025
-13.097681781917364
-18.774325259287846
-5.694592456700274
12.45040422757232
17.677559820147188
8.60619986048393
-3.402239790213561
-10.121711629988871
-9.958401155822292
-3.704806018619674
4.621704610813385
7.730373905861675
2.5891657970184445
-4.120876002517678
-3.6770991601480723
2.3118903881606876
4.525759841465878
0.6535200339315764
-2.8110852526084145
-2.9193915455239394
-2.479110345229405
-1.5098782573856913
2.1904130565444397
6.0625535724117094
5.083410644509174
-0.6672258332935287
-5.979990774249232
-6.625096537908249
-2.6598106596892497
2.6791280754108
5.407601745376551
3.8739031439230547
0.4444042985498205
-1.5619058940507438
-1.7992930590339853
-1.6375489766978517
-1.0222272487875868
0.6237497423610899
1.6721079221246344
-0.23606849550630965
-3.1176161720524993
-1.4058001252409977
4.581499120791841
6.049285581372541
-1.095838139807342
-7.85645988454973
-4.887982646788328
3.5472678765015804
6.579391685592548
2.083397117783878
-2.60450053257262
-2.294818737164378
0.25875629387046606
0.17179871350589995
-2.330970755684079
-2.812479718661219
0.4877409071074519
3.7747030132353685
3.3617719999869715
1.1688367745143227
0.6749052883491305
0.21808918085758644
-3.5659210319007357
-7.341924612550135
-4.088563425691504
4.829947248815678
9.05967188225878
3.5957400939442663
-4.014671502159931
-4.732258171799022
0.13986966113768706
2.5355788123842684
-0.825556751005558
-4.5735939709452875
-2.2583228221807135
4.716902466703755
8.31777887748743
3.5944124428749347
-5.490603512449173
-10.360981865762898
-6.483155151128091
2.721463247406023
9.713431866866562
9.207390172166617
1.5843496833077362
-7.071261090205949
-9.140986699143838
-3.188238255648495
3.8585730064500985
5.202461845071719
2.056813367743088
-0.34270281614491693
-1.1554947274570853
-2.778260172103541
-3.209590787994854
1.8814855920137015
8.307445553340028
5.444828299336338
-6.54089465190473
-13.226273597793742
-5.849493250570779
6.43309140330434
10.637653909090394
6.208534492289932
0.7912232470603963
-2.192832531955976
-4.900052969910392
-7.59535528386969
-6.04315830433561
1.5301423444852822
8.629025102970964
7.632493962599591
0.8252850990014261
-3.3426865362164584
-2.7795563969484145
-1.9416155545991352
-2.4265572723075173
-1.8540312790157805
0.4283276339770679
2.805648545334045
4.293099303688991
4.148893865018414
0.8143651008777341
-5.250690378575258
-8.731034114978588
-4.250572348918626
5.046552811363825
9.496437902002882
5.079201229903706
-2.6522923837731147
-7.023632575798049
-5.906050225607668
-0.24950772524566805
6.177976073852905
7.180160152013573
0.6590071395434984
-6.440154243761598
-5.902115533406262
0.31994646056516446
3.683778365161556
2.054616448340799
0.25129073172881256
0.2681951134212789
0.08446781244494163
-0.4992107970008988
-0.10572116813456194
0.3359461423817758
-1.2479022425440482
-3.6885890333632623
-2.629595821739202
3.1298975550245047
7.776047023553919
4.980258440735291
-3.3035224212878807
-8.745858791746388
-6.238093071132756
1.5240105067196228
7.555508533622753
6.468980589234683
-0.7543025190864892
-6.404417341943169
-4.305159852921008
1.612096147044079
3.381380864254602
1.361219763683279
0.7358276923743725
-0.07362552819136098
-4.417688161469462
-5.988810356908536
2.136181493031179
11.600806042952394
8.401768562207327
-4.671651807258647
-11.494510045009186
-6.811101478182841
-0.8197885294858548
0.49050827423451726
2.961167278813492
9.011010476157148
10.365724482692466
2.1782181344857405
-7.796074114470219
-10.339730591063745
-6.156170967549608
-1.2811739216544915
2.09051047829025
5.183337561840237
6.8828059753483695
4.243321734869619
-1.4059980506011036
-4.354589565732391
-2.5388016519374386
-0.6858674351942904
-2.089865346978147
-2.464343194195515
2.0469608918813784
5.7823054236306755
1.9035812526430986
-4.402933329359948
-3.152488866935087
3.384229766692528
4.201943317202098
-1.9839007138160625
-5.003927376974029
-0.28767245223916216
4.157472316596812
1.548768409306011
-2.884039145411327
-2.0438940403288344
0.9013806222850815
0.29107350943528787
-0.7910683596819933
1.6759295048621423
2.95556176012419
-0.589003184614661
-2.3701821550112436
1.8505801888253322
3.5877347518385636
-3.6423084818017997
-10.166812654727087
-4.3488747923397755
7.878510447452031
11.427577693823492
3.8863719850992866
-3.707575297375985
-4.257823169438313
-1.883352942923031
-2.3812620564332327
-4.251789816636877
-2.1047961132653494
4.033830751250981
7.297439507989607
3.229551499332043
-3.3813150634282083
-4.686439793958522
-0.4226274633863844
2.5279775660963653
0.681331304475301
-1.5270939042038336
0.3211009444530548
3.2999965777675935
1.9056588898290272
-3.081130787247949
-5.546965827548414
-2.992996063071847
0.4092407780822316
1.1947726853345804
2.1980296384679643
6.0697944367881815
7.607586182692883
1.1352046063616448
-7.659183211294185
-8.437797204762457
-2.205476544320111
1.354743987697708
-0.2155718072311412
-0.4900673472224473
3.245518225792048
5.440008455344032
1.9992877070848
-1.933010324590388
0.0980359993514063
3.7120864287367845
-0.45254568100473014
-9.878276018992134
-11.380410062978951
-0.40404016190278025
11.915472587533127
13.592342823539944
5.257048820243783
-4.434167558586306
-9.86043383001696
-10.074878696889177
-5.067470439025349
3.1749060652321552
9.179860096953597
8.78820694103539
3.4439116082277916
-2.52426641556787
-6.085972860688406
-6.1986526671499815
-3.293611561264573
0.977865861434165
4.2555041452323366
4.404931818132099
1.5896716151852663
-1.03407313749587
-1.2201088046772532
-0.5879547439010284
-1.0655380662881015
-1.5719167189119678
-0.686422919566256
0.7366478501059448
1.175510299472958
0.3137293507114588
-0.8439204199735851
-0.5128147641921315
1.8430399895110448
3.344244711513045
0.6097024856779081
-4.133087807660659
-4.432870319737678
0.944887828632377
5.074462012787945
2.2351418738727356
-3.8007091957317267
-4.608226451036334
1.1017805327128602
5.29442565085392
2.2161373796885853
-3.3468714626753324
-3.9605495630738594
-0.1269740601749782
2.4339965017890255
1.5408394379321118
-0.20598739884998227
-0.24029272094089132
1.1262234969699838
1.6572933644302887
-0.19305984556508266
-3.086402097618048
-3.810864925865011
-1.2706683578004923
2.2998208074871282
4.386365525942823
3.6083406800322235
-0.572036223747856
-5.416355560363383
-5.074965193788037
1.7028317906060169
7.306566857916102
4.192396310858531
-4.356750120898334
-7.9229501346272935
-2.4348559469692037
5.350405590489736
6.98706346457193
1.5842940028774992
-4.421512187290871
-4.602589601618303
-0.001099739635608707
2.2375165690088332
-0.45683758770358135
-2.039320847144538
1.465950792819075
4.518700007319934
1.516254702282417
-3.246287442491849
-2.8767650458213585
0.2145127419187895
-0.8967998821345201
-3.896140571817396
0.37046315349680436
10.306287092300753
10.786353781759411
-4.2215647409807815
-17.436578115084117
-10.600536682084039
7.612598913673088
13.834639992089699
3.681790506935164
-6.031038117022526
-4.535298359402282
1.5496093799478732
3.0858961664341518
0.23799734931541205
-2.4370255519757658
-3.000412842007713
-1.4432701199866036
1.6150828732309335
3.7562337781464357
2.9424429629333244
0.49956310399718373
-1.6016183577794711
-3.562007988199586
-4.799919302480254
-2.5156945955012824
3.3847401290949914
7.760365574311752
6.141753235404069
0.16190820878283355
-5.671546937513619
-8.517037402513607
-6.409663721568652
0.7405692896128551
7.611087353315005
7.974165341903661
2.924232418132252
-1.63353938370296
-3.2678389690211502
-3.2414384903793727
-2.184107697620223
-0.48150600793166315
0.06995858623568771
-1.1806836019148752
-1.5411018279200306
1.5999269944390877
6.021845450543374
6.122722191826705
0.06739027102733194
-6.462628623338905
-6.518411492893346
-0.9938178396107281
3.0138986933435583
2.558561781215597
1.1718321530755347
0.7188823552716945
-0.9257568085393917
-2.938302020463407
-1.3024472148711865
2.7162509806418442
3.195140966635323
-0.0790046061269364
-1.6637119870872228
-0.6190066258942242
-0.45822896716016687
-1.1163073970006143
-0.5362265360230872
-0.1513406523001921
-0.8368832126939761
0.629638444139908
4.646640744819141
5.2118644657587225
-1.147645824450817
-8.660740563623255
-8.71895188938542
0.37130953897864893
11.03542219061469
12.240210842020089
0.6571961307045213
-12.806795473040038
-13.412910847647566
-0.6545030615346796
10.899621430659566
9.938229143722852
0.8525447905739485
-4.512657626364544
-2.5651105701206722
-0.4345062150360754
-3.41069972662894
-6.21583600152155
-1.2800859463991443
8.38968896066204
11.365024943397064
2.838368622467406
-7.928250872086889
-8.993382351375246
-1.6037826339947743
2.7375153648768387
0.47582936995202724
-0.009291281765311903
4.72644078733433
5.7026623606784215
-2.4072933616458014
-9.483481727560367
-4.353581664360483
6.651120315033689
8.058145532983433
-1.0730614472817979
-6.3717804182462485
-1.4323513736464113
3.8015128482760625
1.1869873907613553
-3.6852601981039133
-2.855524781329922
1.8144493453938633
3.5537192013467602
1.2253397630820517
-0.43404428820166263
0.9559501485723223
1.4235305507714788
-2.8255099631090994
-7.46251718868843
-4.583210177666224
4.750245968852683
10.212659930808918
6.18082329892541
-1.772583804968279
-6.212157378581012
-6.127924768540606
-3.6341695344148683
0.5703843132039348
4.720772060986388
4.941247770922959
1.3480830265907813
-0.6516325601485129
0.182274125169877
-2.1246778924756144
-8.575395055718943
-8.987457501106821
3.4210567494147925
17.96033255150656
17.361345551879403
0.34772800219928623
-16.280448192365427
-18.352020808453453
-8.384526890633886
2.7038176610828772
9.210864513617524
11.362192661280913
8.983762111421683
1.743409996753903
-6.3357537524183085
-9.092642503007877
-5.558775357071956
-0.6547148117111108
1.8075986012076481
2.614436824039764
3.429727473380329
3.960684819349645
3.1672419872893234
0.08205203470438098
-5.258878524476119
-9.221661421240634
-6.274388694849502
3.5405145051309668
11.72509584337393
9.532981113504796
-1.4100978285490953
-9.896193754239306
-7.804079563492281
1.4871417180778215
8.772949509213827
8.050325640338569
-0.9726528806347021
-12.335777332947382
-15.227064835156472
-3.9723386690808695
12.691672365778434
19.515819698050866
11.568047377287801
-2.763387799882251
-12.960964895887352
-14.31714019515051
-7.79247768920763
1.817156165489975
8.473904852107943
8.83399877277328
3.9561281554778693
-2.0970327708395966
-4.410461400710613
-0.737012106331333
4.346899129488551
2.5855113731223933
-6.378518850976916
-11.742211474185204
-5.332299596274004
7.241299404630215
14.2418309957096
10.68784938048155
0.25650470029391853
-9.848132598802176
-12.953396060210345
-6.540738437366775
4.157214750822081
8.965692865188663
3.787159856205922
-3.4381293142176155
-2.7136669284471915
4.629737817162996
7.876051862970485
0.9405121731533047
-9.916688612147125
-13.131298625694415
-4.5085178564285915
8.480417341620795
14.353222114796473
8.590345919785126
-2.8862848504140013
-10.491898028504117
-9.695981568520939
-2.643759374561578
5.176067174939368
7.96186622408995
3.93096791261957
-1.6221671502979904
-2.562377024178439
-0.6156101195197227
-1.360759394823676
-3.937333156880841
-2.780677596634385
2.447088314128469
6.04148733803924
4.389117747346479
-0.22589748112049315
-3.6528783148913044
-4.168735307336936
-2.3066257704623596
0.5831218395113197
2.401102197424983
1.6820233172478296
0.018744122614881505
0.3042735946429975
1.9023398213661113
0.9846881634696898
-2.958898236363081
-4.7616896562380555
-0.8844169600906957
4.304476258621516
4.11618130853689
-0.9017342328140552
-3.739934148517121
-0.6791784746451733
3.536561535133674
2.18235178488506
-3.6535932997570417
-5.851762075942285
-0.5522952441196499
5.991774738160118
5.992694999037067
0.6036110079919176
-3.4598479672550924
-4.298159116230491
-4.142649712655928
-1.8499987892020238
3.836219519977353
7.008863020405197
2.092292166832252
-4.426616373673022
-2.2171948935489265
4.97762231106242
3.8760314635118194
-5.835003843112434
-9.957706595446941
-3.178220515847679
3.9005599999691762
4.780554245457543
5.32787151830172
7.5487889075270305
3.791574007651208
-6.938552961537471
-13.098104915828909
-7.406248610322849
2.9694122324104857
7.950714109222322
6.393380275731055
2.5629812912084033
-1.2733625966041542
-4.162493169110074
-3.687668363557549
0.4422837592865157
3.1254589269537707
0.35531128550029334
-3.6743882340606953
-2.3871997735564925
3.0246862143529696
5.426165826933816
1.702644305587563
-3.8567169250810616
-5.407858285003928
-1.8505794519914096
3.012202198768645
5.020137399470559
3.301220382522249
-0.40377220763996396
-4.381285942201118
-6.6651969030445475
-3.8302838306063953
4.376920037107456
10.076998679854235
5.1909487062840975
-5.370745555439625
-8.11950615779359
-0.12605556500225368
6.29027345204202
1.5505719006699408
-7.412122305733902
-7.517242444980359
2.082043429337815
9.836467743899563
8.051527358182504
0.876430899861105
-4.72757847373221
-7.033405583231922
-5.981239472282967
-0.7708215477700497
5.36132823297317
6.165795260147042
1.3931061866890309
-2.2893233334153185
-1.6212822156383135
-0.7539166749048647
-2.2362922708973367
-2.0201381437085755
2.0177724494861566
4.735571456385841
2.374126391627923
-1.4463825928594072
-2.9378465965659935
-3.060179195616244
-2.1746170994210914
1.387488815407924
4.985462108807251
2.8275441372839274
-3.592581512917349
-4.914835931205149
1.835599603943162
6.805386304852157
1.8136790187143763
-6.159719600635813
-5.397817302909832
1.877324786497469
3.341081192718969
-2.477107401505395
-3.369066328779088
5.165513599923442
10.613294983289304
3.088303118379838
-8.932394329389146
-11.673114830275772
-4.292786596945127
4.1811038577707045
7.6550399532166775
5.700799851526796
0.20499426883880872
-4.567627865267707
-3.790273017425696
1.192154845362246
3.281583739288663
0.23241228024229854
-2.3077609138333055
-1.2012105887605036
-0.2694765262867068
-1.3432768705590141
-0.4462121548458998
3.431283006719982
4.455612095362146
-0.4843385943409859
-5.112611185125765
-2.522424365245566
3.77564612759373
4.489600968919263
-1.615576162433907
-6.0918756528111615
-3.6023786046588664
1.406419588581122
3.525455053191276
4.027436771562612
4.820700638707206
2.334781915811417
-5.2679201890379375
-10.495363836897514
-5.002314603964008
6.507931840620685
9.701126502137003
0.039918765764003425
-9.047341924410961
-4.054346174066756
8.569958972633472
10.853081658353043
-1.063677002375926
-11.711677188815466
-7.836936805812423
4.721305853769015
9.914374551642787
1.7914937973022833
-9.421394801124649
-10.397317022482673
0.5369629228027879
12.549298449599128
13.535247695669577
1.9086163775839011
-11.330878767128251
-13.401901614967114
-3.380924543232913
7.338040697353247
8.575586501990855
1.9856895506718681
-3.1219293068191374
-2.0277582844802793
0.45666960435579657
-1.4748555703437258
-4.786858336197225
-2.1294075118539526
5.704801184437843
9.447128105221635
3.6362252300998557
-6.345219189231722
-10.260895958704763
-4.172771777851482
4.758567166931195
6.258742045062394
-0.05414495470680408
-4.090348674728017
0.34369068079335924
6.314879916589034
4.120126993380222
-3.768718258265583
-6.426290972014975
-1.1067055601467541
3.2614061956540263
0.017223332210718013
-5.807292146035308
-5.001924368228379
3.5344187286884563
11.365757492646335
9.909004366281323
-0.4750255608582496
-10.47695396626311
-10.962588603707252
-2.2512824349435596
6.5559994659247405
7.089960686867806
-0.18841340282992433
-6.623836409208678
-4.701834721576834
3.1885272879108144
8.27568465913986
6.196501321335818
-0.5028470603874521
-7.147720662795461
-8.830332701222867
-2.67456768901133
6.4663301198931284
8.286217720780241
0.2541434626417339
-7.2206904658041005
-4.78164965256415
2.775035818357603
4.983629456737424
1.3139496773734558
-0.9444134033955647
0.3260481918606147
0.8330775209343229
-0.9405380216857425
-2.151928943738585
-2.303375441878106
-2.9197802749763264
-1.0752452112193256
5.808394509715535
9.185043028862694
-0.9096610336759048
-14.360064957693018
-9.56638632914934
12.066351093086073
22.56988364260605
6.434567262791663
-17.481054180561276
-23.042569179792917
-8.690297982907703
8.045830079198495
14.740489525269364
12.257302055545692
6.170511698902299
-0.5876180203880486
-7.2604380490342155
-12.023382700989695
-11.458626879317302
-4.110863460845094
6.127260648096173
12.368507612747738
10.848929767113507
3.5955464496339995
-3.9952574515679524
-7.2336679380742845
-5.6203429711575605
-2.829492897478666
-1.6953576462405469
-0.7428770540044367
2.172059521136687
5.586606678470383
6.340433508860036
3.358785335532665
-1.8065516582306944
-6.225755300206381
-7.124578532639312
-3.5754320980258107
2.6521053353382382
7.3326023738468775
6.174884477555616
-0.38872750155021324
-6.22562863117745
-6.095837053330681
-1.1468929693788934
3.9263797170358745
6.010098439713191
4.369785754013458
-0.4083358303551059
-5.8086721183628685
-7.287879048210938
-2.373725767848808
4.566514698716651
5.941231281997115
1.0496511777361393
-2.449741451576345
0.22023572014508086
3.6694965702526456
0.6691341043947786
-6.207810846647976
-7.458788884986761
-0.2903209876445702
7.150017300494632
7.0156002989841
1.3761607933867541
-2.8736450343905737
-3.7210872439281126
-3.6641377819236056
-2.8765806416742628
1.0172165671540667
6.3902232203678695
6.706428562529553
-0.5528279353548241
-7.932158478288716
-6.4129886739543025
1.862614607357762
5.953102081722501
1.5855148479701473
-3.1478401452125944
-0.6183999068645875
4.56731202789704
2.9904975362156114
-4.32836105507873
-6.923891351777068
-0.9888488723244244
4.985976666922272
3.556088339608105
-1.3433404461570246
-2.176259223931765
0.8743186066187221
2.230720350542553
0.29199553479544543
-1.5795218783294174
-1.3157559599561484
-0.1711593634105808
0.2893109158795928
-0.19809756939242487
-0.6660305847509842
0.15024349453564967
1.2094862045710166
-0.013521232032324144
-2.1385600378542797
-0.6687423253306554
3.9394166891680453
5.642517100983035
1.5705674350372698
-4.597144844930914
-8.035595303049007
-6.742298359984676
-1.0441838176353704
6.691958464332978
11.63869122308006
8.770285428992052
-1.7949265980965174
-12.013669229690475
-11.962594486481242
-0.9045064974174488
9.734398705118176
7.984245857455948
-3.799335079760414
-10.19772890025624
-1.915119232686716
11.411938337634993
13.415779709095546
1.8400692006062127
-10.189406446712075
-12.058546790541467
-6.874072166016206
-2.3459554947399677
1.688577101893145
8.585154992520861
13.236682540615467
7.278069965983907
-5.364431739750711
-10.574097255562727
-3.5262090484382185
4.591269301167785
2.711515126598235
-5.8457047997607825
-9.478381857360894
-3.1050484903026856
6.946160261715884
10.98728059659865
6.665454506340545
0.12494805010177944
-2.7034203198566056
-2.1686177852014237
-2.1886312143299276
-5.1639619045367375
-8.981702192112047
-7.409958540434157
3.0295292345175753
15.221545511937236
16.145007154125565
3.0352279706194665
-10.192876275473747
-9.346602565224778
0.43551253774191817
1.7441176719916807
-8.735183731271297
-14.076378321935172
-1.6438691159344196
18.00509758294458
24.078151377418934
10.233631213778672
-10.369589836505522
-20.7961745402654
-15.557419284023599
-1.9880321364115077
8.624100297647846
10.608367326971129
6.715784435378529
2.4907062600610246
-0.43939306567340275
-3.809034788652986
-7.472204271940479
-7.831159938814573
-1.980242303194507
7.209068297458342
11.678971650530025
6.360672559651105
-4.037966316758145
-9.844512817882407
-7.282445141476973
-0.7866394776906078
4.222912159030733
5.881753416145829
4.169639443062937
0.3927497950276117
-2.309906323472212
-2.6573240567855896
-2.8729349999074123
-3.277606537626104
-0.8539233893030758
4.003155105206825
6.280507476777395
3.566422386356699
-1.6781285770076175
-6.226388191925027
-7.417545811451812
-3.456419097784354
3.5270959719791186
8.27386780824912
8.239438464911581
4.926764537780164
-0.30383870969724297
-7.1371552373812435
-13.016061433172206
-12.703053284100143
-3.101290683003753
11.350234314651054
19.69566560177803
13.923470236638835
-1.9149199783327489
-14.564362800016372
-14.704035663696896
-5.307545813844962
3.7066806660729057
6.248626046448052
4.028010921224632
2.126160048438463
2.4699023265956392
2.2241906073380417
-0.9816361873954128
-4.648391508836302
-4.873739056752948
-1.7818325461107207
1.3795080176314714
2.4982400597264895
1.7839288428171083
0.5123414780414826
0.31670945995471167
1.6878984285629293
1.8054730940116543
-2.3021436418140375
-6.886862288116867
-4.176911070880381
5.344737315735048
10.565808583058478
3.8166118236182522
-7.857856555035746
-10.73913930284959
-2.079490024248792
6.6116899909853935
5.8396991149040245
0.3465779660268407
-0.3956373049726476
2.6451792157950926
0.8684736847267798
-6.635130559249521
-9.734369790585328
-1.77309448097005
9.42934896228661
10.954284199433351
1.7239042902621975
-6.865934945605727
-6.582089528923684
-1.0953785750833378
2.3929512437025773
2.389843867142652
1.0325946846996854
-0.5033448621966378
-1.720965459525572
-1.8093352087036376
-0.08288840996889199
3.002212592628449
4.585893301393817
1.57641842266662
-4.224706434556463
-6.809736875778313
-3.310503550386762
2.729458733965395
6.0021394376695945
4.5101672255608065
0.08027154873113132
-3.669793791843986
-3.7886359623188306
-0.5113094936583258
2.325224840676115
1.3163838579963187
-1.7378590655742177
-1.9398514969561722
1.1376732690924871
2.5411116195805485
0.28552868219207456
-1.3715616689858547
0.3086295315790361
1.8308619188690776
-0.31035708393083195
-3.686195859082311
-3.150052883749522
2.118422440870016
6.46543655553365
3.664611352915941
-4.57188447360063
-8.7279429102012
-2.9103097005616725
6.369400832949171
7.542754608246614
-0.5588447674559212
-6.422979618049649
-1.1184376405401004
9.244193809713988
10.240990741335306
-3.621369791837024
-20.49245564488642
-21.155746483452013
-0.3134064661346301
23.725993030391788
27.344746362639647
8.331058343896265
-13.39173029703084
-19.675180443267184
-10.741670717899416
0.7931833505050951
5.501610229125485
4.562123186675529
3.6856911372431043
3.8217072541869506
1.8378035583615697
-1.90408428339327
-3.17621459023717
-1.3030422931042227
-0.5972976510450023
-2.759790743966506
-3.479830261359206
0.7912354402817301
6.530127709736368
6.477893263059979
-1.151275032513814
-8.459920335003387
-5.9807732549061505
4.724531421670746
11.607748143017313
6.520113196985941
-5.9505630551355795
-14.413451618341618
-11.217101491143628
1.4743384470350467
12.54840983725177
11.898883304459208
2.0787552458949095
-4.843697076996743
-3.4669470251314864
-0.324964754941038
-1.266105529583338
-3.4752464082346557
-3.0761643238476792
-1.0004703809271618
1.5041007558195512
4.426913159757557
4.930746206458353
0.506907221956169
-4.046458277321898
-1.9564589121325036
3.8912866040914036
3.9713257466100833
-3.1840221390806676
-7.980773501292366
-3.448717869217712
4.547221021250831
5.253731098403279
-1.4639982788852952
-4.292847243615318
2.3398201243944245
8.203348393944546
2.597288267723825
-7.638751723852568
-8.062898552601924
1.0030450254489638
6.464114755392725
2.9148515376671034
-2.8086749835939173
-4.547441484054925
-2.1506792072290275
3.088932019737475
7.9326953596073055
5.721005578540778
-4.859575556478939
-13.06744233580063
-7.8267653121626655
6.218770223561518
13.468529494096659
7.237003426111192
-3.5119712558918015
-7.905003989718436
-5.550448230224289
-2.1253168192998584
0.44970946377571397
3.7641051243860053
6.5343605627065955
4.343312104654097
-3.470723939602228
-9.482557823229806
-5.080282469799959
6.651115501963086
11.466889245303177
2.6391673414074157
-8.839625204535055
-9.722044564156072
-1.3119480777145818
6.10190390386853
6.653041654844649
1.3445091017537958
-4.81330739390756
-5.309673650836949
1.1676025124932414
6.80095262795328
4.299499269350323
-2.499603970612587
-5.336260391898646
-3.7585245396381595
-1.956015836285952
0.3481460548086906
4.522642648538264
6.394526195500616
1.7004996331318307
-5.452195943024143
-6.357793423832302
0.7691501808584473
7.628547202925994
5.847465198284029
-2.8674230842432844
-9.440926528272637
-7.982022681992306
-0.41783869634255555
7.288296641888007
9.792615396092193
5.06039842378733
-3.15464867370903
-7.098735807913062
-3.691547005936849
1.240160332241384
1.6018017139930203
-0.6773750995368406
-0.887129985568571
0.2274351366801119
-0.2979425490447549
-0.45017347468921887
2.9861896496651372
6.009810322406997
1.9952299833698817
-6.100650302434976
-8.022905177014998
-1.364590397874487
4.794762163075575
3.4120472687953187
-1.039829705923823
-0.6731924752068776
3.414909963181985
3.1205336017603273
-3.543345197464867
-7.854539232722222
-2.203044632873976
7.4094246739060505
7.614380854856937
-3.147734690831836
-10.394269041436223
-3.3480403821611118
9.176266871584783
10.680512680726613
-0.4707020698069369
-9.949339494917881
-7.444562080170493
1.5524149732991288
5.619921274996877
1.7155284513932954
-3.374605494046123
-2.1825254577806588
4.43104222799599
7.518134089365445
1.2745779615840676
-7.804616081440875
-8.407019042574197
0.10048915815251384
6.784638270759797
4.26881273993311
-2.582058180764697
-4.972897302371424
-0.8971388398966762
4.595313131675168
5.673424816760244
1.1014874879599974
-4.784420696396743
-6.381095047271742
-2.278721715513833
3.4475159109632187
4.834744560688947
0.3250777288743532
-4.1368293818801085
-1.730298271327545
5.1972361922399335
6.98905894581685
0.07311916839574625
-7.4564576467376735
-7.252171321078532
-1.8376123837178977
1.5008057881584282
2.1818739546786423
4.018341162077641
6.282844863153926
4.852965381654462
-0.6308904365403004
-6.170345215389676
-8.336280491188774
-6.58728482061762
-1.5945960666863859
5.343243952443272
10.096590908173189
7.204499648980158
-2.3468699093517285
-8.599945423989482
-3.8410587033200834
6.001173611913428
7.870506819758675
-1.3489567138346907
-11.07762740423588
-10.666610076795685
-0.7057445977031748
9.704202286187021
12.166257446833086
5.682330617982415
-2.8955960877908518
-6.255484059730793
-4.85603503078226
-4.35281550710538
-5.3605833039118735
-1.9020810244632402
7.711354767432043
14.26549518051603
8.071175334217742
-6.190593155491714
-13.112854692751878
-6.564908372323918
2.5850987956961844
3.1092010400074073
-1.267219876493212
-0.7336350903353779
4.382832112921081
6.196652066468393
2.652842461293113
-1.5834956902220219
-4.026896123494061
-5.531340228729358
-5.218552147563376
-1.2614236694644005
4.6261898310157665
7.662752476873484
4.698639766791681
-2.017067455936143
-5.776253006410393
-2.7657668072633648
2.0373989404087465
1.5500591352300197
-2.4024797788046133
-2.3827413065574854
2.3625063702222597
5.251970505513959
2.209194647788743
-3.8791480660078204
-6.5818495897394
-2.2085348756470418
4.817112133248666
5.924737437386681
0.402104198230539
-3.355466961392264
-1.2684645363778286
0.8166942020008138
-1.3579923466488453
-2.6576888639695997
1.598139760671852
5.50788602593568
1.234747291269993
-6.754803303337152
-6.71889221050081
2.603541348938808
9.75978056480511
6.855446483973981
-1.1951438028731238
-6.1703170049141765
-7.164776795311064
-6.773768229802113
-3.2869548513997824
5.418520229296812
13.605366830924652
11.840141047127931
-0.4321041209730557
-12.513156545392455
-14.091012847658774
-5.4669560636247185
5.345601377801242
11.53785649300766
10.285692528653787
1.70310190824072
-9.042288663532146
-12.57484923946722
-4.606557941129212
7.575211764154409
11.836053899089885
3.8789313445426026
-7.747841789711027
-9.930519696297235
0.19623815938729544
10.386093384691186
7.329829578193798
-5.807854538577561
-12.390881857165393
-3.8828411155474853
8.899604106808015
10.448989493667078
0.5326333652281987
-7.5231161870094665
-5.632604132344869
0.48052249353781623
2.669205269253829
1.6985982349123467
2.097469893441179
2.7158968969375983
-0.179463773184791
-4.65778467982635
-5.115646501228146
-0.7252370227917795
3.445961021385837
3.4641852579552643
0.9877245583741818
-0.24549691122819925
0.17966479218294668
0.00962119561079594
-1.0411209430475625
-1.1909779186041662
-0.5743527886013126
-0.8666838714210489
-1.4243039677874587
-0.1959689911484889
2.2878637268675934
3.39139954563515
1.9470487220933634
-0.6985074060015837
-2.5373659324909696
-2.989088746271916
-2.585441489975452
-0.5838716272026242
3.8831225843347426
7.008057632607567
2.9067163196611183
-5.916516816395027
-8.972231209340464
-2.697775414562053
4.4411232917467744
5.44866050766888
3.064363564163277
1.2700932366950983
-0.9009411962780983
-3.454826362179741
-2.931222469314303
0.1388979060402215
0.025994691137285406
-3.4152671675883854
-2.063565307269909
6.185538904227719
10.307463430595611
2.107716227234474
-9.258436172678337
-9.41303855502285
0.48515985999673017
6.572028506241353
2.878359636896358
-2.5096518748508343
-1.9793634529766972
1.5177022546437664
1.9796332126873666
-0.03363837065649643
-0.44825095196577536
0.454042481165715
-0.6199222212342025
-2.9098208465877624
-2.3204843819874563
1.17552639296056
2.9801089936112635
1.3257216328427173
-0.32653107534895215
0.4682440794471596
1.6373722136747313
0.774349534205349
-1.6440736592208407
-3.9645492130373223
-4.360755737973197
-0.9633633892549492
4.851447414665701
7.106755104833888
2.0308094308421043
-5.086099940332712
-5.334172144144176
1.3258769759697366
5.216653866853895
0.8778268499106675
-4.996632488731635
-4.234722376902615
1.0090866315155134
3.6537038636487424
2.6909138869848186
1.550797198878358
0.841591147259119
-0.7964944382410305
-2.872756789982016
-4.016904888885341
-3.3515631944430577
-0.20628596404893396
4.464157787637851
7.190720147722836
4.7632428581819575
-2.0424088639629057
-7.838650778228245
-7.177606839889307
-0.7638579481820735
5.101528904515312
5.848382256587708
2.4948239200966937
-1.388941118845403
-3.166860448073875
-2.038958837224094
0.632278626670134
1.8930714412471876
-0.019031304028873097
-3.2410038344726226
-3.8248904563602326
-0.12690815721229662
5.011049650121196
7.03862742752189
4.307685872863893
-1.0015094180637756
-6.0250832737133235
-8.9818899148123
-7.797902420693918
-0.7576940224184647
9.270377700080314
14.09383620906677
7.7359304089868
-5.17332219017284
-12.495897171847187
-8.114484075001375
1.1394801365735958
4.788585412758854
1.6184468501560842
-0.4873852694639273
3.1730254642399998
6.186113112934227
0.34385909242418544
-8.941367458256604
-7.639645103598425
4.145974146824311
9.524221955074973
1.053116343961231
-7.167146042225914
-2.853927330842609
5.1702905542252005
3.019817098937177
-5.567491855988879
-6.32040184625784
2.6796623474473953
8.771103417336947
4.300817310439596
-3.439210239629823
-5.012077979976807
-1.7545753733099498
-0.07929434794799589
-0.3338196976253543
1.193218460451594
3.3783694768247696
1.385823385455479
-3.7741043518310837
-4.45442781663771
1.9121440482034946
7.0813181705048205
3.3666034553799
-4.652015829718933
-6.53414051357539
-0.831356143985841
3.6954290964619196
1.3604783864757324
-2.767562838268064
-1.3053910342875796
4.284090092053975
5.87647164389542
0.3178652792557188
-5.9335858617326895
-5.399424351499339
0.398969727021962
3.5275139035770797
0.975763833675687
-2.042528972345243
-0.8867426945021343
2.2400949928362333
3.250345110847642
1.7992715029290602
-0.9416065326586874
-4.235225051310389
-5.263456232476401
-1.3421337846959476
4.403990436153135
6.273559512492495
3.7317540417781725
-0.07642876278268186
-4.092190254762861
-7.768782486051641
-7.509399024774316
-0.4647494131877093
9.50047835505837
13.558076302331408
6.689368388864795
-6.0982834529137016
-13.789607307532867
-10.405378691072977
-0.4152793061779903
7.637513457439355
9.51062602692504
5.781476254281776
-0.9776122893226732
-6.337372158488558
-5.908726576256433
-0.8386687503631102
2.4966712080439364
1.3859227791008304
0.24602702798944828
1.8133037251892077
1.959764639265649
-1.8041649426627115
-4.260999642383505
-0.9158713652449955
3.854451677951073
3.2260191914550362
-1.5946350045434126
-3.417022299147983
-0.111556402813307
2.656515543051402
0.7494100286170648
-2.4568516291487565
-2.064386444962741
1.3659538827980289
3.6238795100325185
2.1127062923145843
-2.1706010330117853
-5.17918568398047
-2.824825790919449
3.4584339579218377
6.343697614195539
1.8428925169728487
-4.451037769005411
-5.136748533403388
-0.8363863553536086
2.9302420459356826
4.054234171981826
3.3637189780046493
0.2058895434808298
-5.095819351533699
-7.432731778177561
-2.49505109685032
5.303378147174732
7.380144441505248
2.655696570951292
-2.1548816533397908
-2.8522180952005045
-1.4513759605003351
-0.6749679132527832
-0.7129186387446521
-0.7039647597176714
0.04729916968833885
1.4375718912596473
2.0923477381607887
0.7937661760622755
-1.3780805666056584
-1.4848503726181086
1.4304854283860193
3.3940999473877898
-0.1663832843532019
-6.323726002407758
-6.358007899719104
1.8502890518852035
9.110350397965476
6.78471968619627
-1.7419591220273014
-6.666359286268226
-4.7827382924343
-0.7232204934080267
1.8343565461785245
3.2416553319344437
3.4554610874906935
1.0225519526881757
-2.8792778573621622
-4.1446749969728724
-1.3684197609315996
1.7246186481206374
2.0604748285378673
1.4692272657264527
1.652403271474476
0.3381622395689702
-2.9717676186385766
-3.850383970261523
-0.3404121147006038
3.0457470593105325
2.6509332823280056
0.558012882043909
-0.6687291215435321
-1.5889365185555475
-2.081078857102238
-0.5548930252436219
1.5795461421286652
1.2712424700206613
-0.2637974846815194
0.29019369940479584
1.730459815978582
0.5189806857008903
-2.481181763848113
-3.1141563525293385
-0.27788956426465744
2.627207115901707
2.2422246108055215
-0.5626174464269813
-1.810857443597162
0.38974648723393795
2.997831657920094
1.6120176023838189
-3.5121343190389736
-6.621801804914882
-2.7474209017233426
5.475985414246655
9.029230931763164
2.7482103259765442
-6.549882450997095
-7.115479999049753
1.5330547467324571
6.872228543443659
1.491782093889957
-5.969316283142175
-4.641487971948187
2.314390723586586
4.14707594412925
-0.7391129051456256
-3.720643598727144
0.46207904738739725
6.548670619558866
6.920138298759521
1.807734640648087
-3.6631575181253577
-8.526700087619904
-13.243335887788078
-11.510820463278211
2.524799157338374
20.09181178991862
23.77556579659296
8.984704172127502
-10.371032798550537
-19.153636123391543
-15.648544609345906
-6.644444354404399
3.2826292542949744
11.679799089977822
14.3071391565415
8.72910003036487
-1.3286033563554127
-9.333151075858554
-11.445753116434998
-7.520872548638118
0.4820290954272746
8.798313129093845
11.533832262534867
4.755197133747866
-6.278311575766412
-9.84112956828036
-2.733304600807778
4.294873770575191
1.976879907123801
-4.241148743348064
-3.3049051064811032
5.239466228715766
11.132641687729983
6.70809500853274
-4.749012476435336
-13.303894839278513
-11.860056602661173
-1.599414599141891
9.229340233414629
11.986073913868665
5.527981747269218
-2.9164119354809688
-5.986994203827186
-3.3332741149648197
0.2869039662228425
0.9865953073084841
-1.289098187418265
-3.4163111054352453
-1.8612374531098002
3.6564218375650426
8.411618179429512
6.081707372489493
-3.6319212838376176
-11.65662423431553
-8.255338448604435
4.165679709897147
12.098224469796577
7.070820190473545
-4.280402791367405
-9.824912430502945
-6.554369179896239
-0.10794809826053596
5.55504002149719
9.709324169822574
8.800044339750416
-0.8032793279681726
-13.0151908651216
-14.865486176526652
-2.959407476352467
10.546805047381634
12.785146585304812
4.6950894144499316
-3.62227232313635
-6.146685391141056
-4.086941783687422
-0.43162575236176176
2.381897100993074
2.1118666614725536
-0.7203447400605238
-2.185014673961839
-0.3664769397837073
1.832234482128177
1.78981015367803
0.7675234163135234
-0.0015928330908965144
-1.8424644716605387
-3.9194187521756367
-1.5788187147739832
5.200575200052108
7.53962321873103
-0.22881159923439412
-9.223014611392895
-6.808048237690706
3.9744676112788477
7.319921233891149
-1.293865587785516
-6.635592307841569
2.339586479603744
12.380528548735853
5.3637179410584395
-11.409961968600065
-14.613589564134832
-0.41180484841872683
10.520159783256046
4.850212395835696
-5.566828590480944
-4.31992811535296
5.791213572585747
9.879342429576154
2.9392886396488245
-6.123752676635394
-8.897675867889712
-6.563244684022667
-3.479040463155392
1.0938553511276563
8.867782031299061
13.945872303608049
7.803677959019321
-6.794037320365387
-15.969393585873396
-10.918439978856984
2.482360970670909
11.056837673078602
7.622590052245534
-2.29387399901122
-6.594812257806314
-1.172743036810192
5.363093982147729
4.378593536266927
-1.9377558603224
-6.0777777887603035
-4.607606056702436
0.8802108306580209
6.052699133976101
5.7268709341419894
-0.9909331459190941
-7.185736053520206
-5.0740816143429575
3.3387580179309477
7.834054993224991
3.044964609070264
-5.195796712896278
-7.9685088275134595
-2.8903730926179967
5.446635571288501
9.832633441227243
5.299429312410523
-5.228645258934112
-11.45825952362067
-6.838377139228714
3.3691004170287346
9.009691568715493
6.330704917833876
-0.45199767407396296
-4.8605351235760885
-3.5187110412825553
1.0506466818770277
2.6180349562971483
-1.2150198616030636
-5.073512402385741
-2.699619462294279
4.13998840181435
7.716793368217814
4.1510217754701335
-2.5590832735944087
-6.2538595485254245
-5.367483008065238
-2.3416413928249455
1.3570751521698043
5.561769207275115
7.659044014955048
3.803553817441152
-4.838111978515152
-10.56188108395479
-6.641402828982622
3.7429261328355974
9.61609940137307
5.642673114612497
-1.4642233838119294
-3.8077487238166574
-2.701350779273126
-2.754635990002903
-2.7694491028085677
0.6333773350243849
5.085815026026177
4.6924620723032096
-0.9896475513925915
-4.802543706272822
-1.0523700667642826
5.469960835982789
4.8000006608163615
-3.6568075145368617
-9.436089078573234
-5.872615833097273
1.9416880364811286
6.688611674620611
7.413771605951404
5.389605749487168
-0.1584048002593115
-7.345867983224744
-9.243996532667568
-2.75551265240701
4.502546312835566
3.9452712183212024
-0.44290026600965265
1.6763046616861668
8.104108712269408
4.652808049296691
-10.871483571952048
-19.314338302559136
-5.5727186014299885
17.422903497854964
23.451148166869775
6.027860205128994
-15.121627792899487
-19.2762562671801
-6.990023807188776
5.668883236906703
8.26049742745025
4.719259607271336
3.2677562976932824
4.313983222195236
1.6591456898470316
-6.1073697104105165
-11.27028591081158
-7.185075460966776
2.545184619922572
9.435494312326433
9.51207091976222
3.69170438466931
-4.982567078629557
-10.146601067325511
-5.386668035384937
5.101874020133233
7.566922204271161
-1.4694023717554419
-7.310462293603222
0.4131233358067374
10.168343894874559
6.5209042810055236
-6.331220515032093
-12.568572181195938
-6.82289700604646
3.269549110345319
9.334047350592368
8.580464692053921
3.159116308460439
-2.1377666056583475
-4.746444608403457
-6.172993002700461
-6.3805032325224005
-2.0919005780782522
5.4540238461544135
8.656943403333925
4.148116344118563
-1.9320079849752467
-3.4540331750304034
-2.2733524822212816
-2.512891177552821
-2.896599329374625
0.29690499508711904
5.701843549275664
6.849740242206325
0.7817310084984358
-6.277676764333109
-6.4092465582692535
-1.1527701490737683
1.792105117056091
0.7453398979949841
0.583154162215524
3.5291591595465035
6.625532235627756
5.639013445562093
-1.8263628587001637
-12.098033841588505
-14.709688911487708
-4.07995910593237
10.179184015918885
14.193423493764087
7.476978104708973
-0.15280567371027104
-4.110310236066102
-6.837807339725896
-8.149739357213804
-4.130072421794144
4.422434905732559
9.615850363187906
5.657082384139446
-3.2371406301029833
-8.037858127108132
-5.16786455595218
2.021953807068047
7.809313030200101
7.036159457631614
-0.8663043813664016
-8.578149253363733
-7.6114066809292975
0.8317233067548196
7.34392503856209
6.133488303111419
-0.02679325938725955
-5.433237269202386
-6.480055379667171
-2.2874875392963805
4.215799267301447
7.123516055188307
3.96863614056373
-1.116106874850935
-3.7530670250231983
-4.234579706563612
-3.497907651636259
-0.42482282476978406
3.6488413908005612
4.034106616948396
0.08591551539418549
-2.4134282688909154
-0.16895938380016487
2.6122205012704
1.8508744083191428
-0.7802065556032474
-2.7565885385195816
-3.8387138318579135
-2.9157767926192943
1.187898890017117
5.387019587738811
4.700791817278505
-0.4533478556238262
-3.559488923904063
-0.7694696406787387
2.674496388561987
-0.30530053122470224
-6.828979296715248
-6.851117824029309
2.3407941235774867
11.711273160965003
11.52968371519201
1.3855014377442987
-10.994214374769104
-16.251363028317886
-9.346426978398243
5.929334600890582
17.922319230920795
16.374172848459605
2.164308982541838
-13.223420306660584
-18.20633910334365
-10.457546503142156
3.3422905062862793
13.914451040506188
14.768351105166106
5.572495823458061
-6.951608367885829
-13.39355076620431
-8.83237651947463
2.7469924562654584
10.423716214736544
6.4357083215470015
-3.9815273193484204
-8.059980925501323
-1.887338259639999
5.209026497150383
4.349901391123989
-1.1241716622769964
-2.037074306855586
2.0830643780132747
2.6952042678434367
-2.9188400149638984
-6.295860870069408
-1.8611362249997345
3.4618873836590653
2.0946119540243426
-1.622647222748247
0.003917367856777872
4.380291434633405
4.015802894641642
-0.23004558369588712
-1.9828560554767896
-1.4018154864693793
-3.7630304037579343
-7.650941406717552
-4.893890979408112
5.805879591612294
13.475865597828028
8.1580262781839
-4.822321878315565
-10.402937962328235
-3.399232481323442
4.720288588797272
2.66464793383725
-4.697333011941871
-5.220992058613439
1.9295775081052318
6.866439159335664
4.602677765543545
-0.014194366426132443
-2.164820058107967
-3.0348713306392545
-4.31372212632303
-3.701809347473136
0.5699669550113836
5.275282451383827
6.054209302936904
2.8622084361246714
-1.3791649883712922
-4.561998292912375
-5.348374440981863
-2.8799918391047363
1.4220849899943404
4.699186590206138
5.263709393686793
2.281431096140605
-3.85129330567023
-8.511466294291466
-5.575967393761649
3.81221872199937
10.430474895149388
7.9594389510334524
0.1028396932170221
-5.915196658050802
-7.823964012353894
-6.792234412251381
-2.679958236463486
3.9435263847818454
8.42685655666861
6.505839353255279
0.7952652716179767
-2.554648757876733
-2.494125051445373
-2.4502098392335876
-3.0211143081357585
-2.284598263299018
-0.971958140774889
-0.4097846777703906
1.6197572617578522
6.370747845575719
8.717529462532166
3.335993853879283
-5.725079352649658
-9.40596505034666
-6.445540626659849
-2.9075778589778354
-0.2781422264519501
4.808431687424852
9.893428847644552
7.96414282792116
-0.3842685050407653
-6.6997820454150805
-6.6657095803231305
-3.5474102352898607
-0.419150069112325
2.730559706294324
4.38442237680022
1.7800328142285624
-2.911361958068499
-3.1540679759370827
2.4075449169120966
6.13955113027968
1.6890198076839171
-5.839557254293712
-6.523143241765162
-0.30430056223814755
3.4041583985228967
1.2938812456488407
1.0406493140324649
5.910011988557753
5.907770379586851
-5.447812398705213
-15.760467103563476
-9.542739043509213
7.768418073902375
16.51214504823507
9.207078865318865
-3.0284337876018674
-8.328416635021064
-6.627713111900277
-3.310743913710098
-0.13443923930269588
2.9611053987352296
3.9305552609195313
2.076812648612877
0.4152543837208498
0.7113034725330503
1.1503921351854065
0.2539584407208574
-2.205863155522326
-6.356391407178416
-8.783962967468497
-3.062895401382563
9.703565458998037
17.19076010888152
10.248000824674287
-4.479640419597526
-13.576191295511228
-13.045565596025636
-7.584839263434981
0.3167915037617278
9.988846183358635
15.229833828245145
8.88055577169653
-5.175221789655209
-13.149571280912522
-7.215353734510196
4.288703817468061
6.810640034915684
-1.4799221191195697
-7.188068116296886
-1.0678209620945345
7.9764195870454975
6.482403638388525
-2.668895243291487
-5.497739683306213
0.5460040436390784
3.9007235386670462
-1.2558518518655724
-6.579436024629223
-4.148722383577851
2.2009192668029143
5.1998480985497935
4.6078213416315466
3.1498203981741377
-0.20609085883891942
-5.301294506915429
-6.005039793647334
0.640918127173713
6.4759986988822975
3.1324282442083966
-4.655281892820507
-6.826330416518688
-3.205953339466555
0.2868106660612859
4.306007093803179
11.381416604061386
13.464443975688036
0.3244841519407655
-19.63250136218871
-23.087025669908314
-2.5683776889742074
19.578601554000407
18.715813196699873
-0.15550662115913205
-11.798439166833747
-5.917406234889937
3.5607791933670057
3.2619164857157488
-2.4984133279700496
-3.82988436943964
-0.5300166690480098
2.1149033819390284
2.755911888452353
2.3684306150486143
0.6188832566189879
-1.381592111071373
-1.0421592306345269
0.34744882834551377
-1.3150930229991749
-5.033312430659165
-4.542359434167619
2.3975111849759756
9.777406448378523
9.59790085566598
0.04333518163591808
-11.463711086720911
-13.066462572964406
-0.7981243365536137
13.16569629976569
11.883771399347156
-3.688016930453624
-13.27173052987479
-5.208652401633984
6.6460676279726965
5.628334202669439
-1.9054021918037019
-0.3901198632842732
6.977429238838872
4.362550233258662
-8.582108352140898
-14.420170583104458
-4.289455775838639
9.47714784249587
12.02327233149248
4.9367192733457665
-1.1561021618515488
-3.4657974692171827
-6.1821164636373265
-8.346143338891267
-4.035025472679804
5.888914393542159
11.514455188913205
6.264907385175332
-4.0318991054273665
-8.35423380857704
-3.840982684793641
2.320322709503866
3.2127601698873067
0.008212575152022727
-1.4401609839926788
0.9333049439623667
2.9547668575278485
0.8241981233160929
-2.9600786636928644
-3.723180070224202
-1.3036875746493257
1.6386714175713575
3.7091649748322
3.521126632646259
-0.18322083063250483
-4.394000962937874
-3.6816357167233353
1.5823760155095965
4.444331584781952
1.2572126958722158
-3.042131444452183
-3.0377061021020486
-0.6246366755021435
0.27381007920575773
0.9661700804791348
3.5964917274690693
4.738431960907432
0.5490703818363714
-5.4037687488886315
-6.436882246753774
-2.333169165940223
1.9647726706274888
4.474644082093938
5.603640866517427
3.0206036832018874
-3.830552830892034
-7.725692387982022
-2.398905439855592
5.674950916608564
5.006664900457735
-3.011635440963024
-5.570152266584377
1.1772720165857549
5.830348942207681
0.6017774769013328
-6.0768810882321525
-3.7502500968823216
4.111880777079396
7.351071896028117
3.6800562396594367
-2.239666018106559
-7.097813755721111
-8.68456258797817
-3.685724819765333
6.407120401371529
12.373992755419515
7.572146485425631
-3.141924234520184
-9.901498097028101
-8.645132319071244
-2.439391850228865
3.622270789360747
6.632120755988362
6.407048510857068
3.075250243066211
-2.8796026038786207
-7.353559432662225
-4.989208250456175
2.5636798996065964
6.350966923895544
1.4612416730429212
-5.820924351873263
-6.143717702505075
0.8184356465549191
7.061645478618428
6.898489108325936
1.677840065275608
-4.372514604939401
-7.336274910714803
-4.361066680610657
2.8837382067723643
7.103911856516226
3.1991207394470673
-4.408659082779601
-6.799588323151063
-1.3521667726082542
5.844173938909755
7.24618650301856
1.453083247323559
-5.95997173472336
-7.929662757537047
-2.2474881282520713
6.094101383152911
8.841710457279781
3.0854297887093463
-4.984040110856919
-8.184227350925111
-6.649561234430214
-3.0555857783486444
3.728703279956586
12.297581349628103
13.786146088944887
3.3393253019899425
-9.962567808711585
-14.057160909578805
-8.879541959077736
-2.1690750621939037
3.0492684934789103
7.712889612977079
9.39743975332614
5.57519491395313
-0.014120143153427842
-2.6736586992838247
-3.9237791033878278
-6.229296781844853
-6.484908309381003
-1.882068512722456
3.6167049697996223
5.0702676763993395
3.686138555141772
3.1287740666043016
3.027901398566904
0.3346014248381423
-4.993346773167134
-8.230326074744157
-4.6824358788790725
3.3622966868084685
7.441554038198083
3.461637370106838
-2.7108289493829236
-3.7201398398278593
0.06750431372825229
3.0556825811920643
1.88243567009389
-1.7218977136951248
-3.29577752233507
-0.7053199539708619
2.822991249861185
2.4686340618532228
-1.745380503416049
-4.6990952772983094
-2.285181632753617
3.624089793129473
6.551255559006257
2.563612676129964
-4.127215580640796
-5.849418384575423
-1.3621537935670485
3.634614359846886
4.430841234905975
0.8586572131727619
-4.0549629602126585
-5.507539940136001
-1.234023253981819
4.510513870506586
5.5199667217997845
1.0908884135176897
-3.9060481428904215
-4.221997515778184
0.92304145386856
5.9438594686875454
4.057247245752806
-3.502143761409654
-7.801505135326468
-4.2392154195818925
1.5252082098930668
3.066488489273006
2.2857842519744533
4.000709095629216
6.356160693814756
3.0189072872801184
-6.047362224007554
-11.816799047367175
-7.4157906322583615
1.988603214908696
6.488741020229334
5.273979865024164
4.631370056461508
4.892961937598682
0.5646426220443909
-7.122644396879838
-9.493485406957829
-3.766979440985136
2.9667489350289253
4.877835557709129
3.694048457591106
2.1711235710645007
-0.5559748340153485
-4.310580788272856
-5.0697315501705775
-0.3038146723370618
6.8695145301681375
10.62136468432491
6.431067868017819
-6.147900298293053
-19.37496026386531
-19.437539267835795
-1.4074147112881898
20.095698512509887
24.856752827719323
10.687622899608158
-6.3656223572429464
-13.95682352790361
-13.87567555167612
-10.387444541809103
-2.094231391144823
9.510251465180334
14.936190359304499
8.361477801636518
-2.5256491436192263
-6.433768364023186
-3.594007933892202
-2.3452992969896167
-4.065534350288578
-2.203528672843465
4.362214197359588
7.773723374421681
3.0532591577202957
-4.551078994703427
-6.795146739534196
-1.9927786064474386
4.514795079179564
6.355891411095807
1.8906551997944139
-4.2384923324982
-5.967267092058341
-2.6169724232141927
1.6514336169877797
4.10014327785528
4.522183413615042
1.9454211316527024
-3.682686319647932
-7.492952288804118
-3.3428135521434847
6.907816160484098
11.839720141033453
3.142675429811188
-11.244249356108877
-14.17561803618436
-1.5855085139618088
10.743373803201537
8.145815876777622
-2.835069308225138
-4.94395429286106
3.7279876586979865
7.9003146043956685
-0.12614094256956235
-9.121961740759842
-7.461876872365309
0.6614876892729358
4.609388450283387
2.1602963711896135
-1.774071179095053
-3.180061006743604
-0.18554767071455294
6.776394406254196
11.444517204981967
5.6507010333087635
-8.15530327402331
-16.082070292686065
-10.469798350836
0.15835057255920323
5.497731780692162
7.242374366674165
9.701927318887583
8.45326403252279
-0.21826442818413638
-8.881814320843448
-9.342560364512874
-4.765307892689558
-1.8371689971721137
0.663228620048169
5.921349756831852
9.114083848307944
4.1527505202069435
-4.121098992308451
-5.621029424419754
-0.7244923740686422
1.0158977517212924
-2.7780689347332115
-3.9994656765233416
1.5634601871539409
7.2674941811931
5.863593362859811
-1.3345826630384867
-7.701869514857185
-7.834978409197643
-0.7794593779491477
7.857600245329807
9.010082121104805
1.0425193222471185
-6.357206001873105
-5.140466270199987
0.23708700987936618
1.7416160710342095
0.24837347142578817
0.6506708920619739
1.2042458111281389
-1.9734930799113608
-4.324241469259915
1.1372910152539102
9.018711140048687
6.633982409463713
-5.172192298085241
-11.256784673147845
-5.013090700693557
3.3189597350830167
4.939204305177371
3.853470304098397
4.6361327798604295
2.7079818301412293
-5.309698215489351
-11.510297657156626
-6.447414072751745
5.8581336739640175
11.838592489420389
6.167863557148292
-2.8712009430136662
-6.22219445714353
-3.761082207477656
-0.12773347965331694
1.483377616535767
0.5903746078803336
-0.6818923740528932
-0.06779945169252365
1.0758189656387194
0.1848118846716744
-1.0042609134012626
1.0617319813438497
4.372341543059218
2.7561847331218248
-4.045075892368802
-7.871162227769775
-3.3380284708607224
4.140911921466161
6.320784136129103
2.7728624229972536
-1.1544786493925905
-2.4022110689238008
-2.1067128059174856
-2.0460151653400134
-1.9637415767440243
-0.19532252214209292
3.597850596056161
6.551784000912337
4.617431522702382
-2.276824157271249
-8.360708076105906
-7.828695149567323
-1.6584138932887698
4.065897462154695
5.863284553592554
5.579713038243369
4.738067015066301
0.5279022718301379
-7.799151353070511
-12.263100309196815
-4.863240207050821
8.434647095712528
12.894422849847736
4.535890800972811
-5.5351108157854725
-7.327205580107511
-3.291722596229571
-0.9931403964111316
-1.4346023767460554
0.6495124917560746
6.813167166312706
10.20795165530643
4.451017917462963
-5.96073743609273
-10.656478607517602
-7.027905073672685
-1.5057890485196739
1.2016307299652504
2.638047766811675
4.965973288116133
6.84884095056322
5.707044739907704
0.9746361191374563
-5.355567131729061
-9.692489075320617
-8.516431588597195
-1.5136469233494427
6.427065684753194
9.049784314957648
5.548807668495516
0.8305009816889724
-1.795622154904665
-4.214281021912664
-7.551564077094173
-7.40982512891509
-0.3320807090961209
8.519792462495516
10.77531903218415
5.357121462731298
-2.215966547266565
-7.2901497432234805
-7.858013975026149
-3.690349226006474
2.155383639762122
4.971538426829327
3.5955361706628683
1.136293312907438
0.2576917308067157
0.03626179076993731
-1.525905615543732
-3.325395574626989
-2.5645473655646622
0.2476374443509726
2.1558016297838254
2.5524193482147792
2.265584615333049
0.5980295918666293
-2.026964076262543
-2.7195475306581285
-1.2134801980929204
-0.7078350298529499
-1.0680769917181068
1.3280567592616597
4.812111882221057
3.094427154525294
-2.6399242301421917
-3.5005240862242077
1.8224945198951927
3.529558561358341
-2.8822376302602484
-7.9711195711481055
-2.783228330045281
6.486429980729599
7.138980301882559
-0.8902387078778345
-5.1535378446474125
-0.09251840310747954
5.191744506340009
2.4095848926903907
-3.60274861334607
-4.435939694616999
-1.0470643231813457
0.40556226128834383
-0.692860464432445
-0.25612445347155083
2.709634986606996
4.76380309066877
2.6351571848588775
-2.7824443301217143
-5.8914956688669795
-2.185823970411983
4.127885077329755
4.1865237074644455
-2.261819993157991
-5.767724911825052
-1.4735496214462096
4.333603398965368
4.755068027716403
1.0611707953983607
-2.1112509882739494
-3.129325101644644
-2.3964286325289073
-0.5452923282049633
1.3045673402922735
2.4509457497947964
2.7378092817696884
1.6414031849870754
-0.3152472052034367
-1.496096848047037
-2.3965254355269
-4.487146714111691
-5.280512911306583
-0.6391571005513247
7.49563533167527
11.264654453177211
5.948270641151655
-4.4696463515904705
-11.476782535366743
-9.810420328113958
-1.3600400146349636
6.891477133045445
9.141935907154057
5.50522782910514
-0.020708934851839864
-4.403199985758287
-6.408345032794302
-5.224763701332915
-1.1892477427925834
3.2862590220997605
5.357515022483105
4.207300504974968
1.3593715295575397
-1.0469381851153905
-1.9648396791876757
-2.3928529526055495
-4.172053061776054
-5.610475679939763
-1.1990011802988996
8.792606791120992
13.021111841518556
2.813094268288546
-12.213058354068558
-13.622376929535896
1.0111820848396444
13.56935888929633
8.84753397170435
-6.174470998154879
-12.395152899755068
-2.8792962057653635
9.386481878223957
8.256217237854692
-4.610306050003089
-10.995157005234637
-0.8698544362214449
12.061591129461135
8.854483553679827
-6.889546539800573
-13.444359269800277
-2.021512807737933
10.992981808412033
7.99821028250517
-5.3429260538973855
-9.998702284942892
-1.130085682785988
7.436269374606415
5.171302294094854
-1.8368698699124497
-3.49731924531693
-0.7364195300035303
-0.2291333057996825
-1.5422880578341642
0.7974348250997971
5.443813399961294
4.132927380951372
-4.8100967472893466
-10.7240879726728
-4.321980426229143
7.877565067901251
11.294156266619973
2.8773247408943754
-6.32055328366741
-7.079366134511963
-1.4130141238999794
3.951034641608783
5.136369781780484
1.3924263235236238
-4.8610250751502315
-7.517782017939005
-2.818449942906084
4.516092308406634
7.279481005365343
5.2343508942821035
1.9892249777080366
-2.566076605848339
-8.28989776369715
-8.82951891297683
-0.1607545751932909
9.150580089580224
7.911303417262092
-0.531367418929549
-3.9031480536690015
-1.1516593512121993
-1.7648614850184365
-5.875223482602965
-2.61901764655157
8.419428606998943
11.699290322872784
-0.1529715881487927
-11.89697667052997
-7.706531334956229
4.473928081178987
6.494113042158649
-1.0438911041541163
-2.7931556070433046
3.233007675015608
3.4708403299070962
-4.964623221928678
-7.707739586967772
1.8956982876149655
10.217712152719601
4.764134226009905
-6.217523478926628
-7.140227548591298
1.1476252626107428
4.4663132553412845
-1.6743312183959758
-6.189005295364338
-0.7807652458149337
7.990924059177118
9.331291853789057
1.963136655395805
-7.103319013063589
-10.655748274240775
-5.681319058481316
3.562672057235557
7.291415975280285
2.377801175476032
-1.759977778431401
1.83508198576642
5.504640533377943
0.6615275708259012
-6.696749620896414
-6.394265119094235
-0.88852677423888
0.7225921278544174
-1.0838987658733439
1.4969692845142955
8.115871993690888
8.958528718533836
0.019694997935237983
-9.831253762890205
-10.584589423248913
-3.1211159748182613
4.548167172451889
7.349857394086902
4.944801289887277
-0.7916809089516639
-5.034029986963052
-2.661302177082468
3.5486433622116307
4.1428050809415735
-2.9248587510601745
-7.480976502948962
-2.1145536787697248
6.284698829725566
6.924844428287332
0.12343773072418913
-5.048026574719675
-3.489533874784508
1.1203899036382157
2.4870918825317183
-0.3593579793863202
-2.4034329556237517
-0.12244974973710633
3.1448976314206085
2.3807632915765655
-1.384240621299419
-3.212365776757732
-1.8414964462559418
0.13666810839108984
1.5779813345097886
2.7796561115811955
2.3609434527440363
-0.4086166585605645
-2.350621186687399
-0.6217235468232022
1.5632319082964736
-1.3789933564948675
-7.968576249518492
-8.639756885537416
2.53211022693268
17.20383849752704
19.45124988834634
4.477161418799525
-14.799146462073516
-22.47904923963306
-15.368993144913453
-1.2024427229327623
11.8509697766663
18.843620161249742
16.300059047502227
4.004320723840629
-10.999660314683615
-17.586317604338223
-11.531542565894515
-0.3533945660135102
6.382603938946707
7.646195106677697
7.3751825915319476
5.484213919448896
-0.4275473243426893
-7.39832688517167
-8.774828852113917
-3.4923169566675156
2.2984047362624973
4.0050342564813715
3.585664711944481
3.6239769063388754
2.3315311688693106
-1.822440238324412
-5.851947825028266
-6.040331005705788
-1.9034142921127097
4.2071794533518085
7.983007349016174
5.758013870179599
-1.0161978126324627
-6.7413824127678295
-7.652440950662487
-3.8688776061394363
2.5126071070265223
7.647910104639468
7.229711015957887
1.6206398886823115
-3.5300616234184217
-5.045892928326943
-5.3583092278070446
-4.865294675113133
0.48171970418736865
8.98833068143039
10.219098237888073
0.07011219201941461
-9.603989596356978
-6.78085914005375
2.493919874381469
4.607508412493308
0.3362233986422028
0.13384838938958937
3.138046735295575
-0.5284764998469336
-8.896655523055562
-8.014945979219187
5.0399798872593085
14.615770080776022
8.2443239087344
-5.849569831215994
-11.22115812016707
-4.755018099557212
2.830079396455069
3.182294393404957
-0.7311624042932916
-1.5628030899866534
1.8337875606352727
4.301829347246876
2.7301221293445685
-0.5632286141062712
-2.6745856065997566
-3.3590804431462042
-2.9390219586085022
-1.219562287506745
1.0133716985411514
2.2631872869009415
2.1680001036256606
1.9211387640093882
2.8081156253623183
3.495765839330164
-0.11509394373711644
-8.35916946767723
-12.792844579832243
-5.015684924180178
9.742637631592713
16.238039661717732
7.799880761038301
-6.0216232188408485
-11.719561747250747
-5.805645940135983
3.70594503685219
6.063482795287304
-0.5013604397945618
-6.011660358689592
-2.088899260308683
5.806069402050048
6.856773026845902
0.5793000796752149
-4.510392759663777
-4.0362542480741626
-1.5815264534438955
-0.8155633335448743
-0.40639750116136036
2.0092055144969834
5.016751706282639
4.955926166223564
0.777208012900219
-4.490152254379212
-7.271181994685451
-6.501902887274609
-2.2384550483066237
5.080448858666301
11.583390087086023
10.74974816229801
0.9542133320410855
-10.587122105934924
-14.180002683126803
-7.121346080385361
4.018244870354149
10.148143940746994
8.211472092930206
2.5444686217465127
-1.8509023044513633
-4.385396304288619
-5.4172131716521505
-3.016994677325005
1.751312398688788
2.8046574471208987
-1.0627315725893924
-2.077741156721265
3.6105921289998566
7.825562728445666
2.8534291826522122
-6.156865297766536
-8.972958713028405
-3.936731093581029
2.800108281851601
6.091845748576157
4.4890183525566485
-0.5537569992224415
-4.258260791278033
-2.3691813009389033
2.608290731893175
3.9597169535739134
-0.06284139689364389
-4.436682377515782
-4.577163808821796
-1.0276719016114844
3.0394551065441733
5.2480736511510475
4.389009032845969
0.5365414852064181
-3.993062775341976
-5.825697842530935
-3.50056882600916
1.4039093218703804
5.044219038050755
3.3648859447447697
-3.0333352156192617
-6.449560046595056
-0.30000909192293074
9.957165220063379
10.93541293864001
-1.2901896697305075
-13.761326153492375
-12.130631583788803
0.09833304869382974
7.124835847035448
4.053907054953712
1.281709074513679
4.802842478071281
6.987778834064788
0.6102951039984476
-9.466625224798575
-12.639965097006236
-4.973757551305154
6.509892880725475
10.733451028354516
4.429604729759449
-3.7381220111600273
-3.6058912480090277
2.9129650309638704
4.14164904520207
-3.817301047046596
-9.823836142519404
-4.118291776853328
6.497307530714833
9.244914249521155
3.3124501264794035
-2.8236138433548392
-4.909841581567411
-4.428261831019096
-2.1241808115213394
2.2312298659590564
6.053128051484322
4.973904698720969
-1.4033841228630077
-6.754746982534546
-4.475752943061384
2.7295838483017065
5.0520251518148696
-0.3730921604932496
-4.697972643032874
-1.004725320482983
5.170327117347017
5.000143533486179
-1.0139254786829968
-5.442363972911248
-3.908263174940892
1.0428535241914474
3.491325382858705
0.7318757400968346
-3.2657363149479246
-2.630383741641545
2.4951309471048093
5.775232099403881
3.07805379189831
-2.0306593593580793
-3.586257090515768
-1.4154202780121914
-0.3503448433326902
-2.6855006233141263
-4.4797377497588045
-0.05197240074874743
9.045784019637125
11.70267116873975
