Alpha
0.00012793577062423302
0.0012763486926360404
0.006016141851308323
0.017726976084031957
0.035916219486134625
0.04998985841249938
0.03826834627565532
-0.022044113457774316
-0.1354875488541403
-0.2701776283848422
-0.3558226401398269
-0.30746828261374315
-0.07022284689438506
0.33522509179536875
0.7930628040070485
1.1170834784626702
1.1175412392855253
0.6863101568687543
-0.13583879374552826
-1.142830110540478
-2.0117661400191897
-2.4046215340106536
-2.0909625566002403
-1.0491877250443018
0.4940146969703507
2.108629516583612
3.2847119703280767
3.5989869358670563
2.868619149030191
1.2341887280260861
-0.8633669546934727
-2.809501311259195
-4.007888872380662
-4.0746319918584435
-2.9685222564417972
-1.011616045871516
1.2081683608313607
3.0211676974988753
3.88805997716123
3.572627065976549
2.2177958968298412
0.2956930975037082
-1.55455011199992
-2.745679192844026
-2.9404442616676447
-2.1577425840581155
-0.7494435047173117
0.7391242203952564
1.769412533761464
1.998179179287346
1.390789317253917
0.22339143325428362
-1.024144169274798
-1.8464475657890915
-1.8992636205286821
-1.1265669214265566
0.21836140890850136
1.6631306853267138
2.6824374054503863
2.881450665116169
2.1345815947934783
0.6328639324878054
-1.1777840300809244
-2.747221783273447
-3.6052119823099336
-3.509920443163863
-2.50962721805769
-0.9048503956482328
0.8637200864765398
2.3540793046331743
3.241699575598489
3.387888252078131
2.846816555697632
1.81776222286575
0.5654903464480971
-0.6588388664649795
-1.6692429667262318
-2.35865066278815
-2.681904296766075
-2.627006407213423
-2.19658458007562
-1.4136354999389547
-0.34910311130962424
0.8492917123506882
1.9558125492329863
2.710467219651144
2.8994002888297525
2.4407394980753447
1.4366250007907817
0.16172202504078662
-1.0164852652611542
-1.7608173320247225
-1.886664526672645
-1.4359695443003226
-0.6682978573717069
0.037284042781796735
0.3377638346531878
0.07728820737393782
-0.6313541350866317
-1.4331414570140155
-1.860492543344306
-1.522213087806882
-0.2848464243426174
1.623556442961496
3.6394957760820663
5.030080147178194
5.150396081680724
3.697231073581526
0.8608924947047673
-2.683227896294899
-5.946181803771979
-7.914631477991184
-7.8746543786607015
-5.6651764529505835
-1.7675019462585413
2.8097244458030484
6.8178167517084685
9.13615207435246
9.104929388527033
6.719411198777937
2.6274170211440175
-2.065057957528039
-6.116137764543018
-8.49869691046224
-8.675254052060172
-6.7193200416670535
-3.256071422389589
0.7463091988690238
4.260107842170918
6.46960038054889
6.960276272172988
5.786156658109692
3.4098671784263996
0.5431961454806302
-2.060378782803108
-3.803586778274611
-4.385540602707193
-3.852850460383675
-2.5508755051398917
-0.9896863044044072
0.3333468840785095
1.0944691583948496
1.2318508782752637
0.9321234051346359
0.5251563616687019
0.3322333691501776
0.5288225074254895
1.0733864125121808
1.7249024423261714
2.138755737070324
2.0049077809346434
1.1783914644086997
-0.24637441120568646
-1.9461032975580537
-3.460021462176772
-4.328807425042546
-4.234730841364285
-3.100668478039885
-1.1214671751056335
1.2774618978741203
3.5401384992318947
5.113290372749653
5.584105194091409
4.792616403374999
2.8880699662743936
0.304619101726347
-2.3468410024517627
-4.44200141478931
-5.509490724268182
-5.3475475352054085
-4.059131417995793
-2.0025053008792946
0.3215365188836827
2.408678090853607
3.872347519111258
4.511657654778273
4.31420136314741
3.408617180004333
1.9992798165994532
0.31636148091699645
-1.4033974093640385
-2.9153699447672863
-3.969962771828067
-4.340752602249672
-3.881255506589818
-2.5924890537260765
-0.6701007113274269
1.4996413294333937
3.4112075340512407
4.568927023230382
4.637046749447009
3.558762789783649
1.596178894234227
-0.7322009160584182
-2.8005686715955216
-4.061334265352648
-4.205302240456946
-3.2461343487930634
-1.504681885130756
0.49880919463778595
2.206923638610035
3.186971239729147
3.241170695644156
2.437398825149578
1.0635823769905577
-0.4697287855727495
-1.7472086116238996
-2.4575980233154437
-2.4683262852471395
-1.8464121738978565
-0.818163244884158
0.31816135229049075
1.2893119303219953
1.9112195396838416
2.1020893512298984
1.8606783616459046
1.2405166258276819
0.33927387198157094
-0.6975197538929767
-1.6735689177234592
-2.359217764873412
-2.5403462294243977
-2.091282762499241
-1.0446382774404706
0.3785388741621236
1.8056992600235202
2.816922577635207
3.084677844648244
2.497425292023802
1.2146230507728364
-0.3766860733762349
-1.7926631782565228
-2.6209632466224426
-2.660942264113754
-1.9825259589827928
-0.8829408730738546
0.23907946750295359
1.0382857209726903
1.3425565612277663
1.1923364272635428
0.7939671923069775
0.41426296009337416
0.2591772661430623
0.38233538678791357
0.6611525682562523
0.8541011788422931
0.716882433534126
0.12629544102757448
-0.8432322707318826
-1.9229188295555886
-2.7319389040687367
-2.910207833809374
-2.2568962587458747
-0.8259752469823324
1.0602017345153762
2.8930265347775883
4.13308878647523
4.38459635246066
3.5243181271838258
1.7397289477951055
-0.5308371758426487
-2.726977892835243
-4.316437041306748
-4.922562063582898
-4.403415845917777
-2.8758012327202658
-0.6860905889623399
1.6663538705057046
3.6395792969417524
4.770787156958483
4.784050475731082
3.6617916990712414
1.6625269849842124
-0.726088468280191
-2.896974177328869
-4.276489752689618
-4.485115472978804
-3.4603972624714685
-1.4973813328565444
0.819027981441886
2.78109859140385
3.7794416667986233
3.507111087938579
2.0728577542503905
-0.02352039377456666
-2.05364946219417
-3.309423609415719
-3.3497123454583555
-2.1534772473770984
-0.12467808992997229
2.0482026729645493
3.624647546682804
4.055991238282846
3.1611910553538722
1.1818792290763767
-1.2948879033076315
-3.518253807115079
-4.803543786227279
-4.741746205692708
-3.324369523658743
-0.9438175917860431
1.72996050074151
3.9534251768820816
5.1262227532765365
4.95463166108897
3.5185962642624884
1.2322886978144865
-1.2823446808100543
-3.3706179564578393
-4.520626083121042
-4.492203133401073
-3.3671518711530757
-1.5114522288635914
0.5382084329924622
2.2328903010020746
3.1694246527843717
3.1985582667964794
2.4483141440196627
1.257485996057245
0.045537567267889746
-0.8340971255617566
-1.2057919270078754
-1.1102793157215134
-0.7591078322407858
-0.42642068689505025
-0.3243572723905354
-0.5140821745401524
-0.88650509358391
-1.2148797528807393
-1.2530507265130113
-0.8392346663520539
0.032477808208096245
1.1951797269447029
2.3479430572705975
3.1356870426351997
3.2493162411207734
2.524052645596172
1.0122982721070661
-0.9936166127494355
-3.0081232497929222
-4.470794352248985
-4.911163810127455
-4.108303062465607
-2.1854160570235166
0.4005431692548586
2.976847461995498
4.847389659828559
5.5014055529689125
4.7701027219406695
2.875468026333636
0.35331529903409975
-2.119581087015121
-3.9295694946668287
-4.690887340294374
-4.323905394153466
-3.0366574765688688
-1.2313232626004436
0.6254480056629892
2.126536744356899
3.009560813213488
3.188065347554279
2.733621775150905
1.827160636307865
0.7013145301907577
-0.4092079823860654
-1.3025363086123516
-1.8336458594707878
-1.9345494809055523
-1.6306340718552998
-1.041566184820736
-0.3531528830623648
0.23869219221984903
0.5912603167162745
0.6590350753279556
0.501769825499683
0.2550418478429317
0.07374310977572124
0.06826419792859965
0.25853600988411624
0.565867221674467
0.84521732230231
0.9427741009012575
0.7567968127692637
0.28157690935562907
-0.3809862612367479
-1.0490589232201373
-1.5208572070612283
-1.6467614024117363
-1.3864100563620911
-0.8255598163401099
-0.14135454071866435
0.4715818129427077
0.8806855131862616
1.0624054949296957
1.0935083901248026
1.0910822335629637
1.1318615931300284
1.1932307615040258
1.148937840828202
0.8269826156824136
0.10744499590444001
-0.9837271696050142
-2.232467033256949
-3.2739495365658975
-3.704206399348977
-3.2295104627268207
-1.7984109495581417
0.3383749159726437
2.6713133138072767
4.57100096630766
5.478880127499759
5.085451211443321
3.4345986362595853
0.9188544812183502
-1.832327199660405
-4.134894603557167
-5.44348178307427
-5.493168340714034
-4.3496326462325525
-2.3626938444520555
-0.04731111024676873
2.0669796934958917
3.57105304757806
4.255860926833091
4.119689293460759
3.31523654465151
2.0699892405530504
0.6166531795389891
-0.8431498393423305
-2.13976929377863
-3.1175646861470283
-3.623886387189843
-3.5257079475637365
-2.7563402510326016
-1.372810481579146
0.4078960839458179
2.2208689893954885
3.622807083266164
4.207653309106117
3.739084804982479
2.2563875918814027
0.10640576379470108
-2.128392688836613
-3.7964187698079948
-4.384733297572579
-3.6921660071594524
-1.903930900185332
0.4587745425687217
2.6968460587994283
4.146551611552227
4.379891851362022
3.331357162953809
1.3151223973153632
-1.0706261573047742
-3.122517612793322
-4.238461029804718
-4.088881942535264
-2.7079903849205884
-0.4915133104810429
1.8915972699736547
3.659729970018397
4.130951480653146
2.94995485996625
0.2715473636066453
-3.171491441151247
-6.181831128471158
-7.415959441260748
-5.852919876139661
-1.2714687356990901
5.456638690398769
12.42453990948241
17.15967836734751
17.40921703942839
12.001300627084179
1.4695035411643653
-11.832376357410645
-24.242680983366668
-31.82625329830268
-31.622511295468115
-22.697157830832236
-6.627977514761006
12.772773985269064
30.451823576331762
41.54185623471797
42.7904277477947
33.54464696357184
15.978618073596074
-5.5078539491699114
-25.527947406928813
-39.200485295027164
-43.44852776707525
-37.73171309006392
-24.02943451196261
-6.130107901520854
11.5129653773419
24.991255364801628
31.864281900213786
31.56732690452422
25.25550246122438
15.212884066661859
4.070434490850997
-5.902713477013238
-13.239158726520095
-17.37306794394333
-18.458130172492343
-17.04747252328859
-13.79313370284201
-9.27214104412306
-3.9654029436797544
1.6585297431425494
7.04392765650236
11.517741427094512
14.370415217218401
15.028016001702742
13.246556263166614
9.24369408686961
3.705747051552455
-2.343422789190179
-7.77328693107141
-11.605869139753715
-13.227273767183567
-12.495724960132057
-9.726331727110832
-5.572307171957891
-0.8509372757200094
3.6294784056839955
7.1995888905910626
9.401623596592128
10.014895972425492
9.052446980342376
6.741430319740168
3.490130493714266
-0.1624505730052865
-3.618755444312265
-6.313835353274527
-7.812481134082934
-7.892555689013688
-6.595020351061307
-4.224742466510058
-1.2919015498949078
1.6014959854265018
3.9027970849907594
5.235159481213404
5.47074073912583
4.731853252261394
3.3261122459478822
1.6413132190785311
0.03537700764450236
-1.244752391342529
-2.09335994466273
-2.523344951529564
-2.6106839049997186
-2.4388510266068497
-2.068736173235754
-1.537976693607792
-0.878204131036661
-0.13629064105132735
0.6130497942144287
1.2727142661077615
1.7462092786133652
1.9665861818705606
1.916698160210589
1.6309438829621503
1.1766411478717154
0.623183527207217
0.016350660903594227
-0.6242092948872375
-1.2789293261921524
-1.8882758848833716
-2.3270147112982396
-2.4186129127277707
-1.9976876435664002
-1.002087885577211
0.44801538526391854
2.032125093787009
3.2976067038215477
3.80027370395773
3.2702089680601296
1.7394310993250934
-0.42574789467799035
-2.613635371201739
-4.155908691172885
-4.551558043094271
-3.6427577951055263
-1.6750286220637247
0.7812699116816447
3.016464485996366
4.403496339503449
4.579016057306011
3.530417352849023
1.5751629444059585
-0.7456469544478859
-2.819193938892607
-4.115997935903473
-4.313609783610742
-3.368371194850865
-1.5265777655645938
0.7287957733251946
2.792374198408416
4.091116994672531
4.241276635440285
3.1636199057670233
1.1221783432114296
-1.3295936627714022
-3.489549629177801
-4.704003204773498
-4.5668520089060936
-3.057132444907832
-0.5658917542210031
2.2041504596381425
4.441987562465921
5.4748158687646935
4.980481996121061
3.0950909618589213
0.3737546678729241
-2.389793242174692
-4.425264026481463
-5.233342272368456
-4.724491227875745
-3.2008349419717486
-1.200445627889099
0.7226402952168065
2.1893722743872117
3.0817255682968105
3.4975787988623264
3.610471515956619
3.514158624707628
3.1361584752090246
2.2698950202603085
0.7173752900021383
-1.5239725580420727
-4.129704381092145
-6.45713102541177
-7.717890410317996
-7.259682745521237
-4.848993109426104
-0.8387620149366699
3.8588198499303683
8.006056677982146
10.412957858580693
10.323640898048076
7.676322625077335
3.1388901166489074
-2.0955409878707316
-6.678998736916411
-9.511546425688374
-10.038065485318079
-8.348866191433439
-5.072403312311548
-1.1225387512570155
2.5944071425001614
5.408932908525978
6.990201108641258
7.314850537936113
6.550162926707597
4.9269775635590864
2.6674558479449493
-0.00923611534857124
-2.8285386177862257
-5.405740289213474
-7.252961399425514
-7.875954197910821
-6.939137743115795
-4.433462671081767
-0.7677021596174473
3.2729791150849983
6.7084365054698445
8.637744614241
8.51871658984512
6.355043125771978
2.71872709572775
-1.4102742206071597
-4.938918594981874
-6.990112317011211
-7.152800207646088
-5.572513341944218
-2.863503856917731
0.1141261757273789
2.5311941067569905
3.8327416933035425
3.878043127191448
2.9393212807369262
1.5622641579638912
0.33830607246722083
-0.32410675660698157
-0.3390264544146769
0.05929181215354062
0.45254999645031224
0.44433197761574206
-0.15300283526333464
-1.2246601419612853
-2.3882305613035766
-3.142246859553996
-3.068329673948052
-2.008842745985286
-0.15291722271087668
2.007308714199757
3.8398094431842997
4.790920200419079
4.568507623636752
3.2151260675763678
1.0486382897031021
-1.4817826169725734
-3.934791579293311
-5.941424185970141
-7.185980506503498
-7.3534897392698495
-6.11991065322039
-3.239314219659594
1.275813940480933
6.951151455011604
12.738788073961413
17.10767971826641
18.38242150513493
15.27308912111084
7.438414341148486
-4.130663731104439
-17.09845066601538
-28.228680955891463
-34.21203831976729
-32.652612345166496
-22.907000723164536
-6.488989578682961
13.130325063006815
31.31728865429507
43.46872158537817
46.270997872785024
38.653970364297294
22.145997554413647
0.5115679161485984
-21.228735137690766
-38.10680669225941
-46.460301811907925
-44.780872629008215
-33.95244204577366
-16.86754775142343
2.419528056941519
19.740611800783075
31.777791920365477
36.711469884501994
34.42749482321289
26.289800745800793
14.600752000235696
1.9393420736618063
-9.42768860158415
-17.92221134078519
-22.771312227477985
-23.90642201856882
-21.74282025961454
-16.950330764497
-10.299128324548327
-2.6081596567829743
5.238610693962493
12.280398387134912
17.536566157258832
20.150812267910723
19.58885707503406
15.822138023373128
9.421368344644891
1.5046124725957088
-6.468118246198927
-13.008262119505808
-16.936126155123695
-17.646251576969313
-15.225244188381017
-10.393308850432334
-4.292920669180659
1.8113140489040438
6.836029902113474
10.101587657383009
11.414915594903869
11.000807552236953
9.325581759042892
6.893926290940672
4.097274125422046
1.1590641684907632
-1.819907751342571
-4.751487616509472
-7.4461487659323735
-9.556468817533418
-10.614908667700323
-10.163611612204148
-7.935391422667973
-4.019426277769085
1.0578521246387942
6.382503895325632
10.837095923270272
13.37708541399136
13.321097592247982
10.562553897866923
5.630911131322157
-0.4203626979602809
-6.268936601107606
-10.652570427484555
-12.682350801479535
-12.052339866738102
-9.086030142339206
-4.61150155790263
0.2878520588333311
4.565266609186229
7.458266609689599
8.627019402075945
8.158806457460944
6.457974859177528
4.0732672414226245
1.5269464754125304
-0.8004835049360631
-2.704294105792733
-4.115328494610719
-5.020046530076973
-5.389652674818002
-5.158164796534972
-4.2580848717006905
-2.689704800696333
-0.5855549285401616
1.7641218585933334
3.9435772667210824
5.499205679096955
6.059304394941638
5.448026401136761
3.754220550479052
1.3300241937867445
-1.2847265000480004
-3.497495731246951
-4.824617671776566
-5.02984095491238
-4.188208390903504
-2.645540201238216
-0.8843524175036026
0.6501322197897682
1.689684525408962
2.192657713403755
2.2946360436962276
2.1972524370810964
2.0526768394934276
1.893100836475795
1.6307748503802875
1.1249015638848816
0.2824094622102701
-0.8573214748113536
-2.096337100741602
-3.1248182135367233
-3.621867410355876
-3.370481421755974
-2.3436910335455563
-0.7301604452900018
1.1109634555459993
2.7501500341619485
3.807298335354885
4.051833801941772
3.454835584108522
2.1840023161807722
0.5478732992915547
-1.0947432568217785
-2.4335170503896077
-3.2784949368193224
-3.5781208222814973
-3.381192891494821
-2.767748294768876
-1.7906167726419238
-0.4663861700211066
1.1726465861043862
2.99332437421247
4.698480793929588
5.839173337478064
5.923612452311704
4.5970236482851705
1.8288868287981648
-1.9691064879409
-5.959256121611382
-9.056913255024144
-10.24126920825077
-8.903028115244464
-5.102045789147067
0.3704821679802006
6.165056821417813
10.741136576094693
12.818481960879135
11.765796347002789
7.795365523212759
1.9017357864768154
-4.426143959610796
-9.61950803388347
-12.443986957289857
-12.299895814297878
-9.337721491945159
-4.375981379634169
1.3371073820561132
6.445149213926908
9.808580672401058
10.760795438108527
9.240037251983269
5.769910493670122
1.2976726915138326
-3.0637596499736857
-6.318943396518422
-7.8239351166289115
-7.414800201077648
-5.404407747825757
-2.456365645784425
0.6223293489229639
3.1057242099026863
4.523199771673516
4.738347506029034
3.923567509018385
2.4547947014125966
0.7720047338813317
-0.7446106076316235
-1.8478172456078537
-2.4362116333445525
-2.520914781901671
-2.175231372472385
-1.4971409369923496
-0.5998781212596018
0.376517777074319
1.2568418354161255
1.8489931267593949
1.9933414389059054
1.6251221231944262
0.820541876931558
-0.19934215128939636
-1.1190774038067457
-1.626595477809988
-1.5309159397949743
-0.8554832620457058
0.14103428964336315
1.0438428604806702
1.4433075286258772
1.1145510323193186
0.13462754862589865
-1.1204618228437437
-2.106672167714673
-2.3244142800016703
-1.5309813502831193
0.13226936292072325
2.155086051311326
3.820577888142724
4.4587784758361675
3.6953399310233066
1.6015678069804695
-1.3065000429241147
-4.216175701882976
-6.261441116721064
-6.781526117604087
-5.515107050110078
-2.6783969814407866
1.0861649576019015
4.8711328438020844
7.7310481971874845
8.915749699864234
8.050845741582023
5.225179322094042
0.9758226735335301
-3.813477189725132
-8.077087471651538
-10.775474889723196
-11.124285966637622
-8.809528733422322
-4.136074989947864
1.9524352553676625
8.027881334890443
12.503662424647143
14.064478378822775
12.077445155592768
6.845259662866158
-0.4031302926354942
-7.808152011803625
-13.387232592413715
-15.60407070430429
-13.822573919796717
-8.500185702899131
-1.057886204183855
6.531141519494303
12.305048692889619
14.857212135609325
13.698784446617333
9.337982743284972
3.0671684429554182
-3.4559797074572693
-8.685683745230994
-11.572816074952632
-11.75674882241935
-9.540252147385779
-5.694285872882741
-1.1836844393462291
3.0875512528279265
6.4404711372173296
8.474083944502974
9.034421904541052
8.151576431588119
5.991218794498416
2.841982022187682
-0.8714348793302109
-4.583846503014056
-7.631694978861411
-9.359737215842673
-9.279688390298713
-7.238806795552874
-3.535709222640774
1.078531717169827
5.544181243130282
8.75889263033115
9.892441216880014
8.648102113272062
5.375574024066924
0.9845802009887323
-3.323131359932051
-6.418535797836033
-7.584416635455635
-6.714022962264137
-4.3045795915860285
-1.254779657321644
1.4564206569916456
3.0956647671950206
3.394576821527806
2.590325610676857
1.2807049017065186
0.15708346387991107
-0.27822299937668593
0.09659331469222789
0.9923055127095282
1.84828360223729
2.084834422951089
1.3641072436975339
-0.24779950905825687
-2.2827481993102356
-4.03466187513823
-4.821552316723839
-4.2470193515531625
-2.3644588395064106
0.3192493469221423
3.006660674756416
4.882039074201051
5.3920698707496975
4.42946501131049
2.351923453548921
-0.16448718950764904
-2.372544327819316
-3.700995217174293
-3.9103768849849905
-3.1153120870087387
-1.6908809247764118
-0.11750579530422449
1.175624303687091
1.920917454034093
2.0513472841969813
1.6717961752310457
0.9888608748701712
0.2304208812108088
-0.4200688144538005
-0.8582753663545482
-1.0572037607650326
-1.03752366221545
-0.8305109058098207
-0.4569771122530514
0.06402243667119027
0.6827612633480779
1.2878131735574148
1.7054503916966637
1.742996275940754
1.264664294511465
0.2691943166264194
-1.0657866792401987
-2.3986624179279303
-3.3063059839069013
-3.4181531149057065
-2.559117289647677
-0.8431819766461068
1.3284383318089978
3.372005037216324
4.693892514171478
4.87332906190044
3.797887111219037
1.7097522190186802
-0.85476365450265
-3.2184584372763654
-4.76303459179606
-5.110346883725382
-4.224989159659406
-2.4054509836069613
-0.17163618629046812
1.9045442147347353
3.361048005982336
3.947767835038759
3.6481933365360106
2.6336458789914916
1.1837956470539968
-0.3916085391661752
-1.8075880830280977
-2.8299751751028186
-3.282600577047104
-3.0540112747026087
-2.11815251642664
-0.568920629371141
1.3482349057385548
3.2347842745213837
4.592379535500769
4.937845857988701
3.9584029341366094
1.65915204066904
-1.5566564308558493
-4.923968646775103
-7.485644018175714
-8.36374020233106
-7.053733687133349
-3.640012880952883
1.1544168812003544
6.12088373681711
9.889298895007498
11.331098604661513
9.915525000213004
5.901035623546279
0.29058555663285845
-5.445378726564477
-9.795219940393723
-11.645981964537777
-10.596080148399077
-7.044217754028296
-2.0349150024339884
3.07716531843786
7.025975287191869
8.968347836960989
8.662842659861724
6.462641835038854
3.148205197451116
-0.33596246983092354
-3.156162623414618
-4.7938821984699365
-5.126364621348014
-4.378126728013468
-2.983668995587691
-1.4223975806944282
-0.07915828849059073
0.8378013551654033
1.3109696654202578
1.4671956640909436
1.4936092708547244
1.5475183642376524
1.6891513106530291
1.8556507987739868
1.8839548493274267
1.5783821096140032
0.8039023895309158
-0.42680901567950946
-1.9090079461817853
-3.272084908346023
-4.080281497987154
-3.979884427681253
-2.8404294409433897
-0.8344220880254346
1.578857381855069
3.7663873246724338
5.101046510093151
5.155311544245118
3.8472523867675315
1.4874183360055864
-1.2950280199816817
-3.729011518519208
-5.128385842203794
-5.099539340453468
-3.6653897708488397
-1.2639172699017986
1.3839567077171642
3.498676468183749
4.485534397915684
4.114839531542367
2.57793190127951
0.40410894034503797
-1.7251794113454284
-3.1942310413512227
-3.6288261875519434
-2.9801898009946255
-1.5050581856601961
0.33642366221517367
2.022933450338043
3.1098954306075606
3.330999852150545
2.6478332709927352
1.2452420176643393
-0.5210121753684167
-2.2112476163270682
-3.404903836721069
-3.7972319301501654
-3.268688416624841
-1.913212051258949
-0.020358227858503847
1.9856334061155214
3.638755131933099
4.537618236579439
4.441766480269696
3.332979012693114
1.4222255101618553
-0.9000410015846894
-3.1510772339468702
-4.853110540586194
-5.621989462976327
-5.238950798841671
-3.7005977647215516
-1.241629432244526
1.6794972339233174
4.446245233171217
6.406648982983617
7.0341234433920095
6.0826874705805976
3.6831836889000837
0.3393638010362795
-3.184895554868291
-6.057088401735346
-7.5897841765146214
-7.4155337947426245
-5.576424171816776
-2.507857666659367
1.0743802441549086
4.350067556493187
6.586859272023338
7.304765141854805
6.381484125315675
4.079266272152357
0.9828137800202635
-2.146253082363655
-4.566123828137164
-5.747803766984356
-5.507871988351749
-4.043475177705027
-1.8595607429822152
0.39209040093871955
2.114415643610066
2.9432283096723424
2.8426348617589037
2.0847225484851095
1.1216718628259288
0.3985253484292367
0.17677691494509884
0.43623515018248094
0.8951129517260543
1.1414480238013118
0.8225347550394692
-0.18444820488146488
-1.6903900967536847
-3.236864648754547
-4.250707034053294
-4.254441996318638
-3.055711018922084
-0.8448816635020097
1.8397459280661483
4.271949131854361
5.767275604440844
5.90015895632448
4.632614914054424
2.3132417026459597
-0.44677332006888215
-2.9706629694502245
-4.713574130459206
-5.393388008801961
-5.017949957848491
-3.8154951924562184
-2.1136889741750116
-0.2276693006104142
1.5978471177771245
3.182803263541785
4.368611580814954
4.982204125487878
4.844707863452198
3.833381948165807
1.971379823136798
-0.5015424363643417
-3.1236877784651407
-5.294655830301748
-6.432999308684227
-6.1594426521014745
-4.440031798114322
-1.6312698715520682
1.5985664129258936
4.450932543249306
6.220530991857624
6.487685404771108
5.224476928911837
2.791886072647798
-0.16559009886104856
-2.898006331757656
-4.751261187266248
-5.334078670905457
-4.60468123939383
-2.8576261526723976
-0.6211520306347528
1.5006910777070877
2.9941579422833726
3.5636957220567202
3.1889155587733016
2.1011635979385024
0.6932994529046551
-0.6082927897370517
-1.4726837103969843
-1.7565172549688146
-1.5297041244414753
-1.0241801437590698
-0.5219903705950316
-0.2260878639099687
-0.17117429767293257
-0.2185240753130668
-0.1397700733407028
0.24831618310488437
0.9605141743013067
1.7916275182399
2.3702193169697887
2.307392318887509
1.3855150087838626
-0.29519605786171776
-2.288668799357104
-3.9263647512505493
-4.556711616984529
-3.8068279508096503
-1.7574351458071806
1.0441859123836545
3.745353871813163
5.470876820916985
5.629375363269097
4.129998061372343
1.4227817230460473
-1.657439403320358
-4.182841315602752
-5.445467540570739
-5.173848475112476
-3.5809974743973685
-1.2420831415841447
1.1344101973013452
2.9457264980979665
3.8571858787121793
3.842355515251933
3.1100922174313435
1.9713211109207822
0.7119325919339736
-0.47959559937777546
-1.5149232418178629
-2.3571118907842727
-2.959170178671843
-3.2286769072748767
-3.0394231096337982
-2.287325999549089
-0.9669806606441723
0.76837664771815
2.5988327503585733
4.096548238036001
4.838032131156192
4.534798102311113
3.138966429741059
0.8878995821135042
-1.7292766158552588
-4.079655598187686
-5.547017583145294
-5.705810026206988
-4.457448865608663
-2.0807113513766207
0.8274743757874458
3.5081175594627254
5.249313130396338
5.58788457708772
4.444094905880738
2.1503361479758185
-0.6347694723786534
-3.1073897032643463
-4.551611556951076
-4.5609799859229305
-3.1753583815979423
-0.8766789706148053
1.5658446621328022
3.3514937330129317
3.914880507298104
3.110301249606591
1.2510711239715617
-1.0069393443911503
-2.8946293484168715
-3.790722974730565
-3.422820798207713
-1.9401402574259488
0.1594662842954745
2.2109734261495104
3.601024973397279
3.949174492902711
3.1988678663513004
1.602591638607408
-0.3786249080273201
-2.218646690492992
-3.4650601124793443
-3.838848690449298
-3.2825773613799805
-1.959799151368255
-0.21067819248286226
1.530744973796136
2.844543161297355
3.4335271769454963
3.2009051868548295
2.2695836103455576
0.9334509123639033
-0.4436232356942077
-1.544678140390987
-2.1895659795576305
-2.3647793092156064
-2.1843314111989667
-1.8039349594253635
-1.3327320461007244
-0.7865788610876602
-0.10556857292734705
0.7730230520351676
1.8236342686135492
2.8730572929683595
3.6123641725981384
3.6890443664135577
2.8504262036346795
1.0825631225788963
-1.3153789013288213
-3.7628836959311505
-5.543743257171285
-6.031946707648489
-4.924997636278842
-2.3922022825794076
0.9337640884387942
4.133107328456851
6.2854077930383685
6.7652975774388056
5.441942434586708
2.7128179186942685
-0.6349791666022576
-3.6803655184580877
-5.647328351117046
-6.111997683761897
-5.077270347244691
-2.910889662530568
-0.1941548326124836
2.4482949659367987
4.48065476034314
5.529768583102576
5.412455650543846
4.140223932081223
1.9188229085544863
-0.8584331355211595
-3.6430188572365756
-5.8106357939309
-6.791229286856369
-6.225669571240472
-4.10122599947737
-0.8106033801101896
2.903495088640997
6.1190875270843454
7.978757562256076
7.9346688714389595
5.919514355121933
2.388933614758568
-1.7835709222537666
-5.5352889822210605
-7.903708737039369
-8.292159999326891
-6.63124507825359
-3.3884610942035285
0.5713678854505169
4.227899514384977
6.678013287416629
7.36532101215879
6.208137119734552
3.595932196801759
0.26064700205286456
-2.932987474377928
-5.212607422232074
-6.079207898143688
-5.406656116420496
-3.4466811871178664
-0.7465965766715571
1.997443849903182
4.116139826911482
5.128185414455468
4.846719197916832
3.4071317884744508
1.214874872759044
-1.1685013867337755
-3.170861537002915
-4.348918944547856
-4.483514459180529
-3.6075734377324196
-1.968879515560803
0.04962763644181833
2.0210652063369374
3.5519200834722935
4.336507589481939
4.195386333197952
3.108017779834034
1.2396697009053468
-1.0526347870133057
-3.257435649570806
-4.803673493814184
-5.205801876159798
-4.224548117200635
-1.9880826110952232
0.9831886568602909
3.881422343073921
5.832900699922417
6.173229586817635
4.684767158030669
1.7097228366173092
-1.9139853594878489
-5.090836367141846
-6.812270476845377
-6.493856710228573
-4.1846456638001825
-0.5685736715183646
3.247703551674679
6.089231376571527
7.089983208695529
5.966205257006111
3.093641686256521
-0.6322123193624497
-4.0920218264769765
-6.2851305935139905
-6.612230429515136
-5.027716603020286
-2.034539359892083
1.4673327135819465
4.438030271470507
5.997098761652774
5.686245841416257
3.61759286835035
0.45489881422792533
-2.7785118209393076
-5.016950729031014
-5.5005361638362835
-4.040397687747031
-1.1052140004893176
2.3124134345616216
5.017255225874623
6.0183638993133375
4.881136227042086
1.8969317440204942
-1.9949599943032348
-5.511415900170006
-7.454130670267232
-7.114936094545515
-4.5160477346945225
-0.40287139032413466
4.003281078005553
7.40059394097403
8.811277399783835
7.863020722147708
4.867635869910489
0.689290530275961
-3.5401045886040388
-6.75900351559069
-8.259409815803089
-7.83464739228336
-5.765958508173213
-2.678101203207099
0.6712228492533748
3.595851134684245
5.621767606941179
6.534915071773919
6.3437637131630975
5.197450067106923
3.3123348715159815
0.9402437389532061
-1.6250422539987153
-4.0329426302814735
-5.8858741059685915
-6.792814118431702
-6.465055349854896
-4.828665709407975
-2.1066717220802187
1.1786970476780054
4.30581442072393
6.533735550378869
7.307417400448799
6.423296693139747
4.10143296703745
0.936233799759562
-2.2658284888985225
-4.714323999880022
-5.85597607055398
-5.5176683749681406
-3.9293452921481604
-1.6273231655341485
0.7231156301587902
2.5252007622885473
3.4063481436818823
3.2888413486262302
2.366425117748227
1.0117340320516093
-0.34495863663686693
-1.329652916325392
-1.708072262085904
-1.4286522070944816
-0.6240759109631543
0.4264688663453984
1.3695030415639755
1.8717630967835026
1.7159486581124355
0.8723876172581562
-0.47591909415456457
-1.9674509329486805
-3.152113199573512
-3.6160885455977754
-3.108734116082599
-1.635837547942796
0.511193619632688
2.8073241261365496
4.6224392222527495
5.397132133403208
4.817326824605921
2.932001786759465
0.16864429430303726
-2.7681363273538344
-5.088762756058797
-6.144814774741767
-5.622591182123779
-3.6459762880715765
-0.7523798578511802
2.259105426572032
4.564469222460399
5.559850351349644
5.034202783415065
3.2165871471636436
0.6892556891941083
-1.799642583542438
-3.5618555512014676
-4.165106152438466
-3.5444533268226697
-1.9990074715635866
-0.07630133451389197
1.6173619236568186
2.613187952385299
2.711258795981654
2.0053499992853654
0.8081234345586019
-0.4782892401702218
-1.4908852458338413
-1.9931789143153729
-1.908039475501897
-1.305435387651185
-0.36403601649074135
0.6762202891935897
1.5611627955599772
2.0677357445990605
2.048995386042795
1.474908430398444
0.4561332395721389
-0.7661954953229598
-1.8729834028635974
-2.551539493574732
-2.586502358298713
-1.9295505780975732
-0.7255401248053511
0.7176121866237164
2.0117699039962935
2.800976695642565
2.867307722673574
2.19467788488191
0.9700396180318571
-0.4744935480389415
-1.755095405592288
-2.537184403994588
-2.6220706670823994
-2.002328667154635
-0.8700730260991254
0.43224346235969446
1.512482187018501
2.0521851490854863
1.9100086182339608
1.1676719357753533
0.10073113427533945
-0.9175055948861564
-1.5452513147042803
-1.5872934774386087
-1.0552409888495542
-0.1545863503885716
0.7942024944942361
1.471332218792813
1.6675954861935665
1.3479641846759918
0.6470267119820957
-0.19691883258274237
-0.9370996247052019
-1.401113092239946
-1.5290482176375355
-1.358690709256897
-0.9770752224836977
-0.4719241247932208
0.09074837329481536
0.6578276680847369
1.1651166712891394
1.5232050264638937
1.6302916018602902
1.410759019586633
0.861150347713554
0.07732737524428912
-0.7570308380621183
-1.4215759934963437
-1.7313726816067447
-1.6015945761289052
-1.0791413168590418
-0.3282864355458618
0.4239951402270605
0.9622208379131937
1.150547947934103
0.9726303298482447
0.5290351188392075
-0.006731064988595574
-0.4537513961298907
-0.6818340887796527
-0.640819939130576
-0.35740367447013865
0.08773884345133141
0.5845575758294114
1.0102196105548036
1.2412794725645195
1.1720782640591287
0.7448699245560128
-0.015540398685895596
-0.9793320759786489
-1.9189601555531395
-2.5559601835851904
-2.64094547392521
-2.0431394376490064
-0.8170538520193491
0.7836546053878287
2.36061758290433
3.482726784005844
3.819155534991798
3.2467415824735513
1.893534489893769
0.1028578557804862
-1.6692249200185727
-2.9878605173481008
-3.5619279271806916
-3.3183165314114764
-2.4067484962870243
-1.1355646380693074
0.13873466208546428
1.1286906521684732
1.69600891654608
1.8654506422042436
1.7736000222366057
1.5812353961041627
1.3889360022786168
1.1922836028822308
0.8981898683702277
0.39523570621610254
-0.35937115763836824
-1.2826276632050613
-2.16712469084938
-2.7415617357225073
-2.767802352477925
-2.138636569870536
-0.9382933210145477
0.5612001068174087
1.971858388587447
2.9080878525725464
3.1124790448429804
2.5450988766763776
1.4002105889397176
0.03821205254716541
-1.1439649089335522
-1.852315275526009
-1.9882923607565088
-1.6583641535837463
-1.1016206419423291
-0.5711073443072032
-0.22162477095494704
-0.05283894387213132
0.06806331101620729
0.3168578407301351
0.7977153359503885
1.4561691093910551
2.0656803846930853
2.3059458205942227
1.9061497085547485
0.789647008043597
-0.8487856233529087
-2.573351812035985
-3.838593342143053
-4.174402396438498
-3.3590018280990215
-1.5181379065044949
0.8884425916060167
3.1940046002256586
4.725564974996353
5.0137128857274655
3.945087572699452
1.8080354677192303
-0.7870956018130272
-3.0919267646085804
-4.451487143455487
-4.5082798166877405
-3.3108622259209963
-1.2901506040086823
0.888164733795012
2.5453406547128017
3.211464847102022
2.773307078247351
1.4982862780831088
-0.0742022332839993
-1.3364678229609182
-1.8365016458895917
-1.4386273469060011
-0.363457190926485
0.9038910240686839
1.8019939707468335
1.9087870076420346
1.106193548900826
-0.3652660358997533
-1.9824882928634087
-3.1234063045494556
-3.2954475195677793
-2.3250862248388597
-0.437136708703481
1.806784616718746
3.690578454534314
4.583038003428812
4.149485077061981
2.4632464560215688
-0.015583534977188717
-2.580292198741816
-4.489678762443189
-5.189574713951837
-4.477813721180598
-2.5592413613728686
0.0271323633314607
2.5792926875833793
4.438382350927088
5.16255193592573
4.622684318080025
3.0052338089961474
0.7349539199696056
-1.650134654324404
-3.63002199374901
-4.8051428600755415
-4.955828793941487
-4.06452880043782
-2.310331501798571
-0.03865172618163225
2.294131237953259
4.199539132530543
5.253871488347599
5.197979872819471
4.012470164784822
1.938498558939199
-0.5707319673833944
-2.9573620246899353
-4.693671389937011
-5.405945011140892
-4.956469475540942
-3.4675470794965375
-1.2862437335986727
1.098554272309622
3.1649368719907742
4.468693170552173
4.737739848457642
3.9353551736007066
2.2766481181354714
0.18682392283390792
-1.7979773318239247
-3.168999627804069
-3.5867099943514194
-2.9827088314708856
-1.5859230909742392
0.14185142630215306
1.6472320639083675
2.460774150276715
2.3477694809657437
1.3819016724903004
-0.08281449671514124
-1.5317853961508983
-2.4627923133294125
-2.55511875948671
-1.774990300016682
-0.37907300175516906
1.1816967349810732
2.4185399991914167
2.965842701957866
2.694299071110101
1.7391868778584119
0.43472469576231093
-0.8178505083259292
-1.6940950323016768
-2.0470420500304316
-1.9312307676356935
-1.545953659390721
-1.1229869335571159
-0.8086766196987315
-0.5976903190491354
-0.3531563682931709
0.09775976436298771
0.8435674932867069
1.8035819246288116
2.719526186250167
3.232819197125437
3.0223877116469864
1.950612988400111
0.15743198154277813
-1.9416753160826528
-3.764286907772464
-4.744570528946393
-4.527610894434079
-3.1038715779472437
-0.8330813802230065
1.656022203884426
3.659897004778723
4.621853550262913
4.3034399276677755
2.8500837199935725
0.7362810138121251
-1.3885972617945315
-2.907006237889361
-3.427149430698797
-2.897785194296799
-1.6029549694599863
-0.04123306102188613
1.2600538404690629
1.9237647321892815
1.8339152869077568
1.1467200050183224
0.20488838107298327
-0.6076572571787416
-1.012319686429317
-0.9269152453912956
-0.47036156233109405
0.11101397431580266
0.5572574398531266
0.7015683844433979
0.5299419771482017
0.17080265025986585
-0.17949690674664975
-0.3577681955873893
-0.31049900709273837
-0.11012122114842918
0.09271591304081803
0.1561800441592229
0.03219813999115708
-0.19568220051060287
-0.3509537531193243
-0.2685315752485689
0.0925444863548468
0.5970207310283175
0.9742435720631466
0.9341707121176978
0.3085088649706924
-0.8431615284065599
-2.2084227787110864
-3.2927777361566832
-3.5695702228414574
-2.668265748049234
-0.5424071654664736
2.4448338148250777
5.5619479779503065
7.883877980426008
8.556987141957533
7.071211130602062
3.4519032677302635
-1.6861555150729484
-7.239622453260819
-11.854269881254433
-14.251056146160138
-13.567622409413566
-9.629507321982153
-3.06949214675503
4.758436558037684
12.071016020154424
17.09077498993148
18.510965579089753
15.860190245020956
9.65785290335033
1.3022125957478767
-7.2876989425168635
-14.166139476989908
-17.840735878341942
-17.61739754759864
-13.738258065911216
-7.286111544791564
0.1157664078544171
6.725884674832091
11.119579947452044
12.529174151975207
11.006702258102486
7.370664782887595
2.9490675847978447
-0.8208524066230906
-2.834161290208194
-2.673012843766315
-0.754536871537964
1.7950541612022803
3.5208456934689885
3.165035498926386
0.16754303729499767
-5.034956081594777
-11.031306359481116
-15.80129664773643
-17.336115584975154
-14.332653302781123
-6.735096904568083
4.077225215637659
15.55634675315945
24.657738314540236
28.725069236558788
26.310338716541636
17.659680652848337
4.698302807058279
-9.48737057425835
-21.507616435605463
-28.597804694483884
-29.333321715394987
-23.927646795148153
-14.052980273805112
-2.274270480774782
8.703012367088762
16.733036681534387
20.67760523328866
20.501443092426324
17.04111657715939
11.580400461535804
5.410548254501056
-0.4752026783096466
-5.486277990069843
-9.362420205145746
-12.00928101208123
-13.345797560453226
-13.24168682916266
-11.564667393065195
-8.298626677563021
-3.665841304563321
1.8090568672650156
7.330514200735446
11.961017745622842
14.815546829900697
15.267579594625682
13.109788444533576
8.627103196233115
2.563784175975932
-4.009688912788058
-9.903875860550166
-14.048532477690317
-15.707146045611793
-14.617289300523355
-11.027867949410233
-5.632170625649206
0.5825776291841182
6.53383602830329
11.244825573928534
14.001868871396619
14.440254489375947
12.560638068681497
8.696949430466779
3.4562720248458034
-2.3586241800276198
-7.843234249426863
-12.10548638762265
-14.397963182018438
-14.253018654467247
-11.594801025361392
-6.797506790692053
-0.6627277545156544
5.697235629736732
11.061142008707954
14.351161005032884
14.878893116866868
12.519444419193968
7.7599624469658135
1.600604806711794
-4.671454587530441
-9.777384532062289
-12.73632617425779
-13.075718420997068
-10.907262179269788
-6.852790345070007
-1.8543474681875247
3.0638603550220296
7.012994068684292
9.389887562278812
9.942303274607923
8.757288498758582
6.196329680716054
2.8028343134240425
-0.7988734472003194
-4.001011239502603
-6.299281184051929
-7.364447020305166
-7.092433312197913
-5.622999702473272
-3.3144395157124498
-0.6675558987726903
1.7906108027424075
3.632499487922393
4.624456157063111
4.757087095335403
4.202283772247826
3.2176884472903153
2.0426286091635832
0.8317469003326905
-0.35045683788853776
-1.4846191816563552
-2.534735299899395
-3.4061435888349223
-3.9452377873850164
-3.9811215434398335
-3.3913899612422354
-2.1650718765898063
-0.4368039807318955
1.5222182875042831
3.3544188316012207
4.692286706868307
5.24059114450125
4.844173210569655
3.5267737348862314
1.4946254026420187
-0.8952577442543841
-3.1977331086847283
-4.963163572287955
-5.827244577409329
-5.590272627451746
-4.267966276371814
-2.097936412909114
0.5034067870930257
3.02336574480588
4.955579369362892
5.903156526087712
5.664362477373471
4.282652920282361
2.045752911029125
-0.5712558742300025
-3.0090891935412643
-4.74921907362908
-5.428525067199983
-4.91754823096044
-3.3493115408014638
-1.0941582075058485
1.317570847403769
3.313219528655089
4.41368897767463
4.357459297384252
3.1792904948516827
1.2156069718682985
-0.9757042741155537
-2.768089363390627
-3.6495104516498613
-3.3773750647374543
-2.054637114911716
-0.10210192874521892
1.8667853034014739
3.232657687776114
3.5616555038366795
2.7407626028021808
1.0126846305387258
-1.1012841027958071
-2.964528645454098
-4.020460352138211
-3.957118301675403
-2.7909548481212267
-0.8480765037103241
1.3439371885207547
3.211897566236427
4.28990038528362
4.329322816010002
3.3443597652791404
1.5903299529709125
-0.511428850771473
-2.4782239730367213
-3.874059822534209
-4.3985898108805594
-3.9429411834258765
-2.607312672751685
-0.6800573124809574
1.4194209201286467
3.2265004942889157
4.330454688225891
4.465242229780708
3.571140119382472
1.8140716576901323
-0.4406103269844151
-2.695471010018142
-4.420340083331304
-5.16955701041021
-4.6957285048862065
-3.032343856170717
-0.517231406361498
2.2627119012615706
4.605875745657241
5.882133560886872
5.7180075801207275
4.118264698419154
1.476995706559839
-1.5313367845901502
-4.147110263334603
-5.741528025464952
-5.980116628419551
-4.882949933522565
-2.775343317314591
-0.16559771804202258
2.394501646356621
4.421191194949664
5.565361239789369
5.642639949755968
4.64351575418939
2.7333567886901076
0.2401603292703476
-2.380366930487528
-4.612000158309876
-5.9768426808843085
-6.148155012133043
-5.043222215408648
-2.8602320464490294
-0.042189797862456455
2.819865860278649
5.113855595352895
6.335349585594258
6.198210007885188
4.7082049564295145
2.1787171268433814
-0.8249763438870283
-3.608969414624025
-5.516646657761282
-6.096151080599215
-5.223362275234649
-3.1420825345953425
-0.40401760330862907
2.2788429507675745
4.230076268555391
4.998000917244882
4.480452245571193
2.9426633045056736
0.9198360653289677
-0.9645381238234537
-2.205265060387287
-2.5777463407826695
-2.196474476812872
-1.4437308343936786
-0.7958275127039383
-0.6172257817997772
-0.9988193766434421
-1.698205695995573
-2.2155650571285914
-1.9983310209486205
-0.706688773253315
1.5753663385501053
4.289554589326187
6.551962454255377
7.45422223293717
6.409008379032515
3.410334376638663
-0.8962851569029849
-5.37368558768503
-8.740951309168087
-9.995664833930022
-8.758824855654609
-5.4091771246893385
-0.9503610760358271
3.3413795993174493
6.353464018573602
7.488675580251781
6.802235101550625
4.887531596198514
2.5775334143346997
0.5965796774093324
-0.6947359996096941
-1.366401948250147
-1.7842506244128802
-2.3464472644507652
-3.2203591113863177
-4.2090378818930825
-4.815856951318773
-4.480980789340919
-2.880958840427553
-0.1511393164665862
3.078220028403467
5.861947514611319
7.273227572893512
6.7608394521062305
4.386695347215151
0.8428376617944255
-2.7688734832216784
-5.318208626786798
-6.047712996536991
-4.841111238234476
-2.2557655627921736
0.6932197246862398
2.9141362485781865
3.6407924288191733
2.7067551143637307
0.5921807833049618
-1.7724092347697975
-3.3706776214278347
-3.494448571049483
-2.016710491063488
0.5593769844986568
3.291205288008483
5.151133908479858
5.407494103773264
3.888103808796771
1.0330819798120876
-2.270873307103781
-5.002056214101044
-6.342801159841204
-5.928160088700605
-3.9296194065887997
-0.9648187702372559
2.1183481858417537
4.50396732199413
5.633388732816579
5.33045811781756
3.8031493645960297
1.5400418083997298
-0.8530500793661774
-2.821827711693445
-3.9889755773427673
-4.208703590698937
-3.5520740695136737
-2.2473563765528723
-0.6056476432264719
1.0456435924159913
2.41066905235768
3.2541515867334927
3.420404640559
2.855145160886571
1.634376601342697
-0.014572429417962919
-1.7278315968367233
-3.0738167935536445
-3.666485434385377
-3.288422830863412
-1.979872556059613
-0.05648854893750104
1.9604933986732649
3.4876141223084085
4.053944529225711
3.451815150409723
1.8144851742480674
-0.40706112435588654
-2.5669647111083704
-4.014432315695282
-4.2943697536074525
-3.295982039243422
-1.299112418355411
1.1031717841623394
3.186685359356339
4.324896611035517
4.186924726073953
2.837475919166646
0.7069500714675573
-1.5552513089670241
-3.293194345997145
-4.04953018899026
-3.6924144563134362
-2.4246199657146623
-0.6823628990785446
1.0295047453781734
2.302259799426216
2.930237337844662
2.9272427303325537
2.4572140440805414
1.7203467070175698
0.8545399047291736
-0.09820384285899489
-1.1467101145701224
-2.2571547044146225
-3.2708733456638894
-3.8919919470642705
-3.7704373609104516
-2.6568757057627126
-0.565080078580431
2.1370931329879572
4.767414399051607
6.510174822344348
6.687179350158803
5.020393646932826
1.7806648678733505
-2.2441470337998735
-5.96187818669614
-8.303107363119814
-8.553247709014103
-6.577864891806541
-2.866893531926026
1.6139018589039253
5.709093718222676
8.397780672003657
9.054011469684271
7.577099673228249
4.375686700719749
0.2324603364840984
-3.8998134224711345
-7.11575674942556
-8.741327465301158
-8.45393389765377
-6.32838402426642
-2.8124053999274823
1.359860332917628
5.305912318251763
8.167016173158032
9.286457533114417
8.359353186212648
5.520080122390439
1.3403002681235388
-3.2751623699348844
-7.28274640233835
-9.742053078296435
-10.041721033257897
-8.05101144931271
-4.163257403789058
0.778109195693825
5.65988072488957
9.35159763703714
10.972658708066414
10.106097558032038
6.904852840375442
2.0675900169119137
-3.3092153643116125
-7.975032841540772
-10.8172016377697
-11.13588467186847
-8.831471938611767
-4.447385179981306
0.9535129716996609
6.051693156321555
9.604130749837584
10.760792900500437
9.281906787934277
5.596318980742242
0.6816172175284928
-4.201601206133194
-7.844253854611295
-9.396670524436772
-8.567610536496215
-5.669244868904
-1.5097091306647334
2.82712430214309
6.256092343879509
7.956160393541817
7.567189961395834
5.271663619300231
1.7381772748714033
-2.0645190700085574
-5.135849262744977
-6.715832032180334
-6.479170755718064
-4.596928587922856
-1.657404921537087
1.5197362000184627
4.115204121434578
5.519960674556911
5.469300403460076
4.0754881091387745
1.7635020229377514
-0.8622286593548399
-3.1775305252893324
-4.6792298585545655
-5.074850275572707
-4.313641818023309
-2.5717451263527735
-0.20962279395933575
2.287438436325466
4.385212550465842
5.595568010463053
5.583754085375722
4.264532676435267
1.8548408466378663
-1.144527204143846
-4.048957882202269
-6.154995483253039
-6.924617497079904
-6.131074778564106
-3.9212384772701725
-0.7787776024105761
2.595797260233139
5.451188259498216
7.155152655788339
7.331672920734176
5.939476696260009
3.278256907941252
-0.07715793533562831
-3.4004255558051817
-5.970412976820586
-7.230658053762962
-6.9183167271947745
-5.130552438662293
-2.3059209934120237
0.8823816036355244
3.6984497549792144
5.533126066070863
6.053023096849608
5.264075467499526
3.4763028218845733
1.191137558522776
-1.0455156541154151
-2.7784476951186328
-3.732835294730747
-3.844086850172721
-3.231982721529637
-2.1367771375715465
-0.8420103341123563
0.3917924734413176
1.3665690955037932
1.9572785191238187
2.1060596057776473
1.8182251773389062
1.1696161448410791
0.31733203209262184
-0.5080047333921889
-1.0482981437110424
-1.1006684971705247
-0.607509217924519
0.2886414939457551
1.2593267357916862
1.8828246649923028
1.7931618955810837
0.8351838221429511
-0.8367925990521872
-2.7643954808207836
-4.304318279901942
-4.828958815962304
-3.947288034368152
-1.6736189971183617
1.5186749667794253
4.79149943062526
7.171473138253082
7.849963767149209
6.45465081540686
3.1989017913353615
-1.1421460455460668
-5.425135075490329
-8.451582941012065
-9.3183308445699
-7.7061491223563126
-4.0115168230398615
0.7378794159524169
5.17671132696765
8.020364137955722
8.470996763489673
6.472721001726179
2.7273886276514276
-1.5372845709643042
-4.971682494977413
-6.544943569361943
-5.873543977465654
-3.3268435692746188
0.12453823291164753
3.2605288554057266
5.0360267389684905
4.928029407631442
3.0868389793878768
0.2451208639713781
-2.572414002559838
-4.423668971230897
-4.767410487219299
-3.6147410373975206
-1.4728781611583595
0.8819141039505551
2.70589268167935
3.5454049037932442
3.3567867164545864
2.4559609463666314
1.3339127291637267
0.42393848436027487
-0.07830232282133034
-0.2669148301632797
-0.4346591299867751
-0.8883208393518843
-1.7585673378368398
-2.8906230245484053
-3.8662670488970248
-4.153195811969157
-3.3276720404518745
-1.287902092912019
1.6285165335724419
4.68625684458375
6.960624887704056
7.648890392675824
6.36889468059389
3.3248363682658244
-0.7300863741085509
-4.721602947017352
-7.587138136238197
-8.59695003317117
-7.559068365040193
-4.844356360057003
-1.2296401838506699
2.375002271062328
5.203639913053268
6.811548464903038
7.104409043586222
6.24612848998547
4.519810132557572
2.2196460139645704
-0.38471677393295467
-3.021820461212806
-5.374446515327312
-7.065597944232594
-7.706450566806443
-7.006534626379185
-4.903368919974408
-1.648047668758194
2.196946947931366
5.855545257720796
8.509016030473282
9.495107418601224
8.482811109306333
5.580543604909425
1.3513684143112985
-3.2788215638822336
-7.217820622820772
-9.47605285686251
-9.440902592551764
-7.073054417322192
-2.9555232369031734
1.836744205201326
6.025915159807079
8.497567123035621
8.62307570174643
6.430313850983047
2.5751430936753716
-1.8650719498592931
-5.703583092066879
-7.963528976609391
-8.11281813283799
-6.162537437717683
-2.6269306670382515
1.6213362408201888
5.555470984907722
8.219164046868148
8.939073990006996
7.489829893227217
4.1699889401512875
-0.2462605909681571
-4.688712258849949
-8.065475103282576
-9.555622118424925
-8.828960053577452
-6.122452748893188
-2.1514760780930824
2.110455068112086
5.707725832852694
7.942898714219741
8.50833928525967
7.484577779927961
5.234610379880106
2.255608329916181
-0.9494231187643879
-3.9409946094119315
-6.3505898943753305
-7.857359548714091
-8.180655535839984
-7.122132222045264
-4.655475292734003
-1.0240225652041801
3.210896190781618
7.217078695335667
10.047713563005443
10.87877610012413
9.263757369436838
5.325979581838381
-0.18326743047697377
-6.003074077576961
-10.652177186179598
-12.82705520125716
-11.79967837527099
-7.68666900825492
-1.4846787814051323
5.165949064247798
10.435445128258685
12.843134878228124
11.711154182423332
7.3856656691169675
1.1473542906820646
-5.16973051251447
-9.735750839257417
-11.282885347718326
-9.484224162100533
-5.030937481077545
0.6148248214929527
5.702004864716752
8.74105654336041
8.945069938844126
6.433617531981427
2.1517288767866747
-2.4601510289374477
-5.939590888161365
-7.270232869394534
-6.193253093202173
-3.257880279617493
0.4049772038266277
3.501591040132518
5.031910388197193
4.619266084676718
2.6020342368963156
-0.13242655643773554
-2.4982780825045174
-3.612726153784702
-3.10495042328651
-1.2275670391822064
1.259539772126766
3.3803756638880764
4.299260505735033
3.6170467407598452
1.5057121351906244
-1.360740036470865
-4.045189650804356
-5.664473541037343
-5.6747502609791844
-4.0342629783877895
-1.198913630696731
2.0355396675642106
4.782616804461258
6.321789073248068
6.286536580315361
4.737844105867301
2.1165128587216078
-0.8986262112964882
-3.5796962384815476
-5.333740897051773
-5.836222683701777
-5.0850866638619925
-3.368756194763248
-1.163101801952637
1.0113204056548506
2.7302157613858613
3.7611863208767917
4.083893298004027
3.834668892051948
3.207882989317029
2.3608108107390784
1.3604300928036763
0.1906590013405733
-1.1843429329762278
-2.728827374819763
-4.2610457154026555
-5.439903873673727
-5.835792434258681
-5.07503280113772
-3.0119732963742454
0.14017084911461408
3.7840456739737456
7.047668770322761
9.008068670818856
8.966468369915054
6.692470519074291
2.5580940466155506
-2.4944252823748347
-7.165436693149136
-10.14914477710086
-10.526959013302578
-8.078684870049745
-3.4012868523029853
2.2203629542642735
7.168418714940925
9.975436474872234
9.789560139669373
6.666918589460286
1.5811721752363872
-3.868022803826538
-7.95962094826079
-9.405351780165892
-7.771792713149743
-3.6278823238068068
1.6394809307942055
6.287989097627388
8.806180461960968
8.419380172558636
5.335799429412123
0.6472484482078763
-4.072213908745831
-7.315970161685872
-8.14219400259471
-6.450127167572973
-2.957148355470638
1.0951123799627729
4.391126771820546
5.9866031442338
5.592916656039911
3.6090031265326834
0.9075159174494143
-1.525557843577825
-2.9504763607052364
-3.098890469670043
-2.196189691227414
-0.79828891863636
0.4700374965800391
1.1599546576944941
1.1320093641657294
0.5432888283096187
-0.27597298067723874
-0.9780415294065733
-1.315009067469324
-1.1881318961417113
-0.6383289363837548
0.194594154813048
1.116544227793108
1.9130162864241984
2.3759758444535555
2.3370502100034605
1.7124587992331095
0.5484146440616892
-0.9552279722603912
-2.463701648394233
-3.5756014389806077
-3.9288209793788353
-3.3155459187261407
-1.7689523756127803
0.41105361398782775
2.707216592835814
4.5022027035956595
5.241159839524036
4.603868182954805
2.6372021532848344
-0.20566536702280866
-3.1546148970758896
-5.333329596338574
-6.033535601405641
-4.960792836014328
-2.360952924197905
1.025921292680609
4.17833145047755
6.109432491042573
6.185869183435681
4.342902597879831
1.1192236379853566
-2.505556646814405
-5.418996935768056
-6.726880739053096
-6.031236114600091
-3.5473078859196
-0.0267663649325219
3.485326558421696
5.9813296141791525
6.7996007720587475
5.806212227537785
3.3940141436111366
0.3130324929779057
-2.594637163249254
-4.654029407447952
-5.521857785560295
-5.215227468204238
-4.020889855980217
-2.3424605568516026
-0.5539094833943752
1.090222511523143
2.469691078005077
3.550745130104616
4.309443045570798
4.6697787497239425
4.492774808553258
3.6269300027267324
1.9994718480885427
-0.2915167515412189
-2.926786260516358
-5.3895360149048015
-7.072519851310416
-7.446999731451792
-6.243034981283161
-3.576395697472878
0.03384422832260607
3.7782869646971675
6.772010221650876
8.301984541628142
8.026190791570457
6.061259123965945
2.9339221798964488
-0.5821986980321129
-3.6869207341896204
-5.760411667120361
-6.4972641571455725
-5.937203537427195
-4.397163571446516
-2.338792752627058
-0.222444807463371
1.6008217547882089
2.9278914151006243
3.6770073398296668
3.8328917390244706
3.410435556952534
2.463084740131599
1.124655779643067
-0.35527397777330855
-1.6261703596206258
-2.323180724833114
-2.20664920008121
-1.2949869401901368
0.08309015402502609
1.3643103496738094
1.944564292789325
1.4224257366172044
-0.2046472809864882
-2.4764381719862754
-4.578691495226038
-5.603966385293795
-4.885042615049167
-2.2838758749933405
1.6790688918065753
5.9240386039936
9.12871289010785
10.164348364884209
8.496763201782723
4.401504926012348
-1.090771687925672
-6.502293995604663
-10.362727836345568
-11.65628328929551
-10.114331067223482
-6.262017326961512
-1.2136763527635352
3.7003078199262593
7.337163579227562
9.038067998600601
8.731856718959468
6.839389337989163
4.044523418708262
1.037340325197235
-1.6718718816358236
-3.814616655217944
-5.308916675153823
-6.143967018494174
-6.281120539862498
-5.627381721984841
-4.092968981066054
-1.7003765857307929
1.3135438948358682
4.461375024936555
7.070455863452699
8.446326873796693
8.08838764253974
5.883224639980068
2.2001507741179487
-2.1581194632563268
-6.148347658187958
-8.770486548731913
-9.354788976227404
-7.75974419826772
-4.415129134440475
-0.1957136414369266
3.8319669845098017
6.708365952521383
7.835092197339704
7.111993949792271
4.9208391551658615
1.9686127632795993
-0.948482889865853
-3.1758485542541264
-4.353869617076145
-4.458543717854436
-3.736653685426813
-2.5759575619169106
-1.36459898261579
-0.38415642937679767
0.24460242801650028
0.5658827530725443
0.7515755334130869
1.0293341239453657
1.5861026857163705
2.4677438616373744
3.5078455092334555
4.324549104411167
4.412723621333343
3.325494369431972
0.8941138604705243
-2.599757851517274
-6.389172659067875
-9.377184035656802
-10.46248589001471
-8.934316854365035
-4.78910215520024
1.1618454834665617
7.453710637400806
12.365687357742361
14.436276779603814
12.928808656081436
8.089190580790858
1.106192112243399
-6.215615418383666
-11.967006135598545
-14.671056276524446
-13.686455615099318
-9.365622676126858
-2.9317049678092957
3.8818092265142834
9.320182318768712
12.08250293469839
11.647614175618127
8.364385266719001
3.2961232146646173
-2.115222164210281
-6.4559996780761395
-8.707773241635667
-8.48558991294052
-6.093458020015244
-2.3892538019121075
1.4964847087060018
4.500568338864745
5.920548571348003
5.574421722513797
3.790421180543704
1.2489475689461922
-1.2587674014203192
-3.071997232806743
-3.827835805977066
-3.5140867237803883
-2.4085791327017136
-0.9407962876771316
0.46630260727039435
1.5162735447035238
2.0866386644326584
2.20439538571206
1.9793544721508438
1.5349439020516058
0.9650646811922922
0.3258862577959734
-0.3460902899409932
-1.008990512057574
-1.600523035932903
-2.037738823751838
-2.2286731539103233
-2.093192268343871
-1.5896762168725764
-0.7405933391772777
0.35222072521274594
1.5115995598466174
2.5132802408850616
3.134099362630603
3.2073209387789023
2.6693725574941802
1.583646357701738
0.13222551019365167
-1.4221532293664207
-2.788886799164389
-3.699690049700746
-3.949377665087828
-3.431704330488776
-2.1741217271898234
-0.36381673133177833
1.6538926695588212
3.4240123717331596
4.4812412597146505
4.480636479600081
3.321852008431489
1.2231321010934406
-1.2933098163923549
-3.5211103925895464
-4.772924956347524
-4.606972601485486
-2.9986977671743897
-0.3881983780325739
2.4298888031471213
4.550891176748501
5.259623376034819
4.278045380616151
1.8705720800156884
-1.232194315132161
-4.066636571888534
-5.746960797289338
-5.747746072484754
-4.06351855021978
-1.1959139713707558
2.0188232337705783
4.675263654445892
6.065983142235829
5.8691660660099885
4.209125779072132
1.5852976702772483
-1.2960539692099091
-3.7279910357000903
-5.182020072973084
-5.412883889820123
-4.474980638274723
-2.6669544566034453
-0.4349408039394342
1.736467314456341
3.423022323498521
4.333493888362668
4.3485966280127855
3.5269523500441085
2.0828339753919356
0.33997840978780597
-1.3351163642757387
-2.612880857178696
-3.2752774557033284
-3.260500961914247
-2.6616770549951814
-1.6828796673700739
-0.5713671581817221
0.44994305709000426
1.2295258062887424
1.704023098260332
1.8877796527377901
1.8459666884117594
1.6617853198023274
1.4046101171938878
1.1041135341557649
0.7364148361640783
0.23105340790294132
-0.4923952403825925
-1.459010784165752
-2.5662144868389962
-3.546381123379957
-4.006439684784131
-3.5561439630573863
-1.988389594155746
0.5636085046900229
3.5727888007589033
6.214879505323279
7.602665557240125
7.086810464572339
4.5180091070104345
0.3696966559270026
-4.337318884497285
-8.30167859230981
-10.325692043310742
-9.69670198629886
-6.438712032028526
-1.3436877242751024
4.2387009878203985
8.792054158987636
11.080249711587603
10.507431636670084
7.280378355910048
2.3293437593878705
-2.980813562455486
-7.254936094205738
-9.460875080427847
-9.194295747803203
-6.744196273392056
-2.95401832887881
1.0654670684888248
4.275650808408923
5.996216436585731
6.053714403661558
4.756987651792989
2.724279097768951
0.6370889363917351
-0.9829912753592094
-1.897304340167544
-2.1475062914962053
-1.9564939232400234
-1.5929904432186472
-1.260146757571442
-1.0442978773736578
-0.9257835082424891
-0.8267813167486163
-0.6621252909217961
-0.37058708368395316
0.07361504987700626
0.6561655284481629
1.316695155281311
1.9455454820771292
2.3940264708976486
2.505489745138591
2.163247500187857
1.339514646681748
0.12512229248764908
-1.2736568613232744
-2.571979594985346
-3.4681765291903477
-3.717845241451338
-3.2048918464387843
-1.9898238710037437
-0.3149020797063095
1.4445875955237755
2.8746296021273303
3.6361165117461747
3.563379998638249
2.7151577586661118
1.3575955989351505
-0.11887240308915512
-1.3216890513507695
-1.975533974096662
-2.0004824100737606
-1.5268801021830705
-0.8435239724110424
-0.29233596964561537
-0.13809538579402453
-0.45515553608809406
-1.0770524163400863
-1.6390917096198319
-1.7094323238867777
-0.9674794513359906
0.6340025979457616
2.7876523909560236
4.873758978178057
6.128192830831051
5.89257598928131
3.8690171840351537
0.2907694621249714
-4.0630243206111825
-8.036466303830927
-10.416270374795923
-10.30962740931473
-7.458277302446689
-2.3785271896940534
3.7292003826068787
9.28325371814331
12.752892027391237
13.09860654905254
10.094147746537015
4.431676892388395
-2.4328313136811817
-8.665139687683931
-12.569280731957026
-13.086734341791498
-10.123749311414093
-4.5937451526193165
1.8551438467215007
7.350508866625041
10.376209243131228
10.226610859288298
7.187591558059864
2.39675915212796
-2.5582282424824347
-6.162567700374556
-7.44265372178617
-6.2298334892880165
-3.14873420829032
0.6430062163288386
3.8607035165616685
5.506777348089747
5.164140219183944
3.086002177356941
0.06763950542239763
-2.8459818070455674
-4.7135534103642085
-4.993436411679546
-3.690067270198188
-1.3144630797670145
1.3148497321917314
3.355956701544389
4.217399053307961
3.7352197463487804
2.1995256115720294
0.2263851795515491
-1.476027656222115
-2.361456161469709
-2.2289371677589376
-1.2729081509414428
0.012184698782550405
1.0331602374745308
1.3306640198806077
0.7581608181282222
-0.45968177872454213
-1.811754705206243
-2.6961621411078873
-2.6542087872310263
-1.5575470193376453
0.32232165951589126
2.3952858596009143
3.9632958646644
4.484323589370258
3.7822007822675743
2.108974023712171
0.028885260043574373
-1.8235618685743302
-2.9993760245599015
-3.3877886215777746
-3.200035681056935
-2.80000731695495
-2.471051762417955
-2.2395108876464547
-1.8499878030793315
-0.9140093881016723
0.8347460684670607
3.3044823982874587
5.953727829652181
7.909780118600234
8.270057476610836
6.473150372548452
2.587082154652135
-2.6109278273932786
-7.809102349233874
-11.538927764033675
-12.630676150225884
-10.596311043274124
-5.81615476784948
0.5323030534046798
6.788166002112621
11.276220150124153
12.796754418571771
10.991087935903531
6.465282343573032
0.6178047709884535
-4.791051424962603
-8.19737373659257
-8.736378652178688
-6.517262311692664
-2.567682237477823
1.5431759013540507
4.2742526130279215
4.667619922710621
2.6842116471451245
-0.7994673018386156
-4.32589867694457
-6.396328851591833
-6.020769790622534
-3.084437926300792
1.595056207273888
6.536667670957153
10.095076093639456
11.014869584054237
8.848733223184356
4.101621607213779
-1.9379036276677282
-7.610209228506918
-11.394865143461503
-12.351356130149684
-10.357746786855321
-6.087981601456032
-0.7558061477391893
4.274480784072851
7.877578613634886
9.437452487045652
8.929412949489603
6.81614361371216
3.823969688581643
0.6955260951464609
-1.9972753943172818
-3.9362876699171867
-5.038449155418101
-5.371759068027423
-5.057308472412803
-4.204032319029517
-2.8992507841078123
-1.2450531008598331
0.5934937261244985
2.3671020254430046
3.7739279884780372
4.542514450007456
4.530886630406731
3.788465202208451
2.5411333675763985
1.0996794584186045
-0.2650440324150798
-1.4156964268764687
-2.3612591071596993
-3.1839398267318724
-3.921723295199563
-4.471251280717955
-4.5690178884580215
-3.877700672380343
-2.15570254698227
0.5600444741730454
3.84748055228766
6.9362879653439125
8.901190790123312
8.959740781118166
6.772764826803043
2.631877561463814
-2.551012692451798
-7.468656821565095
-10.792589770090634
-11.57394171286524
-9.53879251506924
-5.181196964109538
0.37623002513368803
5.706932147775485
9.484687401459775
10.843664414596619
9.592167768252645
6.22667526006625
1.7516741166462781
-2.6343214159958546
-5.887026083538952
-7.389291692623039
-7.067276407274686
-5.327736928507171
-2.859648203437383
-0.3850329148985448
1.5530673171753036
2.704852750088
3.110444311625849
3.0009755674957486
2.655907372365345
2.2749985121317673
1.9092646527539396
1.4710169966130333
0.8137504900812382
-0.15670152709438598
-1.3929088359911947
-2.6796890687021424
-3.6822762905317754
-4.051489289210074
-3.5509061858050726
-2.1629796141642883
-0.13344072992444833
2.069754347065547
3.87800333815006
4.78977855958996
4.530736661005972
3.1501578837639603
1.0162185486060726
-1.2918770097351486
-3.1581880242142684
-4.109669675761664
-3.9428580406156257
-2.766291321894291
-0.957635810846698
0.9479249252669019
2.41080407233215
3.041772413373494
2.711806141237364
1.5819867630170306
0.0454245888374856
-1.3986239275564156
-2.298783221016694
-2.3861357734401074
-1.6485698853799933
-0.32578057032052027
1.1678049711330838
2.3662916279342747
2.8878544042330505
2.546509932161262
1.407414026070941
-0.2322578178573328
-1.9294338444133026
-3.218894186832655
-3.738629595658523
-3.326573400589306
-2.0668159329619984
-0.27103805279727805
1.606430575335181
3.0995077228863983
3.8644577293046676
3.769032525957338
2.9073479142747543
1.5438659645410562
0.01701237330759489
-1.3589425805246536
-2.364637855250941
-2.9051427987004423
-2.99705974631026
-2.723470729638569
-2.1784546457492793
-1.4277566689539904
-0.5037712853163417
0.5654144045363744
1.7111677542433634
2.7908624639213913
3.589774631127537
3.8676240974951304
3.438150928847631
2.2526518399599333
0.453201293938381
-1.6295679110155665
-3.5399110620407237
-4.806590159922649
-5.069678939672186
-4.189966132345198
-2.3080448685343895
0.16864882556586366
2.6531042462498613
4.5214547854134315
5.275941043759605
4.686392206970884
2.872165212589255
0.2959471882397665
-2.342137891317263
-4.29265749712617
-4.977424402346443
-4.173948125043901
-2.100263348530366
0.634568387002332
3.2053709787006928
4.819602534771433
4.962124150603409
3.5580338005658816
1.0015979497322456
-1.9586685555277878
-4.444214657857791
-5.710783778240724
-5.370466473494513
-3.5032831834454887
-0.6267174459446126
2.4626270468637568
4.9219534057621885
6.09791886873378
5.699511577394024
3.8655274713180074
1.1127069826772262
-1.8186626788019915
-4.17574407897123
-5.397681122897508
-5.254793838156753
-3.886843018221781
-1.7362267106899265
0.5974097175292764
2.5319258790302386
3.652351585130485
3.796505758623363
3.0634100257724994
1.7545882790261913
0.2731212304705794
-0.989214639437512
-1.7485451058845762
-1.888942126737281
-1.4764851068752374
-0.727370744315182
0.06152686560550216
0.6020052331484878
0.7010846138578685
0.32339701578674834
-0.3894564166226534
-1.1555718309325114
-1.6421400784305298
-1.582181996083425
-0.878042060016197
0.34780612210701606
1.775728963572968
2.9800355886572256
3.5586776150930186
3.2589605757519733
2.0601084091878037
0.19033300309952642
-1.9245962675027943
-3.7670792781269022
-4.859070626501938
-4.884729813168064
-3.774964484512192
-1.7342204597243598
0.7986065107964481
3.2487380990324963
5.041915082742998
5.745765420792876
5.17982726442107
3.46409515065804
0.9910147074721822
-1.6728474978887142
-3.927933390632918
-5.28654073062399
-5.484150007474206
-4.530268076269595
-2.6880866622413953
-0.39407342046055543
1.8534086975491257
3.604464527887413
4.544331037809026
4.543381631569137
3.66466946550082
2.1330224386662437
0.27951787055251126
-1.5238636909253795
-2.93023656082917
-3.677931026075403
-3.637622376503363
-2.839993059397843
-1.4777445603329211
0.12525256077125552
1.5814879511225854
2.535470303546395
2.7631636793666337
2.2428843911314518
1.169960498202929
-0.09724828032275762
-1.148724780264464
-1.6563521439617015
-1.4832210468185256
-0.7291370713935896
0.3050238819185929
1.2211245276964875
1.6581946832629735
1.4125358897308098
0.5075012064054165
-0.8049306538030863
-2.1098416668151323
-2.9471719594682386
-2.954083844536388
-1.9927430731566458
-0.22148735823441434
1.920615920987301
3.8205953494765095
4.864363831719231
4.627483323136563
3.0278497970980824
0.38924950228439004
-2.616149312907255
-5.143696648045449
-6.426153806654357
-6.019857390773679
-3.9606999461122534
-0.7691285395777206
2.703276212006759
5.533408014168542
6.9987801831503305
6.765514095720066
4.936207289333196
1.9665012291599249
-1.4884884662306872
-4.725480682598898
-7.100445615799024
-8.096704417974323
-7.386401534266407
-4.9102025962933
-0.9638110000805368
3.757348455880635
8.214850604466264
11.220076583601367
11.744093771547393
9.263168260634579
4.019405916675357
-2.915954414072875
-9.83658101917238
-14.831599127988403
-16.342999630569945
-13.676502080985594
-7.287411627854561
1.2757741600681418
9.779191621254844
15.949791183977839
18.15268828213594
15.870462845937487
9.824011506821723
1.7074970761426242
-6.352651219817422
-12.420148230779136
-15.252119234831925
-14.54406654062193
-10.875982904267326
-5.421546768900285
0.44751938134014474
5.5203203835594685
8.974616692687793
10.449550255527035
9.9961620874616
7.9638650836230624
4.875904733799343
1.323841019097914
-2.1141487070331557
-4.939251258719143
-6.7872493026449865
-7.469170851246452
-6.988063612606201
-5.522122342254946
-3.3724473269608857
-0.8901896164017622
1.589786150619076
3.785434113588893
5.469198999766068
6.451096611283849
6.5713859549748745
5.724120876505569
3.909314661887398
1.2887529801388917
-1.7858288245162202
-4.795709716580693
-7.138340234089865
-8.259845740851066
-7.805230754199244
-5.741090516917161
-2.4043387185272023
1.552211011916484
5.309415846237406
8.079194580573354
9.285306409805496
8.67691515219407
6.3577162706979395
2.744997262795803
-1.5131765128531407
-5.639715662285753
-8.840787381314476
-10.4303078605649
-9.964420216764099
-7.36754375229751
-3.0136253909546626
2.280914562011067
7.38236268847649
11.078406413339241
12.383193114060958
10.827771518858347
6.643471677974018
0.7643124747098394
-5.378116404309797
-10.228104766487883
-12.54402222295772
-11.762099938356245
-8.162214571025626
-2.7773992861146617
2.9237647054821294
7.47694874464567
9.839087639939267
9.649002323212187
7.260781898246659
3.563077411067933
-0.3371774154691333
-3.4569402109603713
-5.196842513583719
-5.445189785689795
-4.513049279715628
-2.947648821960394
-1.3077263567487327
0.013580046446593757
0.86348991326966
1.2965008122673731
1.4727831804150666
1.547054041723672
1.5959891789977494
1.6033921080610583
1.4938012144468045
1.1873285676298941
0.6452502312112394
-0.11172518863791839
-1.0089837824740124
-1.9289701015119876
-2.714600842534322
-3.171377047372312
-3.0866574236688926
-2.2797535264216706
-0.6804001943569219
1.5871478682796958
4.153062638808993
6.4225047195403695
7.6870397158770105
7.314718532718665
4.972865266947296
0.8128694088556978
-4.457339668666321
-9.663155231462804
-13.417532264672772
-14.485836961985962
-12.16427327356355
-6.559360283184972
1.3276679515901912
9.763621537047893
16.678544156493732
20.202749426223285
19.201393725979706
13.652075572317365
4.737652893268568
-5.412705091112123
-14.29627982041865
-19.758919714118164
-20.62173564165369
-16.991453942230347
-10.15389111269841
-2.102036490108118
5.1284978028460495
10.083271938107881
12.25576805315618
12.078946054182707
10.56924750411207
8.785630962311929
7.3362695312335156
6.139860691625176
4.53669683604496
1.6959000250936533
-2.859506407022465
-8.840993967581447
-15.08757321811649
-19.835655797521103
-21.286782013601563
-18.271013895915093
-10.757265479498168
-0.0118687635750742
11.666066997313091
21.553543481824995
27.26301277165984
27.41241671554382
21.99778870486745
12.359675273185301
0.7682375051747881
-10.227417179919907
-18.471761204938407
-22.68961733660683
-22.658696723468154
-19.05955022038971
-13.105511729696131
-6.11436327076932
0.8238441237044329
6.989704572113667
11.983834997735446
15.560313742508644
17.462998351557818
17.368703003363468
14.979032510546846
10.22037613176937
3.4482051037771524
-4.4591299555877715
-12.185139679647815
-18.230004585344858
-21.26201498095349
-20.463230941847105
-15.772314225284418
-7.956410595287514
1.5126285401539672
10.754458600729883
17.883113660637974
21.42320355419377
20.642448560234943
15.724263140597975
7.740138802500837
-1.576207318147945
-10.208374437688258
-16.309459068723296
-18.62445037759111
-16.781618648407886
-11.37689574153349
-3.8222889053872864
4.009194124680475
10.252662281541081
13.513968609142912
13.20828655951036
9.68874241786289
4.1294844311049275
-1.8125957419670786
-6.472803561347157
-8.659100422712493
-7.992719903752332
-4.994711365877929
-0.8817594593326615
2.8632662258674126
4.997414644043902
4.924194788439484
2.8618849891930678
-0.2766962948513443
-3.2383748668774284
-4.884187050455884
-4.584622648164407
-2.424873188192657
0.8415578695794629
4.067330615021651
6.11466337167897
6.246635735201719
4.372746990807356
1.0688929016245916
-2.627234409859493
-5.566190706702304
-6.858450591817301
-6.146403561579683
-3.696623193067024
-0.29405746355871715
3.018983179798782
5.272920137404321
5.866187440042063
4.733229191510717
2.334918925190915
-0.5174628652638037
-2.936830942988403
-4.237204906665427
-4.1260871548533755
-2.7618459332957217
-0.6707883674902538
1.4396996860308167
2.9082349305312047
3.3173788677994303
2.605833535365514
1.0651159876209364
-0.7714355666290232
-2.3050493743983447
-3.0562695242953386
-2.806224204102199
-1.656852759469259
0.008040289312549886
1.651061930051469
2.7577153664510816
3.0016500872764422
2.3436040676175756
1.0319738003314591
-0.49364315278709975
-1.759666625191248
-2.4165823371156923
-2.3388656564690398
-1.6363475996496744
-0.5866836126614654
0.47361862559778306
1.2567056885934875
1.5971031828974165
1.4766126916221047
1.0027586093398477
0.3561926970475185
-0.27161140183267396
-0.7306261728588539
-0.9417213305221247
-0.900002084538645
-0.657697264990895
-0.2971358969055806
0.09514013458760569
0.4439297537282768
0.6874470919696477
0.7732589555896774
0.661641644118217
0.34370529224702623
-0.133456462366241
-0.6541862942144788
-1.052034894249131
-1.1601366269955595
-0.8774573468342055
-0.22314413534588343
0.6466761189033448
1.4718633644715589
1.9646065561961454
1.9055127511567187
1.226036351567507
0.047291354521872886
-1.3384615349249063
-2.5385908157046635
-3.166213648960564
-2.9570268648712363
-1.8638095122655933
-0.09481620793109469
1.9211244117437474
3.634945770056149
4.518453008759883
4.215396349075522
2.667637332335032
0.1774597726332925
-2.6280230744260447
-4.941790272376964
-6.006140757010146
-5.3648022561690585
-3.053572945236263
0.35170057284911926
3.871338756860345
6.414878031394608
7.136936965637133
5.731415970620234
2.557142317197288
-1.4559107102787083
-5.0949677092181975
-7.252240826819523
-7.280357089826599
-5.195784228709014
-1.6645383665057654
2.2220030459554856
5.304840631855614
6.728289463606324
6.198080221694415
4.04013080105951
1.0475450964302149
-1.819010432423521
-3.7631675849737776
-4.39712432275897
-3.8165461443992217
-2.492520308556903
-1.038649894575163
0.04427111663830208
0.5445045155825009
0.5761953007269078
0.4757919910467225
0.6107980769998513
1.1842666656732508
2.116999085684099
3.0577111245848934
3.5205278873092984
3.095556967204706
1.6439126868618115
-0.6072167247364995
-3.1105578545125034
-5.166730605923149
-6.149022636851801
-5.706238547586559
-3.8792049453595694
-1.09491553465596
1.9599043215671306
4.542519471034799
6.065088215342036
6.244951378467309
5.1530939598236625
3.155577791575485
0.7759172586079542
-1.4705230939110072
-3.2113674637482106
-4.275964837970757
-4.666707588250687
-4.4726152427014485
-3.78099830123647
-2.6379482656648503
-1.0745997361957085
0.8239393442118584
2.8526979156571803
4.667767264554227
5.837173525399509
5.955365780532959
4.788482239848699
2.401550339429637
-0.7854865015399897
-4.053406310244934
-6.555652874324316
-7.563010646123543
-6.702067958376989
-4.10324775554148
-0.40072902213729716
3.425496649107041
6.324473416060764
7.486184763945405
6.592192565070897
3.9201263227025676
0.26461341440798364
-3.3011937039606645
-5.748425951292681
-6.399888347706857
-5.130295435979439
-2.4002831983183293
0.890484074555604
3.6923680359310294
5.1455865614078675
4.855810741555086
3.012651599575632
0.3129723530688791
-2.28487338340967
-3.8939816503556464
-4.005602263454652
-2.6624864765954634
-0.4360441629083044
1.787984845588797
3.1408463840286176
3.0978686964999427
1.67932264615635
-0.5505136376944726
-2.688422038438417
-3.829376932469825
-3.413194011241249
-1.4517378506543737
1.450261494137579
4.2914431223039955
6.017465204622304
5.89211527924968
3.7696951855588248
0.17400297086276628
-3.8498252366630097
-7.066547736046611
-8.453202269025136
-7.532881646735962
-4.526157244186543
-0.2741477659264012
4.033347004847515
7.22896145558991
8.515358893134716
7.680278053387589
5.116689706879916
1.6509356160073376
-1.7517081081040038
-4.2923842065754165
-5.54821963831653
-5.527490804420703
-4.57463753305979
-3.1798456830907926
-1.7733799655728284
-0.5821399313496494
0.4029825895931522
1.345589442801451
2.4103334559026353
3.610164700305585
4.728890180525774
5.361839391080032
5.064751771630178
3.5535568932486203
0.875011205090808
-2.5241788708539876
-5.867815637112568
-8.24946555513653
-8.90368425553062
-7.463442866024765
-4.115187862509398
0.408869789355566
5.008550588386244
8.513334643509905
10.010635789159545
9.106821715345603
6.04302369957161
1.6292230843230084
-2.985606980586872
-6.637504303930404
-8.467011777235577
-8.140659370029312
-5.9136424076378615
-2.5211479866268527
1.0623937412253779
3.9164268753045337
5.425378231381096
5.41216769597549
4.1252501656392715
2.1032196036513353
-0.02275467142121295
-1.7173328921068411
-2.662626714100928
-2.788919144905992
-2.229059645568005
-1.2357223642723225
-0.10036527784443251
0.9066808316399754
1.5751877793801452
1.7798059585251493
1.494028751827521
0.7922364424535389
-0.16301369446383696
-1.1496880665563944
-1.9281273580054772
-2.28887309089467
-2.0979148244823613
-1.333031765307408
-0.10557766391009668
1.3415865060816208
2.6700383905234952
3.5168427990471147
3.587866335478608
2.750070253650127
1.0965414974883094
-1.0399448531021216
-3.1426857412744638
-4.636533007926211
-5.054290590621018
-4.1909970262029566
-2.1908881029080054
0.4684449728958982
3.0978307820638586
4.991190603843255
5.63237351877139
4.847403272778045
2.853631718502134
0.19135308561289502
-2.4378302691645
-4.371456804230862
-5.16256595964314
-4.683403909281871
-3.1340472584875556
-0.9617196216639723
1.2783615382559663
3.074246448813798
4.074890643507775
4.146220547183935
3.3639560158647717
1.9614667820308942
0.2567595834319126
-1.420023813726536
-2.7817380101853693
-3.613731454364632
-3.7833647534754835
-3.245016936180314
-2.0522495978977497
-0.3741352312828513
1.501089285726037
3.194062286907934
4.302094526985544
4.498533443503905
3.6395926925621485
1.8416783164369164
-0.508393574416667
-2.8295865243372824
-4.49828919687433
-5.0339873822863055
-4.258124827331964
-2.367954825641856
0.10739154613832165
2.462339631600483
4.033907873923407
4.409190474944625
3.549266895571358
1.788547816157083
-0.2879160085735828
-2.0443218048953855
-2.99914605152925
-2.964239560355371
-2.075787204663705
-0.7163965711397566
0.6353772530987797
1.5699341095752415
1.8681311261118914
1.5437508564026015
0.8035939383541171
-0.049639893056890906
-0.7301450052793775
-1.0570272394159075
-0.993730987930214
-0.6356447636874545
-0.15779318058720684
0.2564410944963865
0.4801876344827018
0.47857478417269794
0.30479442114081134
0.0652135481200257
-0.12750801785314964
-0.19580311287916055
-0.1205520721199116
0.05984854438339354
0.2702444869701065
0.4266979648109953
0.46159229040573185
0.3425406428051172
0.08300455569653137
-0.2590755344054826
-0.596020864643694
-0.8349531983805201
-0.9047835537155388
-0.7764724814866343
-0.4694025069484362
-0.04356411007678022
0.41663110294986677
0.8210230527054219
1.0915312160073611
1.1761201233711036
1.0562674813736126
0.7480831367429245
0.2986663997060535
-0.22168804716943913
-0.7305439889425347
-1.1456880328378884
-1.3970901435199623
-1.4368455125057686
-1.245858050762252
-0.8372682446105312
-0.2562162297432703
0.42471366376834085
1.1121101643563154
1.6973456554632387
2.063194349208526
2.0980265222764434
1.7220059893731223
0.9223377077096905
-0.21371233464819223
-1.4851372776806953
-2.599522908399134
-3.237942097136458
-3.151248895101147
-2.2587857404089546
-0.7099290258302695
1.126573575200653
2.755997983370126
3.709040632753333
3.6987360612207487
2.7229185335979036
1.0702865981355458
-0.7738616363439066
-2.287376732469162
-3.0790357939795725
-3.00479250319696
-2.1920990749688016
-0.9686327050154833
0.27012637584692534
1.1989956334096863
1.6547345806534568
1.6535678231759923
1.3406512651723776
0.9030907060248932
0.48586260737698755
0.14338116464247425
-0.15638535996508227
-0.48073103945877116
-0.8613903857811835
-1.2429214639631745
-1.482527905319667
-1.4082253005026353
-0.9101859563293656
-0.020735357037981263
1.058460679636842
2.002200954563723
2.469977932491565
2.236898491706007
1.294138123067823
-0.12384244584556885
-1.6001566621007641
-2.6675611271968065
-2.9689205733908373
-2.388604724832823
-1.1016110797719791
0.48410747981820174
1.8717205866099025
2.647933131472681
2.616978949662931
1.8512158855622751
0.6489308348930167
-0.5788044484560952
-1.4520231207770784
-1.74924978991906
-1.4737396654494266
-0.8321063901453284
-0.13410480093583568
0.34167634271200514
0.45691240364769126
0.2530263173265583
-0.08891303203329091
-0.3425019157900576
-0.3393557029612743
-0.03872999665146395
0.46028600269847814
0.9637731285126232
1.2642934543971691
1.224338086770538
0.8279325157723988
0.1821663235227089
-0.527276361648323
-1.1052641654361473
-1.4132534697152763
-1.4090104041282092
-1.1482045791900997
-0.7492680086455126
-0.3364651016948756
0.013445550104334526
0.29620638091175444
0.5652662569737281
0.8836232128960905
1.264482281349066
1.6324800378640762
1.8321322961311874
1.686841627110101
1.0833204227185829
0.041726055903607714
-1.2605604911606496
-2.521286918119728
-3.390904625813615
-3.573530621509992
-2.923327802312389
-1.5056384364721422
0.40009058472200026
2.360472976574928
3.896780202887464
4.612368563128758
4.3017438955467115
3.0085716006342853
1.0173143535237112
-1.2159785977451614
-3.1739203307341226
-4.4027982830174635
-4.6249768884979865
-3.812721223915299
-2.1999737281232496
-0.21917487546577988
1.6254631823609218
2.9092009656325133
3.408941167408315
3.150455034251328
2.3648933979041016
1.3767509802258284
0.47106143391233196
-0.20670372206046647
-0.6783662724249689
-1.0795677161440922
-1.5517910624040963
-2.130481485844117
-2.6836722242202056
-2.937922337427249
-2.592819112358511
-1.481290044089852
0.3000917304212489
2.3637570417713025
4.134096457733823
5.044279726423219
4.744645172841852
3.2359446843238677
0.8774930539823287
-1.725151502326775
-3.9049285967392606
-5.124754349517756
-5.116857869205712
-3.9345943577250466
-1.9121726418091558
0.44458094921745744
2.5962394956101114
4.093545317154187
4.657798713029777
4.212120116344043
2.873455559059302
0.9189243805587073
-1.260368539152514
-3.212631843178258
-4.494265509827008
-4.7633447217183384
-3.8856798546668134
-2.0154142446615806
0.3984362925021171
2.7103865877033786
4.2680649881242685
4.630735574705446
3.731802585870752
1.9156748971855422
-0.17545867095007003
-1.8315969955081302
-2.538154722813352
-2.1691944244133414
-1.0312497782863679
0.2636028539271927
1.0492803292172577
0.8849417854513288
-0.24897761873315072
-1.9199990825841247
-3.398206924809777
-3.9430439764378935
-3.112523024025378
-0.9686662864398727
1.9123489992574725
4.6373379115572275
6.321077643824985
6.404735308882171
4.842887571683633
2.09766459895903
-1.0403872737173572
-3.7246751434638017
-5.316684424267131
-5.555718122045955
-4.589908004148418
-2.8757543511755013
-0.9948649272302225
0.5443101215085199
1.4564519740923898
1.739148777654656
1.6295354480247126
1.4765839942006744
1.5765388578399722
2.0328206879715016
2.6936548890190726
3.1944438974446348
3.0959044400135873
2.0736300330444695
0.09070474461760364
-2.518710218613889
-5.102320109877825
-6.875247754910221
-7.178114946461463
-5.716683063712419
-2.6972637778867274
1.1952127002306503
4.978397774050193
7.6577489492620705
8.521917661768283
7.352100237152994
4.480132001153846
0.6814828105047388
-3.0567682383179333
-5.816848375609368
-6.995625567269296
-6.446557245689953
-4.484666472731678
-1.761855924902352
0.9434340543594487
2.9547003396809033
3.8756088332756793
3.6719895333413324
2.6434880902643325
1.2998108503629238
0.17934539355489143
-0.33777649088437134
-0.1658874897176004
0.4499021871180714
1.021731109805293
1.0132641360382786
0.07821186938759041
-1.7449923668929868
-3.9679851549686287
-5.765541269359832
-6.249990249382242
-4.820282114249711
-1.4566189628335016
3.162832694398299
7.790644515674888
10.964374866303759
11.481223809543732
8.835553834880741
3.460888371579698
-3.3257160649863002
-9.67906427143843
-13.775725595694574
-14.38160252698743
-11.249948516526269
-5.214583919697661
2.058286103565197
8.581502141237452
12.652501071195736
13.350191050519904
10.760059508300502
5.866573790691449
0.17395624968998144
-4.794179430363497
-7.939464568948741
-8.838393653158313
-7.740394770120385
-5.353632646978634
-2.528662139734101
0.030987077742462336
1.9353612164957557
3.118559639454552
3.7243944500157937
3.9419643131444313
3.8744315990214453
3.4971692438969826
2.7120044598456663
1.4564139385477763
-0.1960021698666208
-1.9969890634929248
-3.5681435908038943
-4.512898131019432
-4.552709754249829
-3.633608627759832
-1.9592147144092569
0.06487981595411477
1.953801259287461
3.2858113615752753
3.8144541899709163
3.517583738578657
2.5756202720356116
1.2942611617532902
0.0015294805023102693
-1.0464322732089049
-1.721502962168605
-2.025850518268861
-2.0447070948448722
-1.875589046985871
-1.5717224724595114
-1.1289741418998638
-0.5192936456335153
0.2534713904827925
1.1110173928937466
1.898100880503833
2.4230967753296913
2.5200287095308673
2.103517174650969
1.200726849648193
-0.04194357516278416
-1.3779275316593413
-2.5076686198359712
-3.1492404729520227
-3.1143642184841407
-2.3653925087280014
-1.035342568332672
0.5943254026482837
2.1526349524309483
3.262596632426668
3.633768554535948
3.144411210700737
1.8889598322851007
0.16831361918187357
-1.5844310095289402
-2.924736828619535
-3.523733203574028
-3.258181423344233
-2.2362515267304457
-0.7554771844803695
0.7901467672582015
2.023086756251534
2.681159672319408
2.675438598576509
2.0932879915136384
1.1498892289303266
0.11004867290757266
-0.7881041761697829
-1.3831866352244917
-1.6087135589895736
-1.487792961646368
-1.1149707927192012
-0.6306018154174414
-0.18667776745142772
0.09713861251209045
0.17740824666665625
0.10936932768830895
0.030140020935743955
0.1015971745230788
0.43096408778957473
1.0019231552676933
1.6513829422129445
2.110596286600187
2.10073460387461
1.4476112593942718
0.1709904789265539
-1.4864125080883317
-3.104727680708053
-4.199274960781798
-4.3692659007384504
-3.4367780461216446
-1.5279762361218447
0.9358550113821527
3.3403995420387496
5.045256752533473
5.568116222188231
4.733126836446699
2.7361855385337694
0.1001233784977887
-2.4730061321365104
-4.308991345412587
-4.960488888956836
-4.331404486591976
-2.6884640581810846
-0.5630868534512898
1.4196161199581694
2.729671491769097
3.0815484443174834
2.501178349380973
1.2948395123218095
-0.06655245845285554
-1.1089850334558842
-1.5088122405165205
-1.18794624635647
-0.3242920907114823
0.7180499253642785
1.5110763793101938
1.7009138481529718
1.1270888475193912
-0.10629808478641914
-1.6330362803252663
-2.9162298890118
-3.4172863934095634
-2.7946133920653806
-1.060724827235722
1.3680039361706764
3.762691471633761
5.300070326348499
5.3424493816630685
3.6828961347915787
0.6633777169674187
-2.887309692639165
-5.889291493552821
-7.35293388824073
-6.715060651189958
-4.05197385365714
-0.08553856482048229
4.0310383157637215
7.078799738385618
8.16237253614328
6.986930447461777
3.93170186041318
-0.09388108219225454
-3.9498468089283914
-6.613211676160167
-7.45994351863537
-6.401151840951992
-3.850013593425221
-0.5530280358890307
2.643587184945127
5.0140523131827255
6.102249300760596
5.779442599410875
4.223017287563773
1.8430864247893375
-0.818523201017497
-3.198764052854421
-4.8181748543670295
-5.366358006121756
-4.7575387040455475
-3.1477169135822263
-0.9049464569258048
1.4697179184194153
3.456567497920691
4.637069529905783
4.78630349178166
3.9142394269533547
2.2486020574237404
0.17071597002750252
-1.8725055049099466
-3.4579285407658134
-4.262981497423141
-4.123598375255659
-3.0689631435425104
-1.326207154220468
0.7131036681131933
2.5681234682272716
3.7776758522679645
4.0210127097409645
3.2170612380954093
1.5666839599143998
-0.4856707288720192
-2.369675767556935
-3.5551618410949803
-3.713505947623102
-2.8192530363043273
-1.1569562575237429
0.7691008294392497
2.3923261784423477
3.2566740082061276
3.1498746734413112
2.15768387462989
0.6255567863532534
-0.9588681491102858
-2.1244651490044855
-2.5630566544438693
-2.2143611797984315
-1.264732648528226
-0.06763727621572656
0.9801521239214741
1.563438841631132
1.5387384096724512
0.9679247675288553
0.08898960412409919
-0.764643686438866
-1.2705269974064464
-1.2203404950248888
-0.5932644635463952
0.42412232969766644
1.4848462637719262
2.187401280353646
2.2097960011654125
1.4288723627916406
-0.0162823124695633
-1.7432241697574997
-3.228617586864079
-3.966628431492072
-3.633525699521956
-2.2039275892199117
0.020435336933156304
2.4801326356895737
4.506451683462686
5.5071812734165375
5.138273380492263
3.413376473412792
0.7171255455763217
-2.2877009870743223
-4.835636927939749
-6.264298030263819
-6.190871499876635
-4.613375660597159
-1.912426638782762
1.2471706216356746
4.089679861220196
5.92841249402109
6.33695424731935
5.249322084288988
2.9698426978733163
0.09253272886825332
-2.6547537338734415
-4.605329857367225
-5.331947929593665
-4.752515968975005
-3.1321228359508484
-0.9852038635938476
1.0881507505402066
2.5797884679392515
3.210478163319624
2.985441416408671
2.1549894861553773
1.099367442114825
0.18199034536479455
-0.37555313966029
-0.5525047680750218
-0.5033234596512985
-0.4618823415511118
-0.6170815230086757
-1.0126048525990394
-1.5138401566849435
-1.8574547759408389
-1.7655438407575477
-1.0798539792346524
0.13876263123883764
1.591007683177104
2.818567971264657
3.3635471399507444
2.950802749433085
1.616427291923429
-0.27682335699581134
-2.148286809216067
-3.3931871232963298
-3.5919139601564574
-2.6609015934440183
-0.8913438528105542
1.139847829122266
2.7585550888788926
3.4188225114073885
2.88915773686261
1.3354060898039983
-0.7294976152183046
-2.6111211138378683
-3.6572351354672317
-3.467799304913342
-2.029217705282053
0.26540190117975737
2.7188922076218804
4.5321861104347345
5.050998637016731
3.983627516596831
1.5212192469639783
-1.6842628675219875
-4.690982237545906
-6.545600423685905
-6.586966202442851
-4.67747663246836
-1.2789709496965178
2.664183646790234
6.005285511583955
7.750017371222228
7.3695009624114
4.967257477854019
1.243848732826603
-2.7281096000563902
-5.841819894465375
-7.292841395832126
-6.802236599376541
-4.657515755068847
-1.5712781302276944
1.5770257812002506
4.015589529853646
5.276750597510608
5.2623436248074755
4.182072951424786
2.4173941455025565
0.38181662214472356
-1.5672346911315382
-3.1487749699512912
-4.136334383881994
-4.341549102024535
-3.6419602094561117
-2.0551061365816
0.1825044827379026
2.5928743180684832
4.533747115628967
5.375161028167767
4.724288494866437
2.6100050736811387
-0.4611915183017067
-3.621112293162346
-5.901643578988065
-6.553719380678501
-5.306294476521133
-2.468819666073324
1.1594592957314653
4.539698002732618
6.715275555614392
7.096282281141017
5.615946540199003
2.7186618424307802
-0.7993026660976772
-4.030489761358128
-6.199861819380211
-6.846311563552189
-5.9035976944813555
-3.674852004937626
-0.7246629970347165
2.2708134207619786
4.6743201180123295
6.008097343926979
6.031157746997099
4.771954282085598
2.5172256260195
-0.24261783614676818
-2.907472261835236
-4.8900291579820845
-5.747035656878399
-5.289892798851868
-3.641110003305321
-1.211873348869002
1.4013527626738964
3.5741031088092248
4.816171970697983
4.888619210527331
3.845799644920392
2.000578497086368
-0.169138654158372
-2.1439795854990473
-3.4849231946929775
-3.9271390534011097
-3.4304594752286777
-2.1797217941127025
-0.5341917921601977
1.06718579417091
2.2253561969534426
2.6917488888464036
2.4333850438902895
1.6309982676599089
0.6088449354279509
-0.2871753399860826
-0.824378581804771
-0.9732106902377384
-0.9015013440865836
-0.8644156169122976
-1.0384458920626192
-1.3868087602949042
-1.6382417182033782
-1.4078940241303297
-0.41395127485303185
1.3122148633656954
3.3323591419894925
4.891624325375014
5.1851273844798
3.711096661665253
0.563867521845156
-3.477875349886891
-7.1399305240896425
-9.07579063998017
-8.374680072515204
-4.954217762319824
0.33045344237116225
5.923045791342179
10.073394974539237
11.4323807679394
9.516079670602583
4.872038446122868
-1.1059550972688947
-6.640919287593558
-10.146432376721851
-10.714145849097664
-8.358681401539828
-3.955640531380943
1.0864643518962604
5.297862006117946
7.602495274616633
7.610253952742439
5.661432833636204
2.6264396207311242
-0.4492886693237289
-2.7123076334234555
-3.7442731407832706
-3.608832570459082
-2.7168368368953133
-1.5933776223781537
-0.6537609709995537
-0.07295361090590927
0.2168057924849995
0.42142076882314977
0.7354691397235706
1.2193203633327254
1.7540214652233046
2.089487466664963
1.9629605813616637
1.2359303900678482
-0.009715566420445333
-1.4603073372577697
-2.6567469538399164
-3.154173689437335
-2.698304374785299
-1.3478436780368872
0.5129487802979751
2.285964463937553
3.3600749930035163
3.330557372156883
2.1571051235935554
0.19884294276533798
-1.893354056441893
-3.3948792237402463
-3.760783078392993
-2.823256756500751
-0.8594330328665623
1.4973483567839365
3.470742052306686
4.401234609027232
3.961255089572844
2.255236925544502
-0.22214574379958532
-2.7474307300642105
-4.589865221982032
-5.220208079594271
-4.447443927971473
-2.4541342043638346
0.2648904435618205
3.0313191229891556
5.1445212319569
6.045103226455715
5.452468964476894
3.4465689797894203
0.4696832091176401
-2.7606466105878007
-5.415773136764808
-6.7651316637082
-6.382605501355455
-4.292804687493952
-1.0030998900806434
2.608441066108503
5.533822484711747
6.93722065063927
6.418072314971317
4.142267355196049
0.7933048770852581
-2.6428692473072486
-5.187153025080901
-6.16522257333564
-5.395878657734289
-3.2144991364699815
-0.33603067436298484
2.3847797677913514
4.211650696089563
4.72460072450761
3.9077640112195455
2.1174359286997486
-0.046571408418775675
-1.9257659540358667
-2.995466978114629
-3.0145326314297525
-2.0897333406857923
-0.631399115980105
0.7917342266444026
1.6536161463611783
1.6590184118791773
0.852196591300302
-0.39494048183845276
-1.517520930920115
-1.9745013315170925
-1.4704073132925515
-0.0928558476263874
1.69657725749514
3.221515696892432
3.8399533813147126
3.1871339474370193
1.3222514104679062
-1.2705347951684276
-3.824433501518009
-5.527995349116566
-5.7825145229571095
-4.397792061449572
-1.6646999495349841
1.7186007026144738
4.843355834992811
6.848197771360855
7.161265750010661
5.6586748616285725
2.6977094189452875
-0.9825150349613394
-4.46299845861912
-6.888926847189288
-7.68596234580272
-6.694041807310787
-4.190694447007764
-0.8029042746087431
2.666402534831711
5.4465172419978956
6.980453591748587
7.030641647909486
5.689378898708077
3.3084495236218534
0.3867441232242025
-2.5408184263189098
-4.9853402414232875
-6.552180599496044
-6.968330448728231
-6.108804638579636
-4.034219410911678
-1.0301572463985609
2.3837625129298763
5.5118832313275465
7.621474552830663
8.136324587439956
6.8240072323977365
3.9057277011896048
0.03741694711166702
-3.846792468927842
-6.787710649971544
-8.07193079530654
-7.432929558174118
-5.119339988653574
-1.811038306980377
1.589433431445518
4.224920162059881
5.528818617160528
5.372618391817927
4.06969459818111
2.233303025664602
0.5360897699189829
-0.5430552171308339
-0.8874048817168914
-0.7559651886829152
-0.6343432970576943
-0.9847032093238417
-2.0002599069732043
-3.4692251885388097
-4.810314837049031
-5.275522790331516
-4.251168084715883
-1.5473004136874697
2.4364258585374077
6.741685872566676
10.088044691458268
11.25528191836854
9.498717316710037
4.863360433836054
-1.719058269318523
-8.609593914454642
-13.892943316589573
-15.942620223812884
-13.94000272158332
-8.1695295230568
0.013290855001768022
8.534568180236025
15.168742567492178
18.15176871171361
16.665637449187553
11.060894994080703
2.7579548559647638
-6.143251825750602
-13.432845280744669
-17.376107914923622
-17.149039709081496
-13.007093713372274
-6.150674997309024
1.6578909509865822
8.59635540407313
13.243833503381538
14.870053366848522
13.493437017036426
9.733021284771606
4.5430609378456985
-1.0592383844551125
-6.186265840803519
-10.16052852498417
-12.508776234990497
-12.92880308853189
-11.284389846516868
-7.650899974018104
-2.3909496796588616
3.790292311580553
9.863907741259371
14.605295963997229
16.83299268314476
15.71555601310955
11.06468525220153
3.516243469330032
-5.486223156190058
-13.9465604188753
-19.778929440312346
-21.367431898530533
-18.055133408106737
-10.397098177882107
-0.08086492728875037
10.47651921683618
18.746260418807584
22.746680455454353
21.55515376065071
15.528573809740493
6.177144842766447
-4.259331515375954
-13.399314053242994
-19.29991405435398
-20.875907016317836
-18.06739196627934
-11.748093150972867
-3.4356547249004907
5.095448773489721
12.19406916738377
16.62762626147289
17.753215399986455
15.560099889744173
10.603844390412224
3.86511132028775
-3.432459294211019
-10.016056251192097
-14.748326986341063
-16.790296580896463
-15.732312600077812
-11.678748760715356
-5.269087536686121
2.381251311303404
9.833014400572619
15.567375362125594
18.292900143770133
17.253286055205418
12.457650853825488
4.761297053970099
-4.25054013732439
-12.579236165622707
-18.272379371790468
-19.914225118324964
-17.01150132025428
-10.158551361840635
-0.9233296903616718
8.525241157028349
15.953171883445435
19.618281236394377
18.69930046475453
13.484738941543899
5.278715566359369
-3.940927109198394
-12.016667588397311
-17.130029724333493
-18.2163913758756
-15.179102881453556
-8.862258757503085
-0.8045578824039498
7.149026786104582
13.272560603954616
16.32279420358951
15.771784933030835
11.874473956751746
5.573295278323187
-1.7278274546107961
-8.470700236800035
-13.272534259555558
-15.21067082478616
-13.99588522528276
-9.992821122976094
-4.093681943062751
2.5022628403960026
8.533324051523715
12.890898263050909
14.78283817269352
13.842716854283642
10.188011820899574
4.424290221184046
-2.4169012751772208
-9.021951791651087
-14.02316014902324
-16.28250992794421
-15.169699655844813
-10.756821343998723
-3.863636928526987
4.077482750655741
11.320849319141313
16.208074734357442
17.572502400102287
15.03969753771592
9.138804711860994
1.1911168011732551
-6.996612156947707
-13.557884241349504
-17.00851549519781
-16.598125121962088
-12.483248841754452
-5.677873686938608
2.203252654830609
9.338582022473291
14.131047189733392
15.574505780955414
13.471197005297133
8.450498492006215
1.7876551377008567
-4.926800452156602
-10.176554426094503
-12.865287657895333
-12.537351637738071
-9.435703597691102
-4.40293724627793
1.3392340324527505
6.478656153871772
9.9056567078056
10.946375259238549
9.486510770789195
5.962197502634284
1.229428805150636
-3.6452755487731534
-7.615498964290566
-9.855562573803558
-9.900918925979346
-7.720822516652384
-3.726679603154427
1.2834289232007832
6.248103691624115
10.031929473829894
11.661893044762731
10.571403008953245
6.793270486540559
1.033288459350736
-5.427913096272674
-11.008504609422973
-14.217279334474378
-14.061241970507666
-10.352191849540816
-3.8156753354017785
4.043629436694398
11.298547055964022
16.090405331068272
17.121756922118315
14.012785819926167
7.420980026083587
-1.1113703783113005
-9.543851305190827
-15.854515716509317
-18.543814639091632
-16.991450873923434
-11.582086105946656
-3.5837431406063662
5.175121227327234
12.740720953477544
17.474094282642195
18.39757756593142
15.379813986665805
9.133315475638893
1.0365811136224936
-7.176431827909104
-13.790370836032494
-17.463351404806616
-17.488842861933282
-13.917782493057711
-7.527143519873248
0.349314632601772
8.091301631064375
14.113257520610164
17.18037227158255
16.663646116061823
12.68264790304071
6.094958307895857
-1.6818277919606748
-8.984431112823268
-14.278375700114527
-16.496221267194006
-15.256623374549733
-10.918307465665137
-4.468421026835246
2.714847734740757
9.16206619149158
13.607912665706136
15.225508574228776
13.76284038921176
9.568179198615459
3.5103832749348394
-3.1881531093750626
-9.17939868376031
-13.244489573585692
-14.535194355916087
-12.758258832007831
-8.261826686364127
-1.9941320235088742
4.675090599421284
10.248105190537288
13.447545009813663
13.533812101809497
10.505892755051901
5.124106829907358
-1.2666777674207979
-7.080885592402393
-10.913266825599608
-11.913827043283176
-10.002995117627979
-5.862107149403782
-0.7061725054802848
4.083712239369813
7.350294532304247
8.456176959591522
7.406736582885397
4.7781701981171505
1.4888111883908621
-1.503661892230492
-3.4813135360194223
-4.141172784777047
-3.6259011558054715
-2.4139583095739994
-1.1127677999382755
-0.2261014282859136
0.02374821470468881
-0.24539103076958704
-0.6560696921066558
-0.7537854141212493
-0.215685652695843
0.9945335955082167
2.581621311579361
4.0010377967348445
4.64306422130128
4.057712913832831
2.1423515879445443
-0.7759917823751813
-3.996434087190756
-6.625440839561572
-7.831719868798136
-7.101372725566247
-4.419621835379388
-0.32311242866301254
4.202139071229343
7.960054177296535
9.863550606060384
9.254108918661485
6.138399500152872
1.2628133828655264
-4.030799593960264
-8.168213526463395
-9.841487647400735
-8.4840661836896
-4.536621039342193
0.6318891066074828
5.16279427906271
7.373031239381792
6.404928489190501
2.6032453176608783
-2.545909838471807
-6.918835306556964
-8.537055612134022
-6.350180969507141
-0.7218566347384646
6.585501830120113
12.956663110051366
15.832237055663546
13.663061638393359
6.554936645005297
-3.653044720790794
-13.92855768318205
-21.026498596578513
-22.568888942966375
-17.848057919748463
-8.07699140163868
3.994445073658203
14.958863998376302
21.819901825727268
22.887674316898593
18.214137980412882
9.45551915418526
-0.7493729996986824
-9.644027159364283
-15.165589462803077
-16.45150263678002
-13.913184910025993
-8.905990607736516
-3.15907254307129
1.8105039783624424
5.102658385657388
6.553538745442021
6.579091112742126
5.848801961368949
4.942192150914784
4.12575929548524
3.3213557447164233
2.249575874790861
0.6616208327554131
-1.4552411355568737
-3.7937553067475007
-5.800124088118911
-6.869272458099688
-6.578305628977214
-4.865452894493096
-2.0853584514483754
1.0826706102806885
3.842001444652745
5.527008142658181
5.804927418902548
4.764512036163483
2.8662512712787342
0.7734091546385028
-0.8800494100425872
-1.7056055333935747
-1.6813254015692871
-1.1291238464058686
-0.5551660663211405
-0.41938423589086077
-0.929987272639071
-1.9449518313290488
-3.018489513937768
-3.5760913677079027
-3.151139937188733
-1.5892428082656418
0.8594015012607085
3.592087259073319
5.829537356991105
6.857098157607829
6.25496248127646
4.044074393302662
0.6998271273531843
-2.971345484118988
-6.053295534462029
-7.770789715229663
-7.694510145771989
-5.844484185121619
-2.6713069414950508
1.0699734728723227
4.512409429485463
6.882512703985699
7.668468348037042
6.7188144298262635
4.261453193524233
0.8498863194003811
-2.7491035041996037
-5.709436051062193
-7.319662008799507
-7.148721610912425
-5.169882183809326
-1.8064453401713445
2.1298931702381845
5.613814095449558
7.665224987509678
7.629078793844212
5.394301643811792
1.4764925523141017
-3.079033689728868
-6.965980189563128
-8.990935614469869
-8.441478067876659
-5.329897321758694
-0.4286622805615449
4.922021689378504
9.183653961574558
11.06070659605363
9.885600837166377
5.832960647001128
-0.10394474545825287
-6.371684142222034
-11.275754997417643
-13.439114634063825
-12.172874745195355
-7.664317044809645
-0.9416518157446243
6.369490270426576
12.43792913286098
15.676341746586216
15.14432060479573
10.808650652039614
3.59076457239662
-4.823898527468708
-12.381151419126072
-17.16695991204322
-17.901368773637557
-14.284970503519688
-7.100310649402824
1.964779628973485
10.729437117594925
17.060348706214054
19.40043375619955
17.153599392599112
10.833511954183422
1.9407979470427152
-7.40339050360847
-14.978504105786715
-19.009007387324974
-18.592175853320125
-13.900127173158097
-6.109857453083009
2.9091930844140803
11.05884276625239
16.506782952289548
18.095893378580072
15.58126948706996
9.652569347752907
1.7478563123589188
-6.292709659816002
-12.65443455970649
-15.960799743730208
-15.575576637707192
-11.723120387820753
-5.402549775186856
1.8737625403080904
8.443822777524606
12.87088964916916
14.247968455612368
12.37440768763847
7.775935434891151
1.569757945103147
-4.795063358435994
-9.867780298291843
-12.52530406146416
-12.223816809945713
-9.109208545290329
-3.96035651953858
2.009319191129958
7.429617957918687
11.064661494208725
12.068987861764832
10.17489616865205
5.7789325033198615
-0.1058382053287473
-6.049597567147342
-10.535928248886943
-12.352750239808902
-10.94082898774756
-6.592477310893324
-0.4232539092590557
5.9004868318598716
10.618856224426347
12.392033137014922
10.7097434114985
6.059761141906426
-0.2076316056507183
-6.283027268130794
-10.442775016439906
-11.561485560029526
-9.430570189729567
-4.787569102141298
0.9420978344699625
6.096883527928949
9.276047589765144
9.730671097302123
7.538665209920256
3.524120289808211
-1.0393467120377913
-4.8389411178159545
-6.914842567699271
-6.912141850958086
-5.12102268273356
-2.3101465645736865
0.5708504988578287
2.7080517144156255
3.655974470300618
3.422358707209384
2.393849601804753
1.1464839876148805
0.2205684874986136
-0.06459430541590211
0.2889947405039008
0.9598640279430011
1.4097725231213862
1.069725599934912
-0.42932417777302423
-3.0450965713309057
-6.210127878857623
-8.881309926362738
-9.781106462543697
-7.8024491175316495
-2.481632637327683
5.615898778628599
14.771706367165494
22.378893074170684
25.60270909355866
22.29230735654391
11.869260253089497
-4.133708559112001
-22.1475428404494
-37.34229381261628
-44.95069970944748
-41.76763446474411
-27.339482501858335
-4.4080689416491605
21.612769659219943
44.03811120126679
56.79553373903411
56.21053417907299
42.12174432232934
17.962526622758492
-10.216149795432031
-35.461543946565676
-51.82888231009471
-55.90860017248102
-47.55030952540282
-29.637650626602163
-7.063355969721755
14.725458181954176
31.15430712156442
39.522117357255134
39.35351143674592
32.106952085202174
20.436129322984662
7.300351735233682
-4.790930946150688
-14.210909380751305
-20.277010684529834
-23.02491841020385
-22.858025591921084
-20.24300056756547
-15.566338423095521
-9.17462838495281
-1.5319700495476467
6.622459153852488
14.22865377236063
20.029460438863847
22.843457468792227
21.900067516870834
17.118959309903047
9.227737911996137
-0.3394194526412446
-9.749077177854598
-17.19695457748368
-21.326971716468968
-21.516137766693134
-17.95530915268022
-11.52921653788576
-3.559118785404822
4.501450112877565
11.33718888593411
15.960090289856113
17.80606327423329
16.755356787789783
13.1029801301921
7.498674481931289
0.8618978131215035
-5.733751749005045
-11.21023649835468
-14.656054585059977
-15.489443364096445
-13.580753253720191
-9.303861546555835
-3.491966862402495
2.711057560148548
8.083992001280173
11.597050972720474
12.64850788353242
11.200892627963773
7.7719490915810745
3.279853453909031
-1.2118770929097697
-4.77434635515363
-6.834885985205146
-7.275550464521727
-6.38669881660236
-4.705363841610212
-2.8063723353948653
-1.1235135934561322
0.14370594359143465
1.0214320347664418
1.6723111479721562
2.270768799674441
2.8937045012752316
3.4684125813078
3.7977614768245074
3.651295277844961
2.881276131534339
1.5107188869415764
-0.24724222279428565
-2.048170783237175
-3.526135303359757
-4.404304095808457
-4.560876885296734
-4.032163371158017
-2.9651878820328665
-1.5509507825526243
0.028106719206492537
1.6154603286640208
3.0638443021733304
4.207135724164876
4.851714212043597
4.806882465275965
3.94989584373024
2.300397066209075
0.07004906891084325
-2.3442958017664854
-4.438291117556427
-5.731541962140092
-5.907378396976513
-4.909828970664086
-2.963411598290028
-0.5085012986147919
1.9254988989282005
3.863158375132339
4.991161581480749
5.200289289674937
4.562456949741275
3.26911535293092
1.5639861873537417
-0.30524581916223364
-2.1066666677316106
-3.6220041823597735
-4.6416941901754685
-4.977377844101658
-4.5000840964748
-3.1941535826016154
-1.2030800426035788
1.1585391917237267
3.442438894649927
5.152940847935556
5.865973348138348
5.351122485803664
3.6576957718937386
1.129512664148632
-1.6658740330670008
-4.078144394105659
-5.544516859108441
-5.73692599813128
-4.6418235377165935
-2.5529030621994098
0.014873034034546838
2.4601824712018647
4.239722719959633
4.986780568017035
4.581698787405218
3.1650847438510854
1.095266606540722
-1.1386990065072824
-3.0282347762139654
-4.155750595757966
-4.282510296957181
-3.398638214060143
-1.7246436898789423
0.3394434389552755
2.307584601973721
3.720980322834724
4.253442996065482
3.783872799765175
2.4190740454964703
0.46446070947593204
-1.6451043569243862
-3.4363453836218074
-4.495509478089057
-4.559261846513813
-3.5798430058900386
-1.7452033123222668
0.5551606471525704
2.813414789490821
4.5176618732035605
5.27001848173189
4.87869749797618
3.401659462565112
1.134388894274844
-1.4504397239612374
-3.796848245018507
-5.3793928558559205
-5.820217516095543
-4.983310405542094
-3.0187013053784706
-0.3411880761401461
2.4560021155053406
4.735648716212294
5.966320683059241
5.84974153998155
4.396325756828797
1.9319203930020963
-0.9688918965262558
-3.613114203481245
-5.357472110651489
-5.7748992633944685
-4.7741163330090925
-2.634035843200543
0.0646457175249778
2.5976900814365553
4.301411481208771
4.7607511092852715
3.923152253843132
2.1043055897508784
-0.11320004859123838
-2.0564211432691164
-3.163652813531081
-3.154160841093491
-2.1142159248684687
-0.46813092589210575
1.1633266495131833
2.1768186633025275
2.2022578612742674
1.2422623585697175
-0.3209331882662927
-1.8605881849426793
-2.7374508522566066
-2.5432961875482847
-1.2638002756646696
0.701693693531561
2.673052620961753
3.928468235571583
3.963967755148762
2.679486595114225
0.4249158722649615
-2.1094137963507817
-4.119490538272896
-4.954820679134368
-4.335863975236982
-2.447322549551738
0.12525846275480781
2.594040808406981
4.232728500997081
4.610483852263936
3.7122677320167217
1.9089209516461758
-0.1992017555584806
-1.9955831663524852
-3.036982691973214
-3.160998987551868
-2.4919836886621547
-1.3593740588008563
-0.16506760655199498
0.7538186743678131
1.2236570914546956
1.2648288047634753
1.0468859692010681
0.7891209270633072
0.6496769892943349
0.6522194628622243
0.6842116920359553
0.5683371685961356
0.17225494225688626
-0.49923904945643194
-1.2784287645326597
-1.8902729530483755
-2.0634622347531875
-1.6471812583771601
-0.6848447988773835
0.5845647005154374
1.797101260433384
2.5781367290481403
2.6607968276949263
1.9740820332128455
0.67650107173201
-0.8766284020843221
-2.2275998484877046
-2.9504988998901425
-2.7890503887463916
-1.7538622714085599
-0.1398804707585453
1.5515340100295383
2.7675451666194424
3.0883863337930166
2.3796895732123273
0.8553679893184689
-0.9803096908049601
-2.499959473818645
-3.173333964187459
-2.758473965181285
-1.3899668534587533
0.4689605196317492
2.1902839776687717
3.1983657641287717
3.1626979759135025
2.1026589921993715
0.3740053045768651
-1.4551209396612392
-2.7971992977077553
-3.2428431762866925
-2.694416526401504
-1.3882273828137979
0.20206353725870507
1.5443323264682371
2.2419115444250686
2.168591655998924
1.492809421978635
0.5845339863294978
-0.15269786590861537
-0.4529676389486245
-0.29201260348537145
0.11689318015000495
0.4302224195952774
0.3374551744760946
-0.28694123707368946
-1.3043642877037105
-2.3413576482209195
-2.922883397911553
-2.6623794250318507
-1.4348198341912697
0.537216657479251
2.7227869022396143
4.440440026295008
5.084944115381202
4.345205288125139
2.3340247022981906
-0.4217875137029042
-3.134125932635919
-5.001560806946724
-5.470293485537665
-4.419126154588852
-2.2032530414177356
0.4611781491395262
2.7348619464435906
3.9355021384345354
3.7646542592192076
2.402527691926837
0.43601637567336
-1.3577792176477967
-2.2987605854748177
-2.0588153725603333
-0.7861749131716875
0.9551644624423016
2.410451645234421
2.9317298474314444
2.2284124085394685
0.4777620678588086
-1.7399383483357993
-3.653765039619441
-4.5828403101983195
-4.180213269905403
-2.54785986756744
-0.18326797959899804
2.21184931409512
3.9776651194353025
4.702157933160842
4.317995730705664
3.0691562703336457
1.3768667355046702
-0.32943769534525846
-1.7434854125808399
-2.729072179387865
-3.282058387267782
-3.448183498830109
-3.2509436443498148
-2.668141622587781
-1.6654435247106658
-0.264969629264548
1.3922622565119567
3.0304718997969475
4.288330435522596
4.819845421508725
4.409575928937754
3.058927262247972
1.0098122884698912
-1.3074299340616067
-3.387453488191298
-4.786689257878107
-5.236772966318496
-4.696987161669543
-3.333450607146746
-1.445263561537327
0.6220825186520833
2.5415735481180484
4.037105681775981
4.893819483458168
4.964196359994203
4.185564937683468
2.6146215057378095
0.46432362328791404
-1.889984488593457
-3.9638528630145125
-5.276254062308126
-5.48862259130762
-4.519184528330639
-2.5843872300145896
-0.14576680660979888
2.2194439085615345
3.9760167658091063
4.765816189865794
4.486132104881171
3.29703584704041
1.5600118774792469
-0.273688791591734
-1.790604839096036
-2.7175425750179305
-2.9689600688066746
-2.632940045235759
-1.9118222223944363
-1.044613206104376
-0.23707708325597976
0.3829334720692867
0.7777724642078777
0.9831312125794258
1.0728754197634622
1.1193669389643157
1.1624397014999388
1.1960983301253827
1.17412284557746
1.02926661316136
0.6996212538963418
0.1566555550917467
-0.5713137459638761
-1.3881881487275043
-2.1384955249508057
-2.635477126739095
-2.702754985132221
-2.2225418597493056
-1.1826410738268187
0.29036843507414833
1.927347555491404
3.3547811025540115
4.178516242689526
4.098921821258526
3.021970581763861
1.1226911463099
-1.1692795716519677
-3.2675154212394792
-4.590316034467965
-4.743174688484679
-3.661736142874906
-1.6551162795764631
0.6804289607358612
2.6552303061424047
3.717457592344062
3.634593758032388
2.55765281175986
0.9463068080908082
-0.6140291399239795
-1.629983420595659
-1.8663947203026858
-1.3999241908612847
-0.5506902381175708
0.2684484930665058
0.7187437274883431
0.6536344109053905
0.1495329436031466
-0.5496943589651142
-1.140188968594183
-1.3707399008922276
-1.1229383384123814
-0.4401362520335935
0.4953200361419946
1.4226733356521901
2.078854967266165
2.268016031811839
1.9083341390511923
1.048185028561619
-0.14591235149360068
-1.4196480673078762
-2.4723517473996584
-3.011711976289637
-2.8259187309334686
-1.8635462139080103
-0.29132647963069735
1.5074587514810498
3.0157010293883735
3.735252903443053
3.3629160528450233
1.921159142208964
-0.21614529048409376
-2.422066990304813
-4.006963141324497
-4.43491775934096
-3.496104695423188
-1.3839509381945685
1.3443072532113203
3.9138208226964624
5.546754305719427
5.686934014903365
4.172158822812105
1.3049065042329804
-2.2040428731226105
-5.413393317700507
-7.408408366692703
-7.564547144517941
-5.736649769925874
-2.313972111180109
1.876407062697291
5.789272008827195
8.439839140662832
9.16067217044673
7.765003995280087
4.575998300510078
0.324655032468051
-4.041970252899725
-7.581708733932458
-9.553623362147759
-9.556173944698491
-7.591462904684487
-4.052520666586571
0.3583408200235252
4.7636797207685495
8.276552195372085
10.172397582817176
10.03693058640601
7.859255361204894
4.047839027409916
-0.6388704783754121
-5.239979398939436
-8.793212327891457
-10.547177671891411
-10.13364716236999
-7.655027457548558
-3.6614763245272886
0.9801588470932535
5.292436789815702
8.411930787062676
9.771852219466593
9.199621500274773
6.915942423841608
3.4512568038933873
-0.4857725599034797
-4.151094377896445
-6.8945409950540375
-8.263225356787165
-8.07082463313884
-6.424084115207681
-3.6994239517105685
-0.4671131692914994
2.6296528712256215
5.01678056787802
6.31403236121726
6.405119790967723
5.434136671544496
3.7346099171575733
1.7171929288595331
-0.24856410355101316
-1.9215510795538648
-3.2154673111210017
-4.154103224788942
-4.777052994588734
-5.045507084690608
-4.803962991250907
-3.8305302107020007
-1.9647866816230217
0.7405638251000666
3.9177118373321287
6.893414537054505
8.83471897823518
9.001778579265721
7.026862611807813
3.112483678270878
-1.9417129252273622
-6.915864460768154
-10.505265759518652
-11.705399080366497
-10.118708498985614
-6.084678821277066
-0.5947873059366082
4.978714954989104
9.257445507669505
11.22621234871623
10.493611524986491
7.37403242956769
2.7738054782270654
-2.0804638114464122
-5.9902545086590395
-8.107212855715417
-8.133756382490102
-6.347704132147852
-3.4571540101053038
-0.34679529862727493
2.195354349964163
3.6857162372929726
4.0305602979314274
3.4759598097899933
2.4563961849912186
1.408802702208994
0.6236770358615793
0.18084465578210346
-0.02332980872351753
-0.18547317951233663
-0.48401404318185076
-0.9888343764487573
-1.6241289370423417
-2.196352230881836
-2.471452274475526
-2.2669035549704697
-1.523800240144658
-0.33741587950287716
1.0592712801874267
2.352205059926467
3.2271727725034363
3.452074022759033
2.9368487345303453
1.757306687968315
0.14303698973502113
-1.5638287083392157
-2.973563715830886
-3.732606756421687
-3.615607926634206
-2.6042618473158714
-0.9217185923897767
1.0040322881786559
2.6495319565743185
3.5484723829297073
3.4395005473101636
2.3599711652086865
0.6487099023565622
-1.15362436457354
-2.480702854450823
-2.9323631072320335
-2.410121858939831
-1.14548390775403
0.3887727530565524
1.6512352209354808
2.2241311255638148
1.9538241043894755
0.9904784678909512
-0.28175257862654574
-1.3935254921092814
-1.961439710939132
-1.8176285195685533
-1.0511333816413164
0.047866513351767385
1.1098062937725957
1.819015077882151
2.00565361011783
1.6679831526648234
0.932565014125485
-0.013268469637091848
-0.9795852523348846
-1.8023338516370098
-2.3436411468523857
-2.4827879162720388
-2.1226061882827345
-1.2240322516349231
0.14291365970548814
1.7624135936608374
3.2815714174474584
4.278407248632819
4.37690568890564
3.3749582235066624
1.3426691922295766
-1.3469693141789871
-4.078291562551428
-6.1403999780540435
-6.923770027269451
-6.103401688733861
-3.746854613049785
-0.3124153686837188
3.458307783877314
6.716407845316572
8.699491087926107
8.898243620065129
7.167210643245694
3.7661318874941183
-0.6739996395365231
-5.259565664912628
-9.005152803765018
-11.038945212388352
-10.803238191855938
-8.204819000012934
-3.6727118486636154
1.9018487104426467
7.338375744239461
11.419679795480551
13.171886834296433
12.107782965208935
8.36770681261189
2.711538661462983
-3.6453568844956927
-9.313947118690958
-13.056947424504784
-14.070867128889297
-12.153984828631373
-7.727297867666852
-1.7183235465100337
4.649989526255443
10.109895510045833
13.588530941241645
14.399330993917244
12.361019365164536
7.831272561684954
1.6513452794811259
-4.995175395631524
-10.796475390615775
-14.568050687730613
-15.498332192116795
-13.326939366712688
-8.411834679571612
-1.6684798560026084
5.605203148926083
11.977517370143548
16.151937801800884
17.209758965350836
14.796084531795348
9.226538916127307
1.488129570540109
-6.893455324698883
-14.129822964535995
-18.557504236551722
-19.054781530986862
-15.370550890251897
-8.251521246763602
0.6967929192323844
9.397409397801413
15.835276151975895
18.582339230455144
17.158476044132016
12.121569260807876
4.866012698054055
-2.795879603527443
-9.129390797587257
-12.900495043218525
-13.619021380174583
-11.560151499288116
-7.587940824997533
-2.854108869484063
1.5308011360941274
4.7618532566016265
6.47802946410327
6.75651205632781
5.986206106258594
4.673924414792998
3.253660555434113
1.9654638205047101
0.8392684335528796
-0.22776222868352947
-1.3493519304016084
-2.543697819752453
-3.687692635489963
-4.546746605256837
-4.861534249596737
-4.449534387085215
-3.2773552340345713
-1.4793309456367696
0.6739625810505725
2.83368464517645
4.632624515435445
5.737493247245452
5.899624714877264
5.009885877228593
3.1479847130025855
0.6033269162475644
-2.1532703905420982
-4.55402394997544
-6.0626366849596645
-6.315122111567837
-5.230570211245684
-3.0520254448905924
-0.29431786826577494
2.3928655957067826
4.40336225319233
5.333212807705709
5.067584063872687
3.775157115877835
1.8275054921124778
-0.31552605920965876
-2.2146717067589243
-3.5299626892755316
-4.061353545912253
-3.7564890623198646
-2.699244738740298
-1.091988521081476
0.7658387958208359
2.5096025772705772
3.757914282357202
4.1792269279238194
3.574144706351296
1.9591986654635418
-0.3798098208921745
-2.902514228484736
-4.917653101856758
-5.763629898952774
-5.019754494223061
-2.681193950175151
0.769833136429964
4.441183537507426
7.255060043834633
8.264351238285766
6.966390036136658
3.508231274785303
-1.2983982127043792
-6.174652283472762
-9.730772724390459
-10.87026597646957
-9.118979348076877
-4.784567764044753
1.0989076665715225
7.029931483001308
11.434273106704522
13.08767728647769
11.4513164244021
6.830150995695574
0.31148991110298935
-6.501996857589422
-11.89740234253089
-14.491066394455661
-13.587892770260849
-9.365338068773573
-2.8326900934816726
4.424558648983929
10.647944300464513
14.34857742021709
14.671238001673158
11.589127547925298
5.8885745137357794
-1.0428795479271062
-7.566364876363275
-12.191348628727123
-13.92703768358852
-12.499835823577708
-8.385939300793451
-2.6574434936143634
3.3110707770962424
8.192971520286452
11.020461030006029
11.374387258731703
9.413844240136905
5.7597388059080314
1.289414626995718
-3.083721906839735
-6.584824228384517
-8.679091031518153
-9.107373686658038
-7.881048064155776
-5.257846098562328
-1.7070527954267538
2.1400427758838014
5.567469864765475
7.890051670685206
8.59705406541993
7.489282321770917
4.764150402566391
1.0101963449876532
-2.9062569987980176
-6.0474299978288
-7.65359350110713
-7.361398223155057
-5.316292651395518
-2.1345477795013794
1.2783771430433395
3.9961924843680534
5.341669598235875
5.075825578620249
3.452294474903766
1.1225696633106408
-1.080802339497645
-2.4199433819861964
-2.5010797692780686
-1.4136108774014273
0.29603251255130575
1.8184058905984208
2.3860572835777507
1.5849959897804355
-0.44737437908231803
-3.025511522915158
-5.134029867610715
-5.791665762751287
-4.4335599467520055
-1.1712187087995085
3.1737489310639
7.288884538823842
9.779545915220593
9.634243570513625
6.591083963235811
1.2796309321921808
-4.917034348410616
-10.247056747722871
-13.10897056127168
-12.546893911502744
-8.564917533626337
-2.1546293157080445
4.9803940546047025
10.918915160111537
14.079834687174476
13.670575181329063
9.890271724882673
3.8318559528796245
-2.874401177477692
-8.549858587532391
-11.924938110160644
-12.425247851801556
-10.223292501253216
-6.082404606751399
-1.0807598919487462
3.681603835997542
7.314227253033593
9.269447340585051
9.377297106558546
7.80443048959394
4.9690459274797165
1.4418062725688268
-2.1481094873817668
-5.195675119187927
-7.19399404674963
-7.803467282773325
-6.913940785387465
-4.687743126860875
-1.5634423337826617
1.800705438540162
4.652923030497357
6.327256419831539
6.429606174090816
4.9673586283745115
2.369304964750778
-0.6223803006426526
-3.161657880531294
-4.548032686098158
-4.4383148722899985
-2.950927028978702
-0.6260878111941184
1.7473147989941609
3.3835987711946283
3.7491881778609395
2.7275099758398507
0.650065170631161
-1.8109761385665615
-3.8528149309541257
-4.790938659576991
-4.272824853409707
-2.391812805793365
0.3359539739116071
3.126790748080568
5.1689013486030255
5.870203634043542
5.034964341109826
2.9124959843569083
0.10629100779002768
-2.619913770889254
-4.571887901148257
-5.316665002119008
-4.7793751831775335
-3.22398153875613
-1.1385562659412505
0.925171135294714
2.503555331857276
3.32415948596095
3.3415499933531136
2.7079571693496303
1.6974333313131398
0.610832401167499
-0.3094169507279328
-0.9315564851415422
-1.2435938775383988
-1.3227180075794729
-1.2793185577025152
-1.199113453880012
-1.1077645928925242
-0.9698116419940427
-0.7181156751841171
-0.3002255138019148
0.27819839669272156
0.9332909265351451
1.5161569945860554
1.854764985854203
1.8112414989085783
1.3374720927636616
0.5096834195081363
-0.4759031587252796
-1.353664012650379
-1.8720635888057224
-1.8785080319594782
-1.3733099456931546
-0.5142605421884727
0.4306475188314385
1.1690719103203342
1.4808407797469494
1.2913542635590038
0.6956236591138234
-0.07592215172975658
-0.7385272553528345
-1.053583439541121
-0.9140526714684817
-0.38507653174113327
0.3156313454735555
0.8938495393037446
1.0881447056387747
0.7750573561096868
0.03070104623131025
-0.8790032359054272
-1.5841602377094681
-1.7482940431388534
-1.2089257141099548
-0.06604143920743287
1.323290083132489
2.453625959245346
2.850833796192965
2.2584408434752365
0.7595627213448748
-1.2173100907200518
-3.0214955544140785
-3.997921572485131
-3.7262420658751476
-2.19228391638004
0.1802130028471303
2.65933734604255
4.451757348605222
4.972895928849063
4.040329957202166
1.9254423292568028
-0.745357823355456
-3.196525658641754
-4.743159060285643
-4.987056534561282
-3.9093085088648696
-1.840759456579813
0.6563609703628065
2.9379724481361715
4.421867204315267
4.715137410952845
3.7110274302839286
1.6282575561172377
-1.0256248760959659
-3.564007055693492
-5.282988514322748
-5.639645236601664
-4.4034869424022265
-1.7421657879524037
1.7833224349379773
5.320048597971947
7.908288479816486
8.719627613456574
7.29868417324949
3.742552338175596
-1.2504031760829482
-6.505026492762317
-10.654393602535208
-12.511125430419062
-11.415989177134803
-7.4580046226721
-1.4924929339806168
5.06211745822682
10.599536918507145
13.763810497628912
13.816797461527287
10.822965206785655
5.597554444460967
-0.558881820106201
-6.241853833485761
-10.304914807198664
-12.092908661132574
-11.505902223994699
-8.917743180698697
-5.010979319801486
-0.5989193988166203
3.517419561502373
6.652453504351741
8.322123526589044
8.326921753240697
6.813879584346702
4.276274251165623
1.4554660333687144
-0.8574338223701212
-2.074961222594343
-2.0349670102446584
-1.0921709125907972
-0.014920776446963003
0.3053232566477856
-0.7602809079874715
-3.2481768903216404
-6.479320831629196
-9.224979577678395
-10.129360810710223
-8.242035084028158
-3.4524314449055185
3.352798716187158
10.484685905452974
15.943559500796217
18.04453542268463
15.96567002078535
10.033859557179966
1.6533610918164645
-7.098474425875663
-14.07505299230048
-17.66954593526453
-17.240167064381488
-13.228009823893503
-6.944034659222201
-0.10953631499863534
5.683587113955188
9.405412201146893
10.778132409843774
10.188870299887478
8.39402357216795
6.152317324831922
3.936856566144071
1.8325611537890247
-0.3582541606395472
-2.867170962201193
-5.690989743954933
-8.436499279882701
-10.366757013611293
-10.648078047604555
-8.704369596239308
-4.531498637216209
1.16866022815429
7.1080535632231125
11.761504725502284
13.832828718450834
12.678707228893725
8.538826567822086
2.4854590250533675
-3.8935800313265436
-8.969112704578377
-11.542485102447174
-11.1667373363701
-8.22568222533783
-3.7588734634890937
0.8984330899059572
4.534130261115345
6.399520329478084
6.36889461331238
4.883350515204228
2.719814385611494
0.6825521763975669
-0.6691585448332602
-1.1678057374891235
-1.0222137066772865
-0.6644232765124088
-0.5297034747401158
-0.8578428550938891
-1.5910169880690834
-2.40460341521856
-2.8537318073130424
-2.5727122469599237
-1.4460888812238175
0.3177077451954002
2.2416768600160264
3.7439506164807463
4.343992285756374
3.830153764583916
2.327912115947542
0.2503492302069111
-1.8425566539584102
-3.4174567587987887
-4.11025593608794
-3.7978540931066185
-2.595594971877169
-0.8034220304651282
1.1709056592710074
2.892921579779445
3.978481425109662
4.161702689312598
3.349476025664191
1.6565302500864865
-0.5914817789735374
-2.9014748809575037
-4.706298871589982
-5.493831638641575
-4.944820166207044
-3.047137622870064
-0.15358784676982642
3.0490800204471187
5.683789739079277
6.929829514275305
6.307100748311964
3.8888510991608363
0.33950513303729296
-3.2653038838592954
-5.79076580085907
-6.4445044724999425
-5.074527594226494
-2.2403233754000853
0.9838537818922642
3.4086821014584205
4.180704359497161
3.106088277094899
0.7186223500340773
-1.9328170502328434
-3.6922304507057633
-3.7434660893313345
-1.92878820601738
1.178615492907837
4.47270826310767
6.707443362900675
6.941223713957347
4.876978164364043
0.9826443266170041
-3.645573762021558
-7.628659336258531
-9.743494215772325
-9.310172841509624
-6.401545031031737
-1.810525466979123
3.2059975821927336
7.314646644070584
9.495142844392761
9.311434640626643
6.990577777104998
3.3008155248866573
-0.7171850084261535
-4.0705781361502895
-6.083521988442581
-6.539633233785469
-5.668054152921685
-3.992718738637845
-2.1070630095940013
-0.4605769116679631
0.7640907005313596
1.6450270539313094
2.40174713375712
3.221250961915607
4.106286173866359
4.814988772545551
4.926859511675569
4.018306008137443
1.8836682071426627
-1.2885852276564536
-4.870140420032405
-7.920183482731064
-9.458928081605043
-8.79774636889856
-5.8094489831710385
-1.040194458070616
4.3847875894218475
9.046896274359392
11.636281914411747
11.35118824550765
8.16623872069884
2.87561738874844
-3.1152028115504353
-8.194162384005596
-11.02003856776641
-10.918789087396393
-8.067988570061255
-3.410498217935392
1.6669234010477916
5.775010020888168
7.932826668993166
7.817042456287202
5.784222158193946
2.682683594756479
-0.4645392822715887
-2.793170692658057
-3.840377683055062
-3.6265335884991954
-2.5640562188388283
-1.242467272650794
-0.18192063042048537
0.3463516887027733
0.3704248888288044
0.1374601520475557
-0.04374424292126071
0.04101652542087126
0.4219557906818126
0.9490918183581883
1.3744530053610413
1.4707680126603315
1.1345745896552455
0.4317845108905784
-0.427869620973823
-1.1706170864167242
-1.5587190037810215
-1.4744845787295164
-0.9594234066287506
-0.19579462300293682
0.5604607098617777
1.0683713744040144
1.1792985369179325
0.8773784025377804
0.27340587443313
-0.439299929060771
-1.045316035321872
-1.3605913274851855
-1.26857254324746
-0.7443659548062302
0.12720487088419696
1.1475916032309037
2.031602173802836
2.4755315380953853
2.2552754491575917
1.3203592596538076
-0.1578103524833128
-1.8106692679104368
-3.169336402040721
-3.8039943474514186
-3.4600045985475334
-2.1476947167535787
-0.15800978079209188
2.003588377141152
3.750102221060389
4.578591744953468
4.22303249554411
2.747279939219869
0.5419118710338886
-1.7834144228868634
-3.58245680515401
-4.3700000044689356
-3.9680402155920795
-2.552472535743769
-0.5866807731079663
1.333860933953599
2.6727005694909205
3.115077643562986
2.649887620204347
1.5478242257339698
0.24745882193523402
-0.807909708854111
-1.3227069173367627
-1.237206111255619
-0.7239956399179915
-0.09919921159893677
0.31422209278241003
0.3167662446109357
-0.09213392210927905
-0.7180048757578273
-1.2499472916598495
-1.383990910174283
-0.9469267135009167
0.02261345870361694
1.265557940283019
2.374983677580873
2.931732442563632
2.6578245681128227
1.5302733535239659
-0.18948350989928844
-2.025040421564534
-3.4319108024091323
-3.969982162308919
-3.441104017370217
-1.9504218106727058
0.12014127991036783
2.214499915674751
3.7534895518082614
4.295783270446737
3.666409884915318
2.0169386625178625
-0.20301378389306077
-2.361131164962268
-3.8188530512370313
-4.123484721471511
-3.159522409736508
-1.2053789665512697
1.1352155845006997
3.1156437856056343
4.086645661789011
3.712504432361791
2.0862715264895697
-0.29714243609294905
-2.698754322597481
-4.367184673052827
-4.766958154954693
-3.734887151258466
-1.5239753106220617
1.2713016604393574
3.8830066768967435
5.583297384232604
5.885217541767053
4.675054040404333
2.2387072859918082
-0.8236507256385179
-3.7647478641325165
-5.884666120287579
-6.696224115729248
-6.023844876223275
-4.023069533435204
-1.1284951800205907
2.0468943863668705
4.833418969661447
6.628049337938168
7.010274700163101
5.841275460340395
3.3265620262702096
0.01199296179469444
-3.3126288486851787
-5.802138984197021
-6.795943014240163
-6.033230148584095
-3.759126958702423
-0.666897655049558
2.318122857602893
4.340384078289293
4.890633667552669
3.9561966146314527
1.9956055975532612
-0.24471980033944807
-1.9986346560979895
-2.736145920319104
-2.3220219843417627
-1.030843073675212
0.5774959048317421
1.8708699752104359
2.3672438956192017
1.8890650108732607
0.6039564626324204
-1.050624807599268
-2.523529900773534
-3.329338978544531
-3.1929812909727
-2.121544740475257
-0.3915970606766126
1.5383180699715895
3.162227370283817
4.066096951307541
4.028918628045393
3.060865014292041
1.3820125918109043
-0.6368013634215104
-2.5517359184379194
-3.9344485013577315
-4.465329523361127
-4.014351509005455
-2.682505641549938
-0.782594449035408
1.2409846004744318
2.930088099387972
3.929958857200005
4.068719545557215
3.37994806214903
2.0711083915960424
0.4555294186404835
-1.1281216301202996
-2.3865422238352276
-3.1192722160386173
-3.2404111782636087
-2.7788193622684454
-1.8620459665847664
-0.6868302930517666
0.5212662923584106
1.5520594683696225
2.247317259527097
2.5202514183842117
2.3572345583398406
1.809660705034075
0.9840842442505976
0.030992617578091675
-0.8740630605967334
-1.5615090343230549
-1.9067453390545528
-1.8644405664244552
-1.4831392573172855
-0.8902489936758285
-0.24927209170987338
0.2951252935023771
0.6619359781380163
0.8500139867580518
0.918710582985099
0.9425030438469214
0.9626999749601312
0.9602629469985267
0.8631841404583532
0.5866257508183838
0.08885919453610237
-0.583431045432706
-1.2853967648088822
-1.8110014054916315
-1.9658147596710085
-1.645829674796966
-0.8881842511500437
0.12957538356308465
1.144181923174389
1.8933386467642392
2.1976234583647
2.006234883369817
1.3956967035289647
0.5310973995527779
-0.38998843412583845
-1.1896868172946418
-1.742135758941034
-1.981189644889102
-1.8917067347649317
-1.4968746093649365
-0.8484246887663482
-0.021711864518653524
0.8830451561304667
1.7358655860464787
2.3784874845887165
2.6442855473342055
2.4001035815788963
1.5991650061805063
0.3236810406281753
-1.2042311301834812
-2.6548890418700895
-3.663562400964938
-3.9255488915492394
-3.2874981096824056
-1.8086512483217083
0.22882845418675243
2.371356070334112
4.101197601537984
4.9726171320456745
4.735431118058432
3.4053911040013087
1.2594947447070464
-1.2373644526722303
-3.545112655175456
-5.16508677564856
-5.735558844564861
-5.097390747681794
-3.3292014231661105
-0.7481958495226146
2.132673792067828
4.696101002721921
6.348713325567281
6.657851482480285
5.4641409010019135
2.943975240669959
-0.3960167124349215
-3.803863611125213
-6.444316383097437
-7.610731120366288
-6.932639877735773
-4.512000161410644
-0.9317454207848818
2.8833362961210836
5.921785623931376
7.380655701878623
6.905364826128545
4.692846403374476
1.4221681733142317
-1.9635478460963551
-4.55027886737124
-5.723312031279541
-5.326358960780172
-3.6641199493745944
-1.3596733789370758
0.8739843634045565
2.464602394401751
3.1357511646201766
2.9410684338464046
2.179348366759281
1.236742017600766
0.42605556156946195
-0.11396354752023968
-0.42737187437650254
-0.6654638287784429
-0.9690441593424571
-1.3674325463112003
-1.7435901051153724
-1.8821983721714493
-1.578209287731693
-0.755861601580342
0.45775981627013207
1.743097608601179
2.685684781667997
2.9264227638618245
2.3068015856493815
0.9508542436664251
-0.7523932896809161
-2.265626663293699
-3.0814851046254694
-2.9011319834674474
-1.749834743409305
0.014669974377139624
1.8097121953837592
3.01812182076775
3.198103584767162
2.2418981017359276
0.42709424631957105
-1.6629132198184604
-3.3270297177763397
-3.9798685682616317
-3.350961584255212
-1.5822406935215696
0.8106432684871421
3.101727216693918
4.586955762481306
4.805184471932883
3.675059272148224
1.5083004054328593
-1.096140818028553
-3.435530043120773
-4.904079072280672
-5.151860216597178
-4.160313195070148
-2.22113763889452
0.16488731708082818
2.431583760447627
4.0879020706157805
4.817070832474891
4.518437394543782
3.3001004204663418
1.4406496556529784
-0.6664118566875095
-2.5814682026187397
-3.899947732856685
-4.338180056172599
-3.8065390952666283
-2.4471100968217105
-0.6138293869509222
1.2146082173937938
2.571416929805665
3.1428769143157336
2.8618812376455733
1.918725939160525
0.6845784237965967
-0.4246083358670496
-1.0928724314768083
-1.2031665686520956
-0.8557557442494634
-0.30555797640625154
0.15180551422117375
0.29976046925844735
0.08068561350703965
-0.39295303626644046
-0.8952868512221103
-1.1837754027291298
-1.097428998786643
-0.6206350629005913
0.11155319431279125
0.86838317540867
1.413691920056127
1.5922200355687455
1.3783623291712608
0.8722321955078205
0.24939546027190945
-0.31110257241825046
-0.688198813062845
-0.8464194303124549
-0.825729395703175
-0.7056831899075429
-0.5624946742948924
-0.4379771132881516
-0.33283440722705415
-0.22300571518058865
-0.08571535344712015
0.08079358970365579
0.2548735619244525
0.4070261506763838
0.5212103124065747
0.6042438620709532
0.6743815339853334
0.7373034902254718
0.7684545569578205
0.7151051342757015
0.516686463537442
0.13269372239784166
-0.43217411434021213
-1.1120811872056382
-1.7777497080634566
-2.2522894166126566
-2.3478160499570486
-1.919997781495419
-0.9304403653757748
0.5029815265267134
2.0959661940188554
3.448237289020107
4.1495100784434
3.910635310166154
2.6771105910039936
0.6815799367579745
-1.5950028721410199
-3.554064776616703
-4.664223140906731
-4.634637387449231
-3.510591858696987
-1.6535080884873226
0.38829268578615583
2.0701846508132853
3.0304115367098716
3.1878220552683403
2.7229840104527345
1.9606765387277096
1.2134154616739317
0.6544565516313301
0.2685074384016942
-0.10496823594592261
-0.6571436593130953
-1.4762164629267043
-2.459230334876843
-3.3158247006990096
-3.667825506941356
-3.2037399146257575
-1.824096366809568
0.2797698902932206
2.6447822209170937
4.651980625058269
5.706568334458399
5.426979230622566
3.7824864505254774
1.1309903725224866
-1.8640070859989017
-4.418297608749648
-5.85653818690114
-5.812274200024355
-4.334621550225902
-1.8684975759566325
0.884703749905901
3.180896947249016
4.451628827211802
4.4569792302901226
3.3298341018928705
1.5071103683080997
-0.4229584599298774
-1.9063954553064628
-2.5836897934877534
-2.3776621112736946
-1.4877815346541676
-0.3002679042365193
0.751660407077583
1.3306065911480631
1.294969565563676
0.7245680094450158
-0.13095925117446344
-0.9528639834005341
-1.4608472552516119
-1.4924851775894898
-1.0376209020388725
-0.22755590609289522
0.7117871201709359
1.5280357513862235
2.011157015649307
2.041925793615805
1.6098442823033594
0.803813093176295
-0.21423811073588198
-1.2428796443295618
-2.0756399097199547
-2.533368493822787
-2.4934166460632725
-1.9162172794476393
-0.8687582741443026
0.4630785943837699
1.790561559449436
2.7808249168665022
3.150926148240564
2.7648446184419413
1.6934591800080148
0.20967235436592485
-1.2870605116112857
-2.396387376736151
-2.8493039239921667
-2.594657076473933
-1.8014859292534864
-0.7745376716217869
0.17750553910139094
0.8585769813102604
1.2346667692434512
1.4005556352765598
1.4895701374532608
1.5771097429206888
1.6265950578070947
1.503310865896957
1.0505741204783003
0.1934908867327279
-0.9815443905418271
-2.216407108235596
-3.1522839550214212
-3.4546340730472282
-2.9405008760292493
-1.658251802973181
0.11021770168035873
1.9269695332766896
3.3281383931071744
3.959577663254404
3.6730477892455498
2.559414191366274
0.917799548771384
-0.8273806230955675
-2.241735510046942
-3.0006636691300375
-2.9789854781619924
-2.2790465152010264
-1.1855843641933665
-0.06397307781762396
0.7617960444857518
1.1111780050940363
0.9970766596517125
0.607947552909709
0.22699049912324584
0.11353081811164131
0.38754939097131363
0.9644533484482543
1.5737591888201854
1.8615033946339763
1.5388695277812816
0.5190999243859908
-1.0123382897923205
-2.6278853354177203
-3.787082562932002
-4.023924493826454
-3.1243310543161433
-1.226410465656834
1.1960906098803452
3.4653000017279343
4.904391739816165
5.0506498313223975
3.80771881924009
1.4875233752503307
-1.2717256560527415
-3.6865895724546767
-5.056347743620979
-4.972528454457824
-3.4475697636067517
-0.9222217358671911
1.8540679317042361
4.040612844085782
4.962323242108035
4.328037664185297
2.3339791264542793
-0.3908474792348696
-2.9836159273923
-4.625106385428135
-4.8046446095506665
-3.4859164777353704
-1.116756273056438
1.5241218502118778
3.5940233538376183
4.473851527856661
3.972116844739662
2.3707796420223266
0.2977248520485667
-1.5230423904174266
-2.543739547949543
-2.579426005512578
-1.838763827667246
-0.7959340710573576
0.033383349323478646
0.3134295530985063
0.01727950112595343
-0.5829996486794704
-1.0537692897873512
-1.0032792250854796
-0.2651339454614244
1.0129216837380755
2.409631502402917
3.384781393741541
3.4888100601005085
2.5456628186177297
0.736198860898912
-1.4501106347894384
-3.375841765975736
-4.469035921963601
-4.412079391583397
-3.2390570643401015
-1.3109344610007052
0.8154779099724301
2.57196485445048
3.54986276706495
3.60242252026453
2.8533554349201173
1.620826334075924
0.2929407936881833
-0.7982060176496504
-1.4627809512188903
-1.6774182056029905
-1.5503231999776637
-1.2515005200442009
-0.9395263881858088
-0.709259805294692
-0.5715766745240924
-0.46467344329497545
-0.2899386779414029
0.039162318664106674
0.5510569826904275
1.188220167690138
1.8065947804920384
2.205431308494171
2.18514264060477
1.6207407933941378
0.5279521616083681
-0.9037834912631934
-2.331819563050353
-3.3414927282488813
-3.5730255531564747
-2.855227631465883
-1.294850845486543
0.7215651573590937
2.627634286519536
3.8519689296489044
4.006852264177301
3.02137026383288
1.17137668001726
-1.0024666020303525
-2.8601453019386405
-3.8585254076722375
-3.7168489964514886
-2.4987171367156895
-0.5848056374242719
1.451802581622192
3.0229150742970528
3.696740479469459
3.314156721571131
2.021712287283219
0.21583218196803158
-1.5843411775959009
-2.8942034439206146
-3.3980048362745077
-3.020108993362296
-1.9212323029364906
-0.4315398616385997
1.0536959426762973
2.183282674945292
2.7334594439160527
2.6464666778836774
2.0208547704460544
1.0628484523490729
0.016883240426735176
-0.9019387804446853
-1.553177020816099
-1.8841234819314827
-1.912951361608259
-1.6936157595099077
-1.2800497093050751
-0.7078289133413154
-0.0032422192359528217
0.7861419776423603
1.5604385880255174
2.160785071122057
2.4009608622384904
2.132267875100086
1.3184593195983563
0.08659655020548382
-1.2769173519433814
-2.396149143326368
-2.924257284191225
-2.669766250448694
-1.6798505818587328
-0.24191555386504476
1.2043409332906696
2.215371212507576
2.497395605749885
2.0062901004985583
0.9566535633831561
-0.2604536113904667
-1.2183415419745587
-1.6035730205937884
-1.3224066976442932
-0.529900817189162
0.4276446087781447
1.138990556165948
1.2828265593934334
0.758387629243344
-0.2589399452526479
-1.366867387979524
-2.0819530347610398
-2.0314871183694385
-1.1166510155339466
0.4216596495178542
2.0679018762353376
3.2103466405828827
3.3689826657567203
2.386813659429996
0.5090188200546473
-1.6852635442393291
-3.4772468434857293
-4.258988001548592
-3.7493891010018463
-2.0965335747379195
0.17328488278056212
2.3418246856109253
3.7488455032209815
4.0112458109855735
3.134293566786756
1.482138218301738
-0.3738730367616957
-1.8671887211860894
-2.6260646744260647
-2.572799889472047
-1.9042435680522531
-0.9736399406558229
-0.1304505356448207
0.4125740164460965
0.6325236656314385
0.6564644795041631
0.6589289268255741
0.7535863575484155
0.9329065603098525
1.0810795843985437
1.04765265328518
0.739801256698984
0.18292020978277695
-0.4821438921710077
-1.0606104543749215
-1.3880791401491872
-1.3938103492247682
-1.1159338949453599
-0.6700439357694337
-0.194852943880949
0.19748659841266542
0.44989203622288626
0.5644967871089444
0.5868639614062321
0.577993243765583
0.5846708648789619
0.6202834772096255
0.6635685371846393
0.6720463660039017
0.5992873166395117
0.4081386829468926
0.08067070774234293
-0.3715070977547234
-0.8983814926772188
-1.410575062371176
-1.7903043611982168
-1.9134231527029981
-1.679407748387644
-1.0451466922015786
-0.056068858085841375
1.1365320258185772
2.2866245000715186
3.1020960383445937
3.3236264156852413
2.8092403240646715
1.5942126128529068
-0.09558009693423004
-1.884460386013726
-3.336133704696099
-4.070384207698172
-3.872352712528116
-2.759783148724642
-0.9890340168435202
1.0031758790123064
2.7121398013453653
3.7051619054891103
3.747917750994963
2.8746409864655535
1.3752303346012493
-0.3004131717576032
-1.6900744894387625
-2.466039264124012
-2.5266739980275172
-2.0010914560710193
-1.1709126400540883
-0.344721912944058
0.2633125122427565
0.6024290041279983
0.7740539311770311
0.9454872298449644
1.2295511030197546
1.5924168288773202
1.841828772923208
1.7084235633381024
0.9850554804195095
-0.3402626431301544
-2.019070981491097
-3.578458900349075
-4.456283521837678
-4.197530252597555
-2.643807057982877
-0.04043171064531349
2.988584257914905
5.599412503193167
6.975452210935351
6.585641169542583
4.370226608026037
0.7912963222541283
-3.2714635212735734
-6.751030811425788
-8.684547441851127
-8.485380561110857
-6.119305212536332
-2.1319689453340405
2.484786881903167
6.553839268084892
9.029886020054068
9.283522043243726
7.269563704536329
3.5307311345534274
-0.9607445552399136
-5.072969748524338
-7.8160693178585
-8.590514346458917
-7.316012076363078
-4.41504573919125
-0.6703676508882563
2.9928093240250986
5.737609181826958
7.002000375769375
6.601975305187604
4.738335036539924
1.9190097562039838
-1.1743266542727577
-3.840678662179638
-5.503250662081351
-5.818101179177432
-4.73574134538434
-2.51425444184906
0.3149437762399625
3.0327107903412744
4.877038752710679
5.2446279510991
3.9120145693210477
1.194296900291982
-2.055983897203901
-4.665165238069337
-5.535679608797828
-4.092836676326195
-0.5964695476652329
3.839242138101324
7.566712764188668
8.975101873838216
7.110635622935115
2.1167754548264206
-4.686222871678031
-11.14746456361246
-14.970628969250706
-14.515167101116095
-9.428480854660455
-0.8689133269812848
8.78196438254475
16.63969816155668
20.23786621653277
18.340763090013223
11.367436157505988
1.2769625970330514
-9.048273916766881
-16.712008394298476
-19.699682739630177
-17.463144323216653
-11.009835510853971
-2.4878899669300116
5.56659486896786
11.047047390363938
12.882590432382955
11.24691879678625
7.330737528992212
2.795899105038946
-0.8617655651734258
-2.801183552242435
-3.01815892821724
-2.192400112071615
-1.2947127262639246
-1.1276499829208777
-1.9838830428498695
-3.547710904378195
-5.058845681800711
-5.6516316592427005
-4.723990060121843
-2.195198486371631
1.4338581568318478
5.2288097741430954
8.120206567264155
9.248355222594393
8.238675846418776
5.318954386887384
1.245606447945898
-2.931898478394784
-6.188483442700447
-7.817782218411227
-7.610131489437454
-5.864553096525371
-3.242205053468418
-0.521330229746595
1.6552591812144397
2.9523532120712592
3.3826894679557715
3.2173908345454727
2.8169826737533588
2.458857255811369
2.2305884698575893
2.024562146898516
1.6245197442962698
0.8389381966264415
-0.3782438735788843
-1.870568330184151
-3.3090882280224863
-4.296197637440653
-4.501439550590107
-3.7796052452898077
-2.2321694930115727
-0.1934854998993192
1.8547687404714217
3.418996767476073
4.142026419288574
3.916623066979209
2.9193328546478905
1.5438641100194859
0.25367447016846173
-0.5875257856031995
-0.839505055909643
-0.624177737652592
-0.2737264209719623
-0.20047825381697953
-0.7224147010340942
-1.9084272248617193
-3.5126081769912516
-5.028749673487688
-5.840296654247226
-5.40709368698232
-3.4336199720390295
0.01569234655544467
4.473563743054129
9.111261996118209
12.86823892530448
14.661519372166154
13.64634686922977
9.476265255632942
2.4941696634749615
-6.216453857009897
-14.969833784340732
-21.805400503693768
-24.939517275710937
-23.228516635882077
-16.51941107035323
-5.787688365940192
6.992618081018143
19.23684085652685
28.313859295733636
32.151364211143395
29.732035384063266
21.356123604565703
8.603581420523298
-5.99639289561117
-19.50929820062207
-29.226409735756903
-33.242212971013544
-30.85114123547191
-22.67494879167097
-10.494063197615764
3.1715084094907606
15.625877438785349
24.56820770828719
28.539457928763106
27.15480840125631
21.091595616687815
11.857567038737818
1.4031045116172365
-8.326938900437113
-15.782709937845867
-20.039104856568894
-20.83580299031585
-18.47498722539249
-13.657874342214155
-7.3254683956837745
-0.5258620221543052
5.709611410405402
10.507653166467868
13.308104732644534
13.983655017828578
12.853297309472119
10.548300741595789
7.759786720411685
4.967352019699425
2.2743349824551387
-0.564550404798117
-3.924331958622557
-7.989358139462097
-12.47411782287722
-16.52524689556424
-18.881424276588383
-18.264936552164016
-13.87749739561775
-5.81612488478279
4.760774255264809
15.804019683158472
24.84880403861525
29.65453133909372
28.815418004319238
22.163447047762197
10.853923688154808
-2.884388627841749
-16.26213581615498
-26.565210588950446
-31.75093841819766
-30.86944187008222
-24.23042121697056
-13.294539744390075
-0.3244247723845721
12.120064987765655
21.725295362647888
26.8837014358458
26.97109253413577
22.389142075456633
14.380010979919218
4.678041097591529
-4.897645618003126
-12.801860741393844
-17.996297505500078
-20.028946563082478
-18.981626773015083
-15.340187713028566
-9.845959610895806
-3.3653636923773016
3.2124243336915064
9.054914983040891
13.451319843087607
15.86980793524255
16.008710364100917
13.83815622558619
9.626161955287603
3.9397137437929226
-2.3946303831573728
-8.385409672287212
-13.026721184281122
-15.48384836429111
-15.275845349066545
-12.407177639053725
-7.402977021268027
-1.2229415760073856
4.936171792378677
9.904107363217562
12.798552641786959
13.213558299069508
11.28290789880036
7.60264187808953
3.0422505955823915
-1.4880284037401248
-5.23719065804761
-7.729297141119875
-8.78581929200965
-8.47979431102395
-7.059311117534505
-4.869686132433952
-2.2886522610818445
0.32302399989780567
2.6582976176938886
4.488720756528844
5.674150213442834
6.1546735067138965
5.928651759433858
5.030041317568696
3.5220704676247783
1.5146583872329618
-0.8053352594389717
-3.15478663450808
-5.16918402100548
-6.461454779800212
-6.714293061955287
-5.779419321725819
-3.7512920940792234
-0.9853521387681131
1.9588264435218687
4.4474176299602535
5.942549897856079
6.156574161057674
5.134465109384882
3.2328769198096063
1.0005947986103425
-0.9994589390334496
-2.363911879122833
-2.956143535269301
-2.9097023848827974
-2.530212498845103
-2.137388961017162
-1.9134148024232298
-1.8236513691412832
-1.6469493006118403
-1.103733414893799
-0.02293272537258476
1.530748932919307
3.229819283763973
4.573578408497963
5.061495829315432
4.383728370295592
2.5562217592045697
-0.050181218428918914
-2.7996101997789276
-4.973468549299484
-5.986788262149421
-5.566736073400638
-3.834133078768776
-1.263298244339931
1.462617530642294
3.6504263527472305
4.787770872217675
4.673749485654695
3.456342057472675
1.5678202538220178
-0.4200690560749276
-1.9721865647769412
-2.7397586959698517
-2.6389788319933727
-1.8416122533228114
-0.6932301502302071
0.4049550800756257
1.114406298240051
1.2505153327183511
0.8266512289384528
0.039432951112560725
-0.8006384684452166
-1.3715437780242123
-1.4431805980798762
-0.9505681626467554
-0.016278788280427885
1.082822488792707
1.996353396585168
2.4099450288592776
2.1525735903896805
1.263086254697533
-0.013844298094017327
-1.3059710303819703
-2.2382478752721235
-2.5558916521133854
-2.199558092061403
-1.310092976771295
-0.16963357421220163
0.895186223593338
1.6150587599124318
1.8517907007730443
1.620483482748907
1.0577907902371095
0.3564452117457399
-0.30288052134062704
-0.7960560014083113
-1.0667012976810781
-1.1126030003457066
-0.9636984094496414
-0.6643884104391824
-0.2650461756601641
0.17893204263035514
0.6055442410947076
0.9473337669643264
1.1381556598889053
1.1248704387268382
0.8813731900303431
0.42214490789380676
-0.18899309630483016
-0.8410464563659934
-1.3927908907851154
-1.7019652927019724
-1.6590908352843505
-1.2187412700599822
-0.42391993701778413
0.5828268134256537
1.5735893755784844
2.284013907768204
2.489561374382395
2.082351075719058
1.1170802883900273
-0.19276821155032484
-1.5277864877241056
-2.5477126547418543
-2.9828800085343006
-2.7059574970822826
-1.7657115949671525
-0.37658863477579035
1.130771135365398
2.3854147135614223
3.0626538189800008
2.9661770055214696
2.0903485211213537
0.6442655308115735
-0.9801635435790933
-2.3025093875040574
-2.89591688745228
-2.5374732263858197
-1.3108855343919508
0.3869360522286477
1.9526936568733324
2.774609730582449
2.462711834319017
1.0282401297908323
-1.0698187255320184
-3.0528266237451467
-4.094868460658203
-3.6418315205085756
-1.654188801759199
1.3268976881038175
4.330056442209982
6.277548486376351
6.36782155082039
4.378252156578832
0.7781393848241173
-3.3937829572365255
-6.852352550898517
-8.482554473405864
-7.708434254227309
-4.6902467153461815
-0.28425254536127986
4.222905069788194
7.519949296977735
8.683749939296225
7.460172106501793
4.3172153725036395
0.2581778368738141
-3.5270791347914523
-6.040841458197802
-6.756615588799617
-5.717485486229329
-3.4442975664784776
-0.710647041687163
1.72147818801051
3.3133782992292207
3.851248487744793
3.4306127643977136
2.3593303702498
1.0318585011928543
-0.18363636388604965
-1.0256069566666746
-1.3806598501031562
-1.2845576129177638
-0.8865650119762358
-0.39010942609490995
0.010768933861041467
0.18211641048332985
0.07988442434445048
-0.24362552986615593
-0.6582565649385592
-0.9957632722273786
-1.0986527328419535
-0.8645596981174752
-0.27896526410962286
0.5673797882394698
1.4835498231707582
2.2155213502054347
2.516281807037801
2.2317489190240307
1.3682544984631972
0.10770976337218592
-1.2404653860631922
-2.332521829464415
-2.894250942799298
-2.8003955272369767
-2.105087446788364
-1.016446235578522
0.17314691502846052
1.1759223509643162
1.7877240361532702
1.9355989917763232
1.6838574024861983
1.1985960495808214
0.6821074724544812
0.29958861131439035
