Alpha
-0.0001969530546347778
-0.0017779281025453245
-0.007607878275215243
-0.020413832963959225
-0.03771531036629861
-0.047617272323434816
-0.03115674618543115
0.027458682198272917
0.1264896023530249
0.23571720659879042
0.2995378187787978
0.25946268033173536
0.08617301108068985
-0.19769938196115533
-0.5172908306712133
-0.7688510023638918
-0.8554987165295493
-0.7181470976434563
-0.35098866970648723
0.19749760000259717
0.8317662039603585
1.4204521572839377
1.8130374951791266
1.8657152068625515
1.4751088006059345
0.6129843032223922
-0.6434659864343801
-2.0889934211913066
-3.3870991757040865
-4.112850569076122
-3.863730173110946
-2.423253428170075
0.08324395770351904
3.121548339301034
5.833368142264583
7.279303858534471
6.769231662957227
4.1565025114296725
-0.025656354780381564
-4.65762861959876
-8.351206759972357
-9.89838886109904
-8.69162828847768
-4.952221907940881
0.3219768860198623
5.662258470938132
9.569979561616941
10.947610584704027
9.40028617113992
5.336286927032554
-0.15136876133561436
-5.586131765060841
-9.509747669189839
-10.877793843372013
-9.34548779530758
-5.365956295232435
-0.06641005533746662
5.071926549485032
8.64180238049654
9.71884138927427
8.124134510459024
4.454757287291126
-0.1265062321282707
-4.266700938413725
-6.8364514650828925
-7.253254535873098
-5.621624731115377
-2.653981804189002
0.5974093197192056
3.1062945507977204
4.210461994332675
3.8031352462574177
2.3114267598517335
0.4795026387063633
-0.9481913360651909
-1.5133126568841502
-1.1880005336804353
-0.3288406851136986
0.5246606140474673
0.9072843664467366
0.6266227374451339
-0.1733959574340229
-1.096083415784431
-1.6772933041085687
-1.5941374822749166
-0.8143308610270225
0.3740193741444958
1.4699303409361169
1.96933859282882
1.5936386007832346
0.4362634564444745
-1.0429494159357293
-2.1834679007129094
-2.3912228727628313
-1.4030776539726073
0.5595639742381618
2.8184198568124814
4.454413417331862
4.646632345698016
3.0121732080692345
-0.18422853962076052
-4.039614996700495
-7.258368169650939
-8.57226807129354
-7.207125149502862
-3.2336016784489408
2.345667641040982
7.844572857841285
11.424778628182361
11.735489771537011
8.428854503360004
2.3491671415773236
-4.693834623370602
-10.503392212545084
-13.22859579903254
-11.994614304018922
-7.204695798854186
-0.4024106701105606
6.256176528236916
10.727511529716086
11.74572967422313
9.203403365089143
4.129498298885351
-1.711692555859872
-6.444473892835607
-8.69970459996249
-8.016056015067296
-4.909956592990186
-0.6247950473614787
3.3279275436438316
5.673624908020775
5.769773116840076
3.7785712136367104
0.5688239655378519
-2.618463368529583
-4.61794585696412
-4.733966554864218
-2.95017029243731
0.09129627498237713
3.3134242234331635
5.556672026583077
5.956727361588258
4.235046565612252
0.8100272192938609
-3.3104948653064814
-6.826106934901075
-8.54228147090363
-7.749577725608269
-4.4659051986806295
0.5307647398366194
5.886899047436843
10.028724537216908
11.605184173756165
9.909663817787091
5.158962829768744
-1.4785109688037656
-8.155116908368635
-12.865991222855873
-14.068381705505836
-11.198753788822787
-4.915302567727879
3.028794251833679
10.273759455151714
14.578304530419047
14.556543610461617
10.171796673801767
2.792520073863047
-5.244652299076609
-11.42996052018129
-13.938149622426051
-12.219029776119672
-7.106615034923211
-0.43177560640463697
5.6839072629173595
9.563899904026973
10.46534168310088
8.668834493657258
5.190960806460754
1.2848616763763405
-2.0446472687244928
-4.321270445391205
-5.591207884460217
-6.179938227701847
-6.361860339031109
-6.123223928235004
-5.143008664738528
-3.002682894478368
0.4791657803141095
4.956868068172185
9.472885819046663
12.659139965769185
13.183666246613795
10.284996753916035
4.178556179132774
-3.848916606499922
-11.72955022123799
-17.214126651746124
-18.583360738819753
-15.224848979894016
-7.871683559471382
1.587654516770027
10.669068168564925
17.030857882651613
19.13923460481514
16.651734171719554
10.426065444007582
2.193733633149525
-5.9682667840483825
-12.198227816270434
-15.289450414832704
-14.905021361542289
-11.534479549366877
-6.241637073378907
-0.31576734301962694
5.051814787883966
8.98251634624097
10.99152720479186
10.963406072551853
9.079219527502476
5.745603404560871
1.5433080139320048
-2.820687989801012
-6.585427868181792
-9.047998521801746
-9.705431642127998
-8.393385450562597
-5.375346000480037
-1.331002850887775
2.7925320719123925
6.043917994612453
7.746770194874216
7.677060792735859
6.075483272479035
3.5089705496475845
0.6531893949369072
-1.9115671246677886
-3.820698228480437
-4.938766490334481
-5.288958371405608
-4.951467504591453
-3.989538681235363
-2.4413510180927753
-0.3793718568966039
2.000402640142013
4.322684513900068
6.065731926208579
6.693560910635252
5.845453247015532
3.5088679363332873
0.1009777193586488
-3.5880824101214213
-6.59030280839419
-8.04388789412892
-7.477662613170482
-4.990401755374433
-1.24508945077684
2.733000698910997
5.8850119774154965
7.4508777270969295
7.179054770146749
5.3403404136558095
2.560164184397753
-0.43848769734769166
-3.0624591957418494
-4.961602656995029
-6.010854682122574
-6.205114928557736
-5.54581742884526
-3.9984240116377476
-1.5565304264464834
1.621812783476303
5.092766672660505
8.113498802450282
9.788405231406676
9.351728129193553
6.487527949855193
1.5522496968286266
-4.407220359372085
-9.874700476575804
-13.277634028499815
-13.472637224836184
-10.144784179091051
-3.979595424357886
3.466693087873092
10.186605495935764
14.321060768090778
14.74258320659614
11.407172561727373
5.34182072011882
-1.7201500593507777
-7.908984303081354
-11.781207900462869
-12.681464310890057
-10.798570412384432
-6.941231754652166
-2.1710612132149385
2.5361528571341454
6.477765711136597
9.228044895108054
10.523472437300182
10.153987794882413
7.968373449369553
4.016410113518792
-1.2556350675812349
-6.901314405999009
-11.582082777311673
-13.908181920734052
-12.913528642277754
-8.481130388204885
-1.52757721529576
6.1659237237269116
12.453248742385579
15.494894067985632
14.364443217506754
9.370374220301622
1.9763184501526327
-5.656299245367715
-11.351587898152992
-13.600249763872181
-12.008412944120204
-7.363952063886845
-1.3089198863510734
4.251091788712616
7.784042831694447
8.59354128878768
6.954280146330324
3.8927378310641974
0.7191504893539021
-1.4944303015187093
-2.2862957969411295
-1.894990150540392
-1.052294199684154
-0.5788925248020572
-0.9612989897075894
-2.107796626203076
-3.4040695162860777
-4.032192948357175
-3.382022675106027
-1.3568416184315069
1.554287734592702
4.453823883631467
6.377710633725595
6.659837828025054
5.177280383261214
2.385544250534437
-0.8648427284075803
-3.651631640815968
-5.3053910854397115
-5.599628718549335
-4.74286147127899
-3.206197855208195
-1.4875708562805254
0.07344394815990962
1.3570041098220236
2.3979169528751116
3.2528916985379306
3.8842851494120465
4.127450700777949
3.7581768521875727
2.6214440040181253
0.7557412718677935
-1.5455194601722184
-3.768693504949289
-5.312193123252947
-5.681128574127744
-4.675193347211759
-2.491371488125618
0.30743316758264805
2.953461876085367
4.712834780904663
5.122937333735905
4.1455950319924595
2.176985919420493
-0.09474785943795562
-1.935245149507056
-2.822118166254265
-2.6164362224136437
-1.5824186427599494
-0.25545366240953404
0.7794867953618269
1.1094353817959337
0.6364030299331785
-0.401550475144005
-1.5307857697512202
-2.2250057557533465
-2.1055203622252825
-1.0859020318889976
0.5925921884281625
2.44308171970629
3.893693393165808
4.464984938128579
3.907784594520824
2.2683088877536774
-0.1241995294492765
-2.732412614047298
-4.928960748694747
-6.139393863765877
-5.985993157728296
-4.397539926082022
-1.650637707907325
1.673489270077274
4.8096574687299185
6.983157162303055
7.601974047581666
6.421626717097144
3.636831775102191
-0.13366039192541848
-3.97763088235693
-6.911834296566621
-8.144568277158536
-7.3089826028695235
-4.594634008183086
-0.7239771729839184
3.235764531533261
6.179451223529595
7.298046360143766
6.3314785020342
3.652836072882327
0.1497111279865608
-3.0629293220289653
-5.00608507228779
-5.157784083850087
-3.621764644261155
-1.075496638964559
1.4935647757126234
3.1651640459362023
3.4254648752936
2.3307547381611715
0.43523695814723484
-1.4692873618579323
-2.6747605930323037
-2.8061554176705754
-1.9164970040621587
-0.41270480576596524
1.1390226388823057
2.237201744490337
2.6071607859261627
2.2503628944743452
1.386710736071659
0.3375456882032193
-0.5958431270685048
-1.2214632135894279
-1.495135100638405
-1.5021553286198788
-1.3908159326443927
-1.2839545362344478
-1.2071222783348112
-1.069281199559873
-0.7086940276445306
0.014145284263104957
1.1136294111006364
2.4097293626147924
3.533441337235314
4.025636592448703
3.505438012259453
1.8481897062962667
-0.697750575782769
-3.51370096429779
-5.756508618961461
-6.618541604854388
-5.622401526038809
-2.8443443537533786
1.0309565519938084
4.871802558509934
7.4436747802045184
7.825895685223237
5.754508317925769
1.764886909132652
-2.928386906052049
-6.793242464121986
-8.481459197897896
-7.308505656983034
-3.5386669202221985
1.643809447459606
6.491248612021735
9.274423998398182
8.899025769244282
5.333762926308362
-0.325232986265708
-6.2017975234391844
-10.285156017699075
-11.136643655699407
-8.395078114963622
-2.89858920907783
3.6123842797430106
9.093394019758545
11.87449222975372
11.18292957199486
7.3489864531902604
1.6502718099173592
-4.141968171106699
-8.361867699507147
-9.98413074510493
-8.90247639757114
-5.859248859984464
-2.0747444253652723
1.258608339999643
3.406833900978473
4.280885313528294
4.319977116342277
4.148447864110497
4.1850851082247775
4.398963395095118
4.326177384017249
3.3328053007184693
0.9956168843504477
-2.578126295690006
-6.643728584537816
-9.990543182841837
-11.343779964918447
-9.851095744675513
-5.468526136357047
0.9089146723352995
7.64097250689814
12.815590122155054
14.851698749400136
13.02605836076157
7.739917195110317
0.427938738223802
-6.868454795198437
-12.126288933857683
-13.958283184306152
-12.019782985154002
-7.0771399615682915
-0.7243220028737237
5.148869156394479
8.954182129959582
9.867803597643071
8.011013746691683
4.308505799184944
0.10229516758095616
-3.3229239971516242
-5.132041843271507
-5.1254805464071165
-3.6860371209586344
-1.5481093048186103
0.49764102264824017
1.859016253903777
2.292604127808094
1.9227848826866483
1.1319326096070006
0.36354351851385536
-0.0821590637208801
-0.17195329681192378
-0.1253750963730318
-0.26801825997420653
-0.8237589131442496
-1.7470580997014478
-2.6793186279606607
-3.0643822374264427
-2.3915276417302866
-0.4700373214313395
2.3895898729533283
5.384749437039923
7.441854514204211
7.585139494063903
5.327808287964472
0.9394632970782893
-4.529187522333557
-9.50512138983593
-12.368164983120275
-11.983991476340622
-8.107360409020078
-1.5190467167574622
6.140100637237373
12.784025079978168
16.439047103543146
15.810104064101429
10.70718639772483
2.1988302619938547
-7.580275641531986
-15.948220872830536
-20.40650248389974
-19.391830796094332
-12.822569781000452
-2.242951239655205
9.524060192278407
19.147822775677586
23.770311712848766
21.89452560329808
13.887514419218512
1.9162710112932293
-10.680036609123286
-20.385986826821824
-24.551651108821225
-22.14607085834307
-13.997120156371688
-2.4738056282632708
9.254898112277127
18.13689638804704
22.05402375819685
20.315351361911762
13.717615982790853
4.206330055617638
-5.71659470379548
-13.650776719146128
-17.854890186227077
-17.593446872839355
-13.22317031610973
-6.024442580012924
2.162344527180414
9.392026613875794
14.049349819158298
15.177513000929235
12.651770466771847
7.179503287177207
0.13179696696824145
-6.765595494936755
-11.828939928037668
-13.823029865541221
-12.281760340543334
-7.64848649023406
-1.1754073982637703
5.4139072988456896
10.413532698168108
12.621418513776817
11.65347828554508
7.980570784809094
2.70028289923561
-2.841706202825001
-7.429870308557707
-10.23916340151949
-10.928574189613707
-9.587976930480885
-6.604139389754205
-2.52241357105879
2.04345404592172
6.446697799132332
10.020883509620296
12.113610643309942
12.169421802515215
9.868158430948595
5.290248815441918
-0.9581654418748532
-7.742526902208277
-13.575792621783059
-16.963452304136936
-16.82883741737434
-12.87748373093619
-5.7587228725251
3.052114015910988
11.610399025703865
17.96760076336232
20.61568537025311
18.82707416095029
12.836368698310368
3.8304539849445134
-6.260436582058614
-15.15342493994598
-20.73286472204962
-21.592712954391384
-17.451048524070664
-9.289835942610539
0.8606133809634688
10.456631443873912
17.141650607527623
19.395066135305342
16.927291738816425
10.701380048504173
2.5859469664197943
-5.233115708317844
-10.881975420246564
-13.272999962810756
-12.30038176824338
-8.735875850052688
-3.890750928326723
0.8319021506784564
4.347105216266497
6.135968045220015
6.270992350726934
5.2424777099632625
3.6874909640804012
2.143512654683118
0.900420765906869
-0.030671531342384543
-0.838700554624946
-1.7552361902749118
-2.879184350453825
-4.056447918435838
-4.876152150252254
-4.808406132303558
-3.447371723608886
-0.763888073219358
2.752769994857147
6.155153812265686
8.311034924391247
8.30487418761253
5.817290987928275
1.3279210811177584
-3.9552819768128233
-8.440129495352899
-10.664834066391153
-9.806655394599737
-5.996367029766387
-0.3141848734691212
5.541546677038379
9.800563378655438
11.190174759858092
9.33198823974681
4.840184639473477
-0.8966579075954256
-6.1679853748871905
-9.476219083759519
-9.979021109657094
-7.702470819497521
-3.47551900850802
1.3720178626300492
5.437576323919806
7.660636365755021
7.603975496045019
5.531504318480145
2.2697066024839376
-1.0994852140538278
-3.6084462470276266
-4.703267297907933
-4.368344662078729
-3.0466767227807847
-1.4052823249510455
-0.04673512064556306
0.7120530882918772
0.9019453237274182
0.798056680586653
0.7294200554017299
0.9091519437397735
1.3627465847774256
1.9643497517197666
2.5225616857431463
2.8412482360518534
2.725742022829017
1.9686469985689246
0.3827229500115157
-2.0816133429584367
-5.17210958200509
-8.222579396977535
-10.201905492821563
-9.985624488369327
-6.804275207089316
-0.7003384950842909
7.226693992355641
14.949925633832084
20.042513006932573
20.460946256214992
15.318343489686507
5.355343090167965
-7.100002642867328
-18.723459002721654
-26.17581658596359
-27.155689528190965
-21.16459172018041
-9.718383489159647
4.076422609296847
16.4547834813312
24.137376168005893
25.313346644541856
20.13698330998057
10.579510882152348
-0.2985407634911315
-9.387457788852434
-14.510250744418718
-15.01064688032205
-11.768594393422147
-6.67986708818997
-1.8323347257165001
1.2844184956233038
2.235123713544123
1.6191606090386137
0.6365055031692689
0.45609725726398537
1.660700315082919
3.9917175453547133
6.481675151335416
7.897858198048108
7.297565282186412
4.458458703033328
0.007563009361195749
-4.792893478358527
-8.501387462929504
-10.011308781176098
-8.934338793577288
-5.716580271641267
-1.4502414108572248
2.5391917069480887
5.166533637559513
5.940012445055848
5.064408506942446
3.2688664242855157
1.4495173045559888
0.28842317607098084
0.005288381310346313
0.3295736475867494
0.6866457101666494
0.5067983836411926
-0.48204230040418894
-2.1053070175732875
-3.7956618167341847
-4.821524396575057
-4.595207282598277
-2.938913776350461
-0.2024479607268403
2.8216642349864918
5.164290319586268
6.030421581392869
5.099275708908757
2.6584352726594886
-0.4796775855482925
-3.2545498561765074
-4.735437646512353
-4.464779449549
-2.632230128702489
-0.0017473507699726652
2.3855990290489686
3.613366205717828
3.234496569105282
1.4289124897467043
-1.0760879403632555
-3.283469716351627
-4.295935172503474
-3.6444108734672156
-1.4629448284780309
1.5460939645823493
4.344028760848594
5.910979903624626
5.60648807263283
3.4086246586186904
-0.05921474031813627
-3.7301063793746225
-6.452823942462853
-7.375384412695939
-6.214181830293486
-3.3188594577224015
0.47682046330784394
4.144765942605249
6.7718139951506435
7.781734686504233
7.022753654228831
4.733865361141406
1.4364297677374036
-2.1985710290418217
-5.473286398380762
-7.764991339414916
-8.61220449677957
-7.788210716506969
-5.353226810773625
-1.6685912409180539
2.639095126324041
6.76328627786271
9.84360975670617
11.12374600183366
10.126417805645582
6.812877537133427
1.6754780179199347
-4.2894192509385975
-9.754371642319677
-13.358550516763595
-14.063023664616885
-11.469227103123892
-6.001923946718476
1.1211723387004937
8.156667662514538
13.28479142882431
15.122213775199857
13.154559774259445
7.946162208431355
1.0198357724384375
-5.602128476038971
-10.06334670149972
-11.303500264340956
-9.400014869490384
-5.473728524578971
-1.1952466701631062
1.8983274261108625
2.992203810276013
2.256726692575429
0.6943696974132992
-0.3546484463263009
0.15554495385736225
2.4642339538467017
5.826437688230824
8.75568178003241
9.605698682737916
7.2707033179115035
1.7295716105761707
-5.789675802993912
-13.11115538528235
-17.792498741854125
-17.95863855497487
-12.998016545998505
-3.8733983303644983
7.072350029882168
16.776538554609356
22.393127859532967
22.19910141644666
16.147498876379657
5.86965068883084
-5.85847238002007
-15.974588243356541
-22.001256538108226
-22.65069906413984
-18.02236311890676
-9.415545784438574
1.1065090577979309
11.23182468807337
18.861510764711856
22.4546808943017
21.254854514447477
15.41651532360912
6.025842625814055
-5.022522385047429
-15.332237298565097
-22.492144245490906
-24.66258029543645
-21.10692281418966
-12.489317658054096
-0.8044752524220673
11.086202455917345
20.202939751105163
24.266503082399492
22.34216701162192
15.112858907645494
4.691479775398226
-5.991316030192093
-14.060739369622327
-17.568635747959654
-16.07243598153118
-10.71489490977216
-3.7638572322601256
2.2337315935088884
5.380370351421595
5.09636665723163
2.2754256886043778
-1.1349758045764504
-2.970630018562954
-1.7823642178578876
2.5040706282316605
8.468719254690326
13.6824982757572
15.625780846995973
12.695830370897875
4.918262531957986
-5.91219638381907
-16.72813136030746
-24.162852140629216
-25.670299579067112
-20.405852072421855
-9.56089409941476
3.971907053979798
16.493886278681284
24.64934565242407
26.435661919225936
21.742181820425113
12.263811300236751
0.8579612919500669
-9.402391372005518
-16.142433254471225
-18.272717682031892
-16.10485492930816
-11.02757287729175
-4.908177541538945
0.5543645297351006
4.310069523904095
6.133089725129666
6.471156556401852
6.07339920788679
5.57833589903077
5.239329440535607
4.884573193911535
4.0956330810672466
2.497570527207771
0.019361311286516168
-2.9926620531196075
-5.857453809442282
-7.799335274861285
-8.238429038336342
-7.007810309682331
-4.413067699385555
-1.1209357134382067
2.0696891466495266
4.482978228707864
5.7535438854745395
5.88437150753202
5.171281516588746
4.0438373694588865
2.891795659761101
1.9296992378123656
1.131612000843693
0.2592794851490723
-1.0107582949819016
-2.8937207351214873
-5.307659332730393
-7.776381065772725
-9.493047633900677
-9.555894842442974
-7.311847150614505
-2.685200464784888
3.644965234686925
10.311240904703519
15.575121314800848
17.812566107486283
16.024054328906047
10.206962643285001
1.4605677460076512
-8.228595296615982
-16.47729664328855
-21.144720517549697
-20.940814395870728
-15.81901686467964
-7.0219806067293415
3.246954902738549
12.433754481666124
18.338564826029152
19.697372486056896
16.4703079098375
9.773086896511284
1.5020234257742562
-6.217882830731471
-11.599378988484023
-13.623493381353237
-12.235403134284306
-8.272511038037154
-3.1491934857666806
1.6131858618070376
4.854614759398428
6.074498091487796
5.465419473590026
3.703650517220124
1.6141029849979942
-0.1322325832778568
-1.1707525385887376
-1.4282698274097017
-1.0143233093641315
-0.11806736588882867
1.0322683760000957
2.1571041129347193
2.911366999982977
2.9195725992942463
1.8826765455580874
-0.2660365477133293
-3.223172423359205
-6.279423215053407
-8.446606257268554
-8.750581767289885
-6.611386852970223
-2.160596784507187
3.661267011071739
9.308018909081737
13.08983115640397
13.73953068375375
10.872285649972344
5.155877377897933
-1.883027118840959
-8.346833587155661
-12.564883716653041
-13.585874171176263
-11.407497224762254
-6.891827033014768
-1.422506270664111
3.560795126056944
6.985648513033909
8.393026082192014
7.947916963973243
6.246572450004401
4.021502032756282
1.8682929659953964
0.0918750217261045
-1.2907092582774038
-2.4234359106957992
-3.442249531951649
-4.350881183431434
-4.989713391025097
-5.094940919875827
-4.411839435454483
-2.813296768230765
-0.3811588089862332
2.567594451273445
5.504646259703103
7.757821652255264
8.629074275013302
7.570389471541442
4.397264200571822
-0.5239984542735092
-6.206439594168188
-11.17018200677759
-13.793037052738063
-12.81987369033817
-7.8765859523144135
0.20863734960939256
9.443157371577096
17.129304596612165
20.65547310712252
18.38368264220384
10.326167089416236
-1.659197733928434
-14.281740092406803
-23.75668164761712
-26.987178844564397
-22.600991579749078
-11.48405104307447
3.3901052156808804
17.805174059165772
27.56564906299272
29.781998241622777
23.766566837615144
11.248495024147255
-4.1629109913303415
-18.087593163748604
-26.6922234407391
-27.79521884302982
-21.4286252652076
-9.71706493346756
3.8484316070666433
15.483869562381946
22.190509885810556
22.53365133083054
16.933218735575842
7.411762030756646
-3.1070491606629704
-11.716098128964
-16.359774076073546
-16.329838162478328
-12.292967214932595
-5.889259581341348
0.9125778700522977
6.453827573879604
9.800511252828898
10.822597583822972
9.968288709490118
7.8839192367716775
5.074969482304093
1.7609856988992403
-2.029539015280464
-6.201100874187272
-10.32874603157137
-13.554718693313973
-14.737539366343817
-12.835893643830582
-7.399978149823371
1.0289368233049894
10.810814431530211
19.50302559325458
24.517678786818994
23.940257770967477
17.227290409007324
5.532504018123569
-8.471823438577859
-21.260595714750792
-29.433862747207876
-30.708728781888837
-24.603174968226888
-12.588833656486177
2.3320289871448656
16.479817166675144
26.50214655872352
30.223207664977913
27.109411601208155
18.264328843474573
6.015366068938212
-6.741896721214313
-17.24555885805004
-23.451693854820682
-24.398986204937337
-20.310980431690492
-12.443529741100736
-2.732792570413635
6.665286439586283
13.841580964495202
17.51187975095235
17.23566666879887
13.444307784758957
7.290079524929243
0.35721890618331975
-5.709474702849108
-9.58861756517432
-10.588331612705764
-8.788882155234054
-4.988517588216902
-0.479594354085893
3.288857882850953
5.095943537824425
4.305358020184688
1.1089761031162528
-3.430387074946366
-7.602606030778026
-9.534694510213317
-7.827335310515441
-2.1486832837269834
6.4356034247005995
15.56490186078619
22.164155541910954
23.384768543488292
17.63575762834493
5.351429256351599
-10.824575218098502
-26.592986258030418
-37.188995538472525
-38.86094113706995
-30.1561524907825
-12.56819583967615
9.704406288515296
30.85190070410349
45.087576165781805
48.33332820385683
39.442061196394285
20.577898096191653
-3.370786771439246
-26.17472469745687
-42.0247370252793
-47.13482740442363
-40.7116243372688
-25.02730848968491
-4.61751919450783
15.112390887630253
29.42491405864906
35.466300743407025
32.82893340965185
23.357267345178244
10.335285735601401
-2.627411040529485
-12.630222716870408
-18.12695709905386
-19.043528252028057
-16.427476863581475
-11.833803366902577
-6.702980646833292
-1.9529753676394959
2.0956754345054183
5.4920172357541786
8.28955278406896
10.26275519455886
10.87434353748953
9.531089758151978
6.007510931284837
0.8080160116323012
-4.76407213033842
-8.945291078411245
-10.174291099876305
-7.805728124153956
-2.535415718384472
3.7064747008972163
8.412642159940043
9.4739135246906
6.081377971772946
-0.8296638910666263
-8.808397968160037
-14.735400817374524
-15.98136074685458
-11.44362974192138
-2.0634090974010717
9.391840672162859
19.22640839557772
24.08066834731971
22.10464584061142
13.614486385987284
0.9976123011728009
-12.08652813817953
-21.905405384234577
-25.818741572584525
-23.021089125460477
-14.652379911634311
-3.2982336327050454
7.899487379657406
16.194680896039383
19.941402722903945
18.86962765398684
13.926180475910503
6.812303230247659
-0.5892558442570779
-6.712212417423128
-10.604830160391659
-11.992995641440913
-11.15248249621735
-8.678777322700759
-5.254785922128773
-1.4972516554095872
2.090156628296273
5.091349440745495
7.145423908947398
7.958451362768221
7.371028307501183
5.4527381268814
2.565737291490741
-0.66135804530805
-3.4709262734009676
-5.19235046290829
-5.4630437962895
-4.366299878970116
-2.4167975490012648
-0.38106703175428236
1.008527528666396
1.3385394387086846
0.6829948281964595
-0.42313872722574813
-1.2121817361926064
-1.0312546347111051
0.33867967075997185
2.5385921652237533
4.735120851494109
5.938830821831699
5.410673627580827
2.989315319856058
-0.795590848170418
-4.870957973806541
-7.97556738636227
-9.090880383428283
-7.783528736577472
-4.338883373272394
0.3354559479669472
4.972595691466764
8.28810250707479
9.326861844962359
7.747999647373081
3.9711286319496457
-0.8886129971678915
-5.319233666425958
-7.878096020831934
-7.680042258404419
-4.736115099897153
-0.008622222322128415
4.864429947463488
8.105290285852416
8.415230242556527
5.454545460850331
0.008514332835495632
-6.223650126385099
-11.153307729251898
-12.976749944222593
-10.784386794462177
-4.902959667415831
3.14967040747075
11.091834985992838
16.55627240293737
17.806351729999246
14.267013549567162
6.708962532472445
-2.963569117549054
-12.245417785548813
-18.710793566477452
-20.6391688461205
-17.4304619353837
-9.740081925220148
0.6604348155452033
11.255875831890295
19.339130413003247
22.662737146637692
20.061519983002157
11.87780230944589
0.02910825703364528
-12.371917239186939
-21.81062450655407
-25.388617936909775
-21.758909250806266
-11.651197596923616
2.2282460200755705
15.93218200795368
25.434542350911226
27.85842660989284
22.375418961443216
10.480906239738474
-4.4469540170693245
-18.16314161188784
-26.823206066908533
-28.106439773253886
-21.85276616137551
-10.030813591535155
3.9271463524666106
16.185627401827247
23.61623756495118
24.625425562637833
19.476318504937527
10.049576215752584
-0.8364344927486892
-10.30340218345385
-16.2080152855059
-17.624052259487915
-14.905905140554907
-9.378537777439801
-2.813075082504863
3.118352801599385
7.256052670973475
9.149384330524352
9.011830244467046
7.475851688217765
5.257823629305663
2.876580405378343
0.5422809451798442
-1.7503041711769998
-3.9980348884303933
-5.982212512636525
-7.215766743041037
-7.098378287589142
-5.219504368198227
-1.662875383209367
2.8495113421778973
7.074500720079158
9.616674694806688
9.427266346721009
6.244982509013596
0.7958302119042684
-5.355294023760359
-10.275844827988132
-12.295914746879829
-10.573770748623303
-5.413772213576303
1.7639794270455207
8.813569186766744
13.51547449278069
14.292928088624125
10.756823964761955
3.8850918706495885
-4.248721557189462
-11.12885506726391
-14.619339918690462
-13.671665749840562
-8.669464705767426
-1.2865220879355934
6.091631535517538
11.17341421032388
12.508031247648535
9.920804955891457
4.502951461845805
-1.8209338926834129
-6.977039939827659
-9.428035885846828
-8.631709975232546
-5.140392852966661
-0.3326939272564476
4.111370754195429
6.796356297370296
7.049539669903765
5.069310722752942
1.7570132611679845
-1.6783147328413663
-4.173619792847465
-5.146936439287411
-4.607974937308428
-3.041806063055865
-1.1426601372609935
0.48462362974893003
1.5365513390927055
2.0592319593978416
2.3265895826619927
2.615385794850752
2.993203218020234
3.2336532430778537
2.913081039657874
1.651512013299204
-0.6174148089783776
-3.485157091618787
-6.111137222956278
-7.484500305661412
-6.824908316197132
-3.962830611186884
0.4767245754636713
5.195035913689237
8.632353127945573
9.535008863058566
7.458944291802724
2.998170100595053
-2.3738395408715824
-6.810058481701748
-8.762250833618374
-7.567154720180841
-3.7181778935324408
1.2962198945385965
5.54268164617672
7.377092970335222
6.078632818649155
2.1376640623556553
-2.9166940269553185
-7.087435522004135
-8.661299108005291
-6.856963292997858
-2.1327909725563625
3.955174771707019
9.294083394465206
11.958316273565238
10.886348216607189
6.250438860974127
-0.6007691862653017
-7.5921406415368216
-12.600930554490814
-14.13373338544455
-11.777724698127978
-6.286082591134748
0.7094207325358101
7.241063261569634
11.612169029296282
12.86803051221595
10.989330615895621
6.777112008956465
1.5102955556652788
-3.476217962765459
-7.143809389809901
-8.941970949962263
-8.826016360340866
-7.141691930509111
-4.444148098822445
-1.3238039072440602
1.7070502728384433
4.250886030609732
6.007903022039048
6.750798134935595
6.333722406595443
4.750093046805359
2.2110393596113056
-0.81603099220545
-3.6624879884257644
-5.618361384865701
-6.155968870728423
-5.1334520336508955
-2.882492851230388
-0.12280337326408466
2.2788031268211926
3.6146280926636143
3.5855884628398056
2.396439195586119
0.6624193458653544
-0.8370104389237663
-1.466185997452543
-0.9870537761791857
0.33979562863995194
1.8520820441946821
2.7534965299452994
2.4535358393618485
0.8395758042518197
-1.6411109870423832
-4.130281880214209
-5.675017693347212
-5.581873685609882
-3.678380559162004
-0.39726295300487546
3.338964669436205
6.39952551649139
7.8121956781809265
7.092681900999267
4.408601004809141
0.5143430914173339
-3.506073322868831
-6.58095672442128
-7.957595076969234
-7.382678823703279
-5.117198285516093
-1.804143778874673
1.7480115719562688
4.7857631788641095
6.76627413235819
7.414466992703921
6.694239403622961
4.742111020686912
1.81703263193951
-1.7040226002162246
-5.296732857461287
-8.278123759718076
-9.875431321829597
-9.404672016801639
-6.527853928497545
-1.4988332061318002
4.72228754963427
10.58764922445643
14.338855841930286
14.557025642744073
10.704210846454169
3.4432813439910395
-5.4247158490657075
-13.434928488417205
-18.205523307681467
-18.19788196578266
-13.222129853959009
-4.515682179098635
5.624317727697094
14.5209911606164
19.878450692844464
20.381471655975982
15.970558961255302
7.7572916945786075
-2.3380526700176203
-12.081730884971051
-19.409003042293048
-22.79593086147273
-21.487447555794905
-15.59413589604465
-6.080598343239564
5.347989086078618
16.474967568024763
24.92914100125233
28.64902511377258
26.382239016939096
18.097309851363736
5.163334579003691
-9.811346280207779
-23.497364162287777
-32.620328595805454
-34.79992398951357
-29.21450241684357
-16.887826947614183
-0.5011377216959977
16.230598099324364
29.460080499979266
36.151487619720946
34.82060697145444
25.888113335067125
11.562605963178786
-4.728738408734433
-19.233004796893972
-28.84544521882129
-31.869397144343964
-28.326583973997113
-19.737690140379026
-8.48529456099575
2.976351533908242
12.759527591673999
19.81640272187276
23.813449758688336
24.758082051279402
22.639033667857525
17.317328604655845
8.749160131913277
-2.5802507869802858
-15.272152450651205
-26.94933725733743
-34.66072689056037
-35.70619026639488
-28.63051842164206
-14.010574379269045
5.323810464789312
24.820332281796848
39.39691070123961
44.943267317216105
39.635416046326455
24.60560186965604
3.710840485959013
-17.562861230355935
-33.721888252864765
-40.87547985862762
-37.803649840381134
-26.155216982492973
-9.753702834773868
6.715010040720322
19.165330129807433
25.233888234366468
24.722304716921002
19.284633813141053
11.555040623996128
4.092593898368157
-1.454315561371341
-4.69204947905144
-6.28208681249931
-7.3544722885590295
-8.813609629902965
-10.826301074755982
-12.691659524026067
-13.13627161053795
-10.910247943105873
-5.440734195449823
2.725494343151177
11.88313570549343
19.58362083983773
23.390876580676537
21.726399524071883
14.498548714539282
3.273475457843295
-9.098475137986117
-19.298479514150117
-24.541663650473012
-23.4416873119542
-16.44820497932449
-5.703306452535968
5.640909583478316
14.416481406583467
18.41190940015916
16.999543123189238
11.22263225009906
3.342057839617574
-3.975115882566958
-8.538591384964482
-9.300308765708888
-6.602590976297278
-1.9529534605879957
2.578430617889848
5.1250636029789565
4.691137298543952
1.4914431645095994
-3.151803808324973
-7.316424936602004
-9.206082032767192
-7.825728631577954
-3.3590957046536865
2.8830186462674785
8.916272732805698
12.768200313990734
13.145388174422747
9.847913152110369
3.802217045433325
-3.273149797073387
-9.430934677486428
-13.083321420057343
-13.42213559845851
-10.560687123890272
-5.398532591894051
0.6997114302763249
6.287896447733712
10.180343655460176
11.683167443237894
10.678789901140041
7.567469236011422
3.1066746313571443
-1.7920892873415217
-6.24552827290228
-9.514605282287155
-11.055744845848558
-10.548600160106728
-7.93898642968692
-3.5013703253120716
2.110090870746487
7.87358941833736
12.524231480758683
14.80797114919231
13.822835354686703
9.349618371109386
2.0544257508670225
-6.534698878611947
-14.322186981336662
-19.170889025636367
-19.52561479158763
-14.938189385847533
-6.300390263025545
4.326559041755794
14.25504681250168
20.919921928956803
22.598561452196503
18.88139792767884
10.754412543952881
0.2834587296661289
-9.98189330962581
-17.693114124657505
-21.277251560907143
-20.246989883238587
-15.18274913521546
-7.441474783244939
1.2666228824660342
9.28205904350869
15.282298420458407
18.423066452069033
18.361571266982722
15.213027029697116
9.490178239425498
2.050597250330678
-5.959965119617948
-13.20598713353192
-18.339613946640096
-20.257002135973455
-18.373217014418064
-12.822445620530305
-4.509384186015774
5.019421445926283
13.868540939809991
20.18741681432745
22.57326218115568
20.39368570734627
13.958012647556364
4.492716801448728
-6.085973354544255
-15.56160067257593
-21.88642752243074
-23.632002260055224
-20.3297537696691
-12.619170206246569
-2.147770914718017
8.774316770419674
17.697426448429223
22.615002419171446
22.45525472812153
17.3406578322866
8.541486368768474
-1.8574788144588958
-11.48044757904849
-18.231772148452592
-20.76643064528783
-18.748763546675434
-12.854358062032581
-4.54215703558885
4.321318169986692
11.884949937863942
16.693903072768748
17.956730817815913
15.646821402159647
10.424592954084781
3.421484496301277
-4.0309924126369605
-10.641699955945242
-15.325557265420839
-17.30436095327608
-16.17751844177292
-11.985167109094492
-5.2614774694430855
2.9494624203290556
11.166253623054127
17.67884341006314
20.893705462611283
19.75101113347695
14.098316026154166
4.883234942125616
-5.945270393124043
-15.850993249591042
-22.351189419442417
-23.70531837630114
-19.43955519010176
-10.534067402479172
0.7990991208705244
11.697960052708748
19.43458096511939
22.170037590577586
19.443212432773127
12.241709411181493
2.6528321810357376
-6.7667316555536186
-13.694874780428004
-16.625073066265603
-15.188538736992006
-10.162011081957838
-3.185058752908407
3.725372747805809
8.733894407671777
10.675182957339041
9.342941508469957
5.494667123503254
0.5654082991769902
-3.8186690369133722
-6.362651785262163
-6.484389418268275
-4.431352542557564
-1.1094615965348062
2.2935414695883476
4.7398812456184505
5.66334842284751
5.061352917150755
3.348434302793317
1.0830168734323828
-1.2730836524655929
-3.4507213780304813
-5.311757970128049
-6.705837496687273
-7.357413083589942
-6.867005987611566
-4.847966699045631
-1.1550029868788307
3.889469129927094
9.385102248872924
13.949539020442991
16.044620361469846
14.466046021277883
8.84300676168676
-0.04692894935197532
-10.306853093846774
-19.34097858582529
-24.563346362100347
-24.171089489369958
-17.730720165597628
-6.392420144167603
7.335075621811337
20.185895584553972
28.946980478306944
31.267492239598106
26.27513289974552
14.851314757755018
-0.5141702019277612
-16.273220396018814
-28.657836726579458
-34.60908666594366
-32.55947883883382
-22.858108888825598
-7.7195027608571865
9.298041828970689
24.157185075118765
33.33349278875135
34.685312777477414
27.980039983003323
14.938495726059118
-1.2167822870192972
-16.590630142234687
-27.601572575689016
-31.86264222884102
-28.722352253308404
-19.329843642133124
-6.231298973674511
7.358147814733287
18.38236704316761
24.645919845679657
25.22716418131834
20.53712307803148
12.058404425479589
1.879534038023967
-7.8214533920443765
-15.21172435525725
-19.089385721471704
-19.014613392762904
-15.306485118304629
-8.925986285377732
-1.2649400801784652
6.130595424303256
11.858541710872071
14.923980776912636
14.912737145515075
12.041125908605048
7.075937392682734
1.1451896328442854
-4.516751126939709
-8.83085763365989
-11.084200968550828
-11.048400891979135
-8.98656366229672
-5.5509530078687055
-1.5940090971496415
2.060823299486108
4.819197282106147
6.419977201313283
6.91570065364459
6.5525706648006565
5.608819891176507
4.2644945789934665
2.5605382122885074
0.4600454319248867
-2.0249261195234163
-4.707497864499382
-7.169796559721824
-8.816707091103337
-9.033949552576026
-7.405642141108432
-3.9195034870033867
0.9240295471801946
6.159753075139562
10.565223448690453
12.970424412080199
12.582489753389183
9.239950909949656
3.5251449300078113
-3.3167807005361687
-9.661082452984061
-13.925680378416283
-15.004847304648582
-12.576098518233504
-7.190000784929889
-0.12606764962808317
6.935660991218931
12.333242988102285
14.82143333187233
13.854950095099165
9.69921970073283
3.3556511101092505
-3.674818995551864
-9.738409233694517
-13.41234010484291
-13.842604074695059
-10.958156327181031
-5.502581133833269
1.1409667944854145
7.301425181112771
11.460226819074174
12.654691672314648
10.720546800649736
6.303637910728978
0.6511691815155187
-4.748348263900807
-8.577463128515879
-10.038900588499523
-9.035483446681686
-6.127190669026974
-2.290600270988095
1.4232602943084738
4.206233306189105
5.680370134591272
5.907662977920363
5.243523005109756
4.112497955882003
2.8109671483631815
1.4251137194845118
-0.10835532263710893
-1.8497992869870814
-3.7088506607045324
-5.384581013710837
-6.425364192889548
-6.382962688674588
-4.998373535537812
-2.3485093856521586
1.10595930536389
4.605157708355356
7.296979713658159
8.50182750428324
7.929338325490199
5.751692626969841
2.5098210788470703
-1.0867313284291278
-4.36589613065746
-6.822862960682985
-8.147709501945503
-8.186549491960962
-6.9014159203784775
-4.37677061578643
-0.872687989055491
3.121830082878075
6.8972688600088965
9.629761258249308
10.572724498684282
9.28098070069204
5.795885288277639
0.7212215015356634
-4.857649924710077
-9.61177915465643
-12.309564693814371
-12.166660002802184
-9.096463706728878
-3.773631383951654
2.5208367943902594
8.233687644508963
11.95233964663863
12.770930829845934
10.512016874110225
5.761960208131187
-0.27976489452750136
-6.104431028944273
-10.278579426028939
-11.808521512334053
-10.389161300842389
-6.47364779076517
-1.1442371324780614
4.1860902344916475
8.161875767701726
9.850132324158123
8.972650364551614
5.940568621213756
1.6919288589826182
-2.6049704630277004
-5.882979943337392
-7.4420967898906385
-7.0817490626636
-5.0829306461961625
-2.073427357137494
1.1645734882932572
3.8850628109979883
5.524577599132672
5.788644046565889
4.684074563357227
2.5063282183333584
-0.21582489005618402
-2.8201457345473155
-4.652666374881215
-5.232128666414086
-4.396285845949811
-2.3794914592851595
0.22160599541912268
2.6120103058321456
4.060122990461662
4.167043816869105
3.0258982313924343
1.1850328412043967
-0.586930190179358
-1.6374247434692806
-1.7124101833412932
-1.0486448318768844
-0.23063994145084177
0.11581264480660271
-0.3558749962627667
-1.526880421460854
-2.841857207483823
-3.539296305915751
-2.986735090991105
-0.9830650625879102
2.09526016052662
5.366839642273094
7.718544825999984
8.18822100461271
6.323849545144535
2.3890350704752725
-2.6661037080870402
-7.4687955680690195
-10.639121264792513
-11.219891563424502
-8.977927423655606
-4.4775379282775
1.09467483661279
6.2908074792670785
9.82756829972703
10.939016076579273
9.546239166269787
6.205084728987551
1.8770793632242706
-2.376797401949186
-5.672272873928059
-7.474181344178424
-7.645843389745522
-6.398688598830259
-4.180736678434541
-1.5423906233107427
0.9888723679799447
3.003267575697478
4.258513523267221
4.679867095395088
4.322682897443184
3.323630846625927
1.866323889204551
0.17255609609322956
-1.4910088562256276
-2.8162758822748173
-3.4930510330937756
-3.2932758350616385
-2.178528624811252
-0.37981446786312684
1.606599537362244
3.1357315672191834
3.6206148507998264
2.7568025067863404
0.6719727498399817
-2.066339888614637
-4.594811308408447
-6.005419096606106
-5.630245069076726
-3.282212539783786
0.6199593235089107
5.097285903629403
8.84108029149438
10.582050574786942
9.494665983387137
5.509228316359048
-0.5768887488760728
-7.243408754111094
-12.629359649111155
-15.062482149148764
-13.58704985834993
-8.320255824956691
-0.5017587852810437
7.808946466817406
14.314268702498415
17.164675801216724
15.529216038074495
9.859956964703041
1.758694913684336
-6.511999848314625
-12.714017006567309
-15.294565165871532
-13.813815646148091
-9.01143431593909
-2.5054454016705474
3.7634426042931866
8.148309287548706
9.766371276780292
8.677800669705011
5.738747111918243
2.2104904046752805
-0.717045168536218
-2.3179605614300045
-2.515267930273146
-1.8114341772478555
-1.0055534577235963
-0.8119897926999035
-1.5305640581698394
-2.900727289796242
-4.203848917016222
-4.5787001499017155
-3.421557028025585
-0.6998258915824103
2.955677537978552
6.423611863732016
8.476264912127021
8.240438272481446
5.557418583568649
1.0929236667886733
-3.8535975877965973
-7.7725402972851265
-9.447043289405226
-8.35807371807059
-4.855820040433022
-0.04532485676095133
4.571090490355827
7.575523822196803
8.084015312543071
6.0202150253603435
2.1282521475220015
-2.276696524764666
-5.738553444310122
-7.127837941108955
-5.993810911537962
-2.703090794229182
1.6603711903168896
5.60944476871549
7.715234459674349
7.095476031460713
3.7703681634696418
-1.2616876984724443
-6.296816247297852
-9.488373413865569
-9.518078656189319
-6.129236629428397
-0.3025746846955781
6.024363172284285
10.618880591489168
11.763186474590436
8.908949420807327
2.9203862532643505
-4.199043661648022
-10.004100128602252
-12.473654801992522
-10.729467399395675
-5.354107823282793
1.8004452066326557
8.249648305697962
11.744733875843657
11.07292211363414
6.501340439592164
-0.30651343767586553
-6.883873249642845
-10.85393238367981
-10.795278368536374
-6.75712842113022
-0.23241708795857643
6.399589073418164
10.748028431777048
11.267769120221843
7.782160994019041
1.5024330659957446
-5.4288419385860305
-10.684720399556358
-12.527304717877323
-10.354807459069663
-4.859396775163898
2.2318096008101755
8.726972378252682
12.658319278124356
12.875717950014817
9.369639548821988
3.23408071633871
-3.705370373510331
-9.4673048756649
-12.504024475702346
-12.121415423287365
-8.614263304692505
-3.1029664433774373
2.849827975238158
7.707741556557503
10.37032838513388
10.413568037422325
8.111345726488349
4.260238480710018
-0.1077390123583785
-4.016614978437452
-6.756122129790787
-7.969382650049658
-7.630148585965705
-5.960454066549175
-3.344136271901683
-0.26214837677783037
2.758969217150838
5.206140138234908
6.653743128701148
6.8400632990590005
5.724987463947095
3.511532221222743
0.6221827313228725
-2.370565687605733
-4.850551465801108
-6.28311540599765
-6.337198267521285
-4.980024381389456
-2.514784593687043
0.4641164971242623
3.203771131696074
4.9936535858926145
5.384048923486031
4.339844506871328
2.252985058738383
-0.2010934760789155
-2.301241590828593
-3.5128281118923796
-3.627605878600458
-2.7716704469616475
-1.3008038408440992
0.3524100176666808
1.8061671026758326
2.7889677948759157
3.1378699970888984
2.777639636569896
1.7215233713058027
0.10045733902473584
-1.8086047329369397
-3.5939817149064073
-4.779494758117327
-4.942921554282991
-3.8490800997823116
-1.5556623632371678
1.5455621805665885
4.776170224584176
7.309564867836985
8.37484052682783
7.475007733272512
4.5593478191574475
0.10011734516338125
-4.956941201670097
-9.377822638716284
-11.938964646681807
-11.77126428654256
-8.645285796538445
-3.098359549190335
3.647650299421679
9.963700647668963
14.21744443494894
15.20375665031316
12.49095850278186
6.582194428203121
-1.1664109403652492
-8.862692847717149
-14.558412707001017
-16.771588706793846
-14.901703657349303
-9.40230009250298
-1.6489397150378382
6.451013581772878
12.969600296090753
16.426553511488866
16.09517042714585
12.103670508604697
5.353837636129497
-2.692072801974286
-10.304818066313802
-15.817981444360065
-17.95082012815613
-16.07856638136136
-10.403690381616292
-1.98417004714935
7.411583954213779
15.627122415856453
20.585528059076818
20.820650377866517
15.93794355178359
6.848782113554732
-4.3425530006634725
-14.825156329782928
-21.834999681173848
-23.453956067299462
-19.19546359816447
-10.179683203386727
1.1693622851656256
11.821289897097612
19.018875192313416
21.063621261056134
17.763900521269704
10.41658758796746
1.3417981828645038
-6.870838589905189
-12.154046869737853
-13.535011047111983
-11.314206450559912
-6.817089241887104
-1.8330793725606989
2.034320665206028
3.8666507098078418
3.627615268576218
2.039132236342362
0.2265604467551011
-0.7218209560890094
-0.14270852627845182
1.9641667183738996
4.907339077146147
7.504045017268258
8.467386087129826
6.871454530611005
2.5464059778989694
-3.741064128783285
-10.410973423091347
-15.487345057853352
-17.1947787635036
-14.550124802295011
-7.754155077089817
1.760523661593312
11.663969113653485
19.35641049835554
22.701998788167412
20.650785693948713
13.562557382416413
3.1300983609542357
-8.07920490956069
-17.32586103714351
-22.434944241595
-22.351485427616588
-17.359869468530384
-8.920474436716818
0.8028372695301218
9.561575780327884
15.59990503190835
18.03453108569697
16.94317328010236
13.153909588929011
7.832987636530341
2.050527833714608
-3.488462522020292
-8.442800566991105
-12.601294889750289
-15.585827707190447
-16.70524568201182
-15.099243100292293
-10.153106768433735
-2.0046265243893306
8.117423210043246
17.9470033868367
24.700787178738032
25.93697617453037
20.465326717495586
8.967187407545907
-5.9462267677825
-20.332799956230925
-30.03886727650926
-31.997572841461757
-25.270019451590567
-11.453525136652814
5.711898757153124
21.429414398890458
31.277883364202264
32.53555357277393
24.97862336561361
10.909697534522278
-5.578013781390882
-19.85333076758083
-28.115930706194593
-28.45635305879705
-21.296172921058997
-9.111423523182689
4.426491188098998
15.587154752058353
21.629237986256886
21.462905282371274
15.785018587266968
6.71393302629844
-2.9224664117712424
-10.426478241167047
-13.97196311505075
-13.05785796508618
-8.558786207806433
-2.366083571030228
3.2701249240439703
6.4951998729898675
6.458382153258664
3.5678466538131484
-0.7021939983594621
-4.390350441042644
-5.8077941334757375
-4.19687073114497
-0.03367772793913958
5.145684650561825
9.326663233559662
10.778596818130307
8.70619581704207
3.5489456491282816
-3.171316412993135
-9.38470146144458
-13.186056137084067
-13.46533012320035
-10.23371510389682
-4.549105391065259
1.9006495489534736
7.381400927651687
10.645402290775632
11.23326110420235
9.469355386761224
6.202092765949934
2.431213314161138
-1.019937811754079
-3.6814763741829855
-5.437975643906345
-6.397759883320476
-6.7151111156891865
-6.454460686771279
-5.555073578079211
-3.9031326495235175
-1.469115617435107
1.5605874346619042
4.730502586746694
7.385779846299712
8.85643407114986
8.689234034890601
6.825045572201908
3.6347168982484392
-0.20532853091454928
-3.933878515419505
-6.913997773640545
-8.742422832178814
-9.240263165138026
-8.378632514632008
-6.22060166413599
-2.9295990426447367
1.1652042364324264
5.503478167239968
9.29891405880888
11.66063582602576
11.822735409929436
9.415724792678215
4.678632240552532
-1.485055126751799
-7.6619257707329815
-12.280636130819907
-14.070943353918487
-12.477479372867572
-7.86876167149101
-1.4489564474951915
5.104910904480715
10.148883021562593
12.53832509323724
11.899154875651073
8.636563024486694
3.718801062956726
-1.6498340322626697
-6.337399483575137
-9.489721857027936
-10.61636671881955
-9.591934518011062
-6.624781998268376
-2.2274739640410184
2.814542051546472
7.5087071278117685
10.791175873845825
11.745308481871426
9.871980141363874
5.3321981950453665
-0.9452046067856238
-7.384442190326067
-12.142725071144028
-13.675570173467602
-11.306005052227194
-5.565724972093258
1.8685472092811526
8.670200463219327
12.642555293778628
12.509528797640288
8.405945978165068
1.8481650951850137
-4.822677972315577
-9.306340958504904
-10.177380365967593
-7.37085552127464
-2.1503428811020586
3.408303273472811
7.2096946122519014
7.91029838499046
5.385669205493651
0.7299305345516968
-4.194802325018406
-7.474351040974246
-7.850429592205249
-5.163201809747999
-0.3797424987855061
4.783108384356106
8.488923459941153
9.431787833809675
7.275706446071084
2.7343016754372433
-2.7200014316270202
-7.387728580030459
-9.907472952821545
-9.656339514743442
-6.867318357111844
-2.459691942986928
2.318105974559328
6.2833783503526135
8.61762935258092
8.997881478574085
7.565143052153901
4.787053149806714
1.2887183385331291
-2.2887954606321106
-5.3764610181994525
-7.5198479238029226
-8.401843961195782
-7.867714237893404
-5.957168229376088
-2.9290460110687486
0.7449084944096036
4.43473873634754
7.4550229106873624
9.19663500367505
9.25927995596498
7.555195360533136
4.355501423827697
0.2573684443919436
-3.931933980721469
-7.372214956374959
-9.38413975197843
-9.605223692926172
-8.061349560467129
-5.132885508011648
-1.432194575208885
2.3580032809295473
5.626951768097324
7.920230348935949
8.962914706304751
8.646207761334471
7.008581268354154
4.23036510101355
0.6408269525720137
-3.2796188490565625
-6.923505216758131
-9.621558115081937
-10.753703459129097
-9.896140371309851
-6.974175048721423
-2.3699669655282203
3.072298217012675
8.181079909464437
11.723273652606574
12.738582909074086
10.841006544910698
6.381191250642645
0.4005855165830341
-5.624801609107657
-10.181281557631126
-12.134724573076403
-11.041287605693832
-7.263856603592839
-1.867963851045311
3.6704220642918934
7.868178534280697
9.64362204385965
8.617514674383475
5.217212063711245
0.54706150186322
-3.9424492669867375
-6.884731870638023
-7.39053195806992
-5.298095945538948
-1.2333014095016444
3.5266581716788656
7.371179718470202
8.810776643094744
6.975024752295579
2.0086659745001367
-4.798689840942424
-11.263447684722486
-14.934121164309763
-13.936233818850084
-7.755232108249185
2.35472380857676
13.55035355305535
22.18277164392187
24.974537718396864
20.20751269312307
8.490036283747562
-7.215207837130086
-22.374403147516098
-32.25973044559989
-33.479982414978146
-25.147483218764982
-9.268864760620701
9.795208478074109
26.63698775362323
36.44847126131814
36.47343553994261
26.808563117057584
10.319071859428764
-8.282691806367296
-23.88697123630151
-32.49598954762619
-32.31842203674052
-24.127223604170872
-10.817528054277082
3.6314750584821907
15.410195531711832
21.93653495941495
22.414568534744017
17.78304842465581
10.149292292681546
1.960070429324782
-4.780580744021004
-8.991433005274422
-10.579079248341397
-10.147731305238803
-8.544203937169758
-6.458113457083697
-4.224735996402977
-1.8600502703734658
0.7423674689099568
3.5734444030066808
6.349665961630454
8.510011744636913
9.375647536061969
8.410238499467786
5.480112042242878
1.010915921861031
-4.036755805087971
-8.394513169019966
-10.858990478857116
-10.685212056978232
-7.855997678044508
-3.123001989468853
2.2060986793528645
6.672533775105346
9.128602666877063
9.089510113260607
6.8439505171952275
3.2908315842797644
-0.4202461047897632
-3.2949732955003372
-4.790059735722498
-4.90134780540696
-4.042469195134688
-2.796028104938083
-1.6543760651568449
-0.8482630794413348
-0.31370472258037374
0.20552164670979295
0.9713191848812407
2.0652575477436566
3.2898926340813714
4.212283898416086
4.342940317852078
3.372262531835596
1.3497166042001394
-1.2824116179151794
-3.817706544300208
-5.521885961406686
-5.882078696530644
-4.777449413891167
-2.515612760218177
0.2703872417176063
2.8237996121434317
4.49555424520154
4.9312961239583215
4.157089311824902
2.5404263195974703
0.6444745239814259
-0.9710449364645907
-1.9327578233881386
-2.1578435553690944
-1.8437758832201077
-1.3488495108640162
-1.0125399419971195
-0.9936101896536961
-1.2024598726301245
-1.3635594397482225
-1.1755389543957315
-0.4810968601521609
0.6454864496308685
1.9346107092598814
3.046525857609204
3.7011230418529415
3.742952942127082
3.1310127391609996
1.893299538047958
0.1004871580548383
-2.1083729950591374
-4.460986202310609
-6.502967869021792
-7.628755497996395
-7.225793388638701
-4.91127916033337
-0.7804807786422473
4.452216999845265
9.52095871521684
12.911222901542082
13.326720804984745
10.171250615941021
3.868487525301121
-4.121084442542071
-11.635810603817971
-16.431640037326588
-16.9038454826771
-12.671193938247017
-4.80304273750875
4.4269823420376495
12.222156542388742
16.18115233798849
15.142025624684669
9.622016216394712
1.646922706149424
-5.993262774416726
-10.776556134642906
-11.356000142936427
-7.98427956299994
-2.309891002093066
3.3373754962654525
6.8622431786022675
7.162916859073954
4.46324686646843
0.12221246468856707
-3.978456891443066
-6.209318455914848
-5.811057286830196
-3.113986579775251
0.6931421555933491
4.104757835645765
5.907332684374951
5.6147517955996324
3.57377108472751
0.7243102804003111
-1.8525774425301602
-3.3838489094132402
-3.6596290466585772
-3.0119547212326077
-2.064306684251509
-1.3871245632363374
-1.2143744699730765
-1.3381146546308895
-1.2234319178393358
-0.2976743704402379
1.7064550331175456
4.50666477045769
7.251486734825514
8.766862279228553
7.9977671464705375
4.482594144765546
-1.330390690271837
-8.071210304170483
-13.785524689965609
-16.53503081060972
-15.063666256016013
-9.290720539147529
-0.44199436102817813
9.244447069285048
17.151892094177832
21.058560281466686
19.80584171056268
13.645142879374015
4.153099767290212
-6.244280381553654
-14.970235799502854
-19.99503492508745
-20.33052343940089
-16.197307894964432
-8.850054314327286
-0.15394486405016555
7.93186658862179
13.814265923280031
16.56812220018113
16.028695205218305
12.678953290521983
7.404729215304033
1.2330038064108595
-4.852104495586857
-9.98936916132156
-13.457261694072438
-14.694366081788386
-13.370336041467882
-9.508056577309505
-3.60444679267708
3.3368178662823396
9.9292915750542
14.684747056389963
16.380192527307674
14.406841536047326
9.003481820016239
1.3010648458195235
-6.865918839916695
-13.381206111139205
-16.426887174078864
-15.063150756519779
-9.60560681425088
-1.6311917216923155
6.4457272953327305
12.12770940632293
13.674609481472231
10.722569112001958
4.434199492148951
-2.8982360465173436
-8.662924747239336
-10.85570005704526
-8.784457601823828
-3.297761618995972
3.538632098195613
9.194145378250186
11.58008672696417
9.785353752902102
4.381266294570539
-2.8067079909065535
-9.366807243917183
-13.152707159597204
-13.002808030019596
-9.077351013044824
-2.7203568112866736
4.070681904730332
9.35245680059642
11.858198222567014
11.32046129439947
8.40387849397229
4.311624211551381
0.25625261084254364
-2.9707649816872173
-5.159712641500101
-6.541191445756376
-7.454435797068983
-8.017709080344009
-7.975958292425644
-6.803736848713093
-4.017520452692778
0.4479382159678668
5.986111334041893
11.335956616661587
14.904325725438364
15.293048864690345
11.839753576306821
4.967450266941692
-3.8029565537185563
-12.213293971305047
-17.911589916386212
-19.18287344977046
-15.523763864928862
-7.853648406084321
1.7261504048535277
10.557121559598302
16.233117457502036
17.333400767582727
13.837267743183581
7.079249573003005
-0.7356158453252851
-7.278720296329465
-10.842289796475654
-10.829544325835297
-7.838410268721323
-3.335328637672665
0.9383286615833085
3.5972779060824513
4.055045167591719
2.6377007656581606
0.3556292958911374
-1.5518885433243559
-2.1093656361169084
-0.9594142397365132
1.5202661881831407
4.354205300882257
6.312075299181431
6.3545575583573655
4.042770917314799
-0.23120645593102987
-5.290744521824359
-9.509529500187732
-11.344745141701557
-9.894912727317106
-5.278772912112259
1.3194842352639993
7.976938151067166
12.632546625334978
13.762375957497872
10.899921715406762
4.819858791435437
-2.68453010720241
-9.360908679950075
-13.21296165601264
-13.13963998380825
-9.28625154915312
-2.9826778394623483
3.7177928861007845
8.742990029689764
10.699183537591944
9.306476687392058
5.417026653001367
0.625518184392999
-3.362635056551031
-5.357960906813137
-5.074020942895936
-3.1314171009311424
-0.6891862633580501
1.1111053106113016
1.6162293944899528
0.8454954710008519
-0.6469986718346147
-2.1120179899285114
-2.949192607421639
-2.891295563406356
-1.9845459010548845
-0.44197976275303974
1.5007019310650649
3.629426540010042
5.687211490894875
7.277711161052186
7.842950262743817
6.78311620672868
3.7074815676840926
-1.2758522826197713
-7.371696422024442
-13.138647352336493
-16.80912442177531
-16.825209107974555
-12.425360930583215
-4.067866462026724
6.497579533311628
16.596767692575977
23.368358921749795
24.651329646749225
19.722017084777754
9.613387905668178
-3.1165740737326404
-15.111174639348357
-23.20426094462408
-25.35082533315406
-21.203015111976303
-12.157016716841158
-0.8715215186287409
9.570370099867114
16.576354669874064
18.746100796914636
16.153674637959995
10.160641856938208
2.8665198341973794
-3.595709056708077
-7.6867732212945645
-8.826056976538162
-7.411274994207212
-4.530245736044335
-1.4971320208952155
0.614116127025582
1.2866931494954612
0.643995956114899
-0.6967583347489219
-1.9201992753024348
-2.337907822430683
-1.626314064758159
0.09574192697104981
2.354015404147337
4.510485080644105
5.969834783323365
6.3264927869144
5.4244372809394905
3.3481873527726096
0.38378388407862984
-3.02095908246529
-6.293524371411252
-8.789261906559545
-9.880782910621454
-9.090863358473591
-6.250770589210611
-1.6390780616126301
3.9608451023598716
9.340551550022656
13.106178585203903
14.046384243786127
11.535859777770957
5.839544333181686
-1.812049875946905
-9.447383775111282
-14.86008166974413
-16.280985893581793
-13.013558504178867
-5.795179262231542
3.2952975539513907
11.416683034407582
15.87836121596385
15.083175630537028
9.152468902999932
-0.02208938867423635
-9.355682231131892
-15.599659701852554
-16.471396188308766
-11.48318793113353
-2.1619342393948378
8.43704202521412
16.759063834626673
19.956744489731328
16.848187738747466
8.299201663043906
-3.08612099298166
-13.838987603365597
-20.749357353269055
-21.85722203194448
-16.99688655598198
-7.7466771715043
3.1597910328287915
12.731736064405224
18.614451099647688
19.692352972271706
16.241377945635442
9.63996201507928
1.798714111886071
-5.455268223410535
-10.826508783393335
-13.719905645182745
-14.145471185938716
-12.472385558264397
-9.180598975475831
-4.7244962813802225
0.45760308352634926
5.840197389150086
10.716189355112173
14.209989673511075
15.441619300712624
13.80121362516675
9.223129302015888
2.3353772809420947
-5.59165945680773
-12.89730613472128
-17.914798296008875
-19.379978348111372
-16.758501549807924
-10.410790772949623
-1.5450570326639035
8.03770576114846
16.3304601426289
21.527271777115057
22.36811670882711
18.389597289812134
10.075641689007789
-1.1132117356853641
-12.887800560890907
-22.511392175570414
-27.404425530043774
-25.85939411426345
-17.661104718137707
-4.377749687853205
10.848644056267696
24.034483685420227
31.445625788319315
30.731319347546155
21.73094990843207
6.65792837724392
-10.445975868781195
-24.850593948911644
-32.529670064484236
-31.367957731098222
-21.796300578322096
-6.6494055500560725
9.709531026191351
22.717953170361042
28.971249525596676
27.178158335095574
18.425881183149087
5.700864283121483
-7.143922456022628
-16.611043027133114
-20.564331730730903
-18.713679336409722
-12.473556964279485
-4.309177370675476
3.1601829902324097
7.987664919487929
9.40391039842175
7.878658383352152
4.7683147097142875
1.707168424166063
-0.029596804357318207
0.03343091777797535
1.4714167981683945
3.2088623342653166
3.9989147996610566
2.940849577413693
-0.14908420026343666
-4.628955498549302
-9.20530971008307
-12.328016085746706
-12.68585918046049
-9.65290203726991
-3.547702599490367
4.375369488306027
12.207178763008153
17.870306491544802
19.68512020566599
16.858219303006994
9.752394149226824
-0.1427115603767645
-10.5410880409636
-18.915721472357134
-23.139833314609582
-22.047035470000203
-15.76083078458636
-5.698631110324562
5.763687915797103
15.885856395311386
22.256210788126022
23.39618510378777
19.11918927690474
10.556153757519393
-0.1522707463096606
-10.411069276719957
-17.826553472499086
-20.792093138248816
-18.85316348705657
-12.761781407600541
-4.218229838682791
4.6142192728592715
11.676513163235873
15.506412143082482
15.535658471704089
12.1351020298494
6.424026101083926
-0.07811765394197051
-5.849320295928643
-9.709923041851997
-11.041539654813349
-9.847495079789766
-6.667635008584994
-2.394883679530443
1.9489583401094124
5.430620509545627
7.381457421725341
7.5068305801887165
5.9147620772586045
3.0646426939552955
-0.34808303545572544
-3.540749581382561
-5.7919996572034345
-6.571616305054635
-5.648194893183733
-3.1660225073459856
0.33447208033157455
3.987369901897316
6.782849871973818
7.837052726286861
6.677672277128342
3.444808554698732
-1.082868340998223
-5.673737865215406
-8.997208608180644
-10.032225535438773
-8.390567308370567
-4.443050157895949
0.7918167406016341
5.950939713366291
9.718046150295244
11.188894193506007
10.105458675481856
6.875776757150508
2.36734863851952
-2.4236840876825028
-6.66022145426748
-9.7867561778171
-11.477255771062005
-11.502138042354574
-9.651333170111188
-5.807073450867008
-0.1497164244811862
6.626129738464648
13.241925196217815
18.016004173830463
19.293406343205223
16.011351154600383
8.205243004598628
-2.757544822925069
-14.359063334449576
-23.530974254589484
-27.522619642551515
-24.772761300999303
-15.49216402497849
-1.7395991167660636
13.068010483649186
25.083050365156048
31.112053853303433
29.521266854479894
20.689541060179824
6.886064054955124
-8.373515188383895
-21.29290801926438
-28.802011828237823
-29.32323464334141
-23.094589410489405
-11.984484947517696
1.1123462346289197
13.089529683850897
21.403143607763617
24.597701342621654
22.483575331219004
15.988620885924327
6.796973459670564
-3.0840166380446643
-11.719235168226819
-17.553455400736347
-19.62771253941112
-17.711112607035034
-12.336118474134564
-4.709419472294188
3.5168230316868136
10.587658243305357
15.029383902147536
15.978892137913109
13.376014149529825
7.973178413797486
1.1568159433011311
-5.386045632202175
-10.085825350148102
-11.893394897379595
-10.556157695028658
-6.677250766757055
-1.5274052201033341
3.34377705640577
6.579223717916035
7.412598221720398
5.86085290609937
2.658386029024366
-1.0258450662768155
-3.9788860719039274
-5.3101682202962275
-4.685450288783489
-2.3757692251817546
0.8663503620167324
4.044293713297702
6.194576392024794
6.637500877627989
5.148989918006701
2.0186063663460856
-2.018453305619447
-5.958191320458057
-8.768800561241312
-9.63996586744233
-8.188573191375847
-4.576534674394645
0.4916216489586565
5.900737032781433
10.36509132048773
12.727855610034418
12.254211722862388
8.84441453238933
3.103321546344975
-3.75787009449725
-10.168145264216463
-14.55080017691661
-15.723153421962365
-13.239655845151361
-7.559072333986756
0.03903252830069677
7.776000560908103
13.835660678374879
16.82184386776199
16.082447429677753
11.828531183145234
5.042306234303237
-2.779583471518246
-9.96986584777313
-15.039973797935081
-16.96912252038481
-15.38801494898347
-10.633171684844637
-3.6703330737375333
4.093841256181938
11.077825775992416
15.828173251870274
17.313793488404507
15.157742832892463
9.749483585875232
2.195260378343481
-5.900259215923305
-12.777429947273946
-16.905923810002477
-17.32459978624702
-13.87614789163843
-7.288739340843626
0.9355810713956112
8.834623796523584
14.456455717512773
16.383734459001367
14.165449808859359
8.501911950078883
1.0826759086766735
-5.908583243229112
-10.477460435675823
-11.460708834370571
-8.897152346189124
-3.987633133633714
1.3469557389836733
5.152230374684118
6.128207873892888
4.078887801833448
-0.03182870417510538
-4.4388386830989655
-7.227650723246048
-7.051154277538881
-3.651501199778525
2.0080694797091603
8.05474906516993
12.352793432927754
13.256237352759534
10.198119323750687
3.903883345611484
-3.8456120693237024
-10.81255659160813
-15.042882093649201
-15.476923051325418
-12.213072488446072
-6.35709803637506
0.44128909090703355
6.555013280002679
10.828938564141904
12.771528056900301
12.476262838077547
10.372589097180185
6.958244276167514
2.645698072776445
-2.2209703850159284
-7.222098353867673
-11.70999587156818
-14.77858636277228
-15.428414285421713
-12.902746796231986
-7.076513002618836
1.2698743098352707
10.442323582157105
18.15986973998018
22.163767291796344
20.933454967768856
14.265936978691608
3.4976150090526983
-8.74748689854729
-19.244964882224526
-25.097838972507443
-24.61186568371302
-17.830568510401612
-6.548973443822631
6.2051367249657385
17.057487496458506
23.256722663170947
23.42356622803111
17.860218191327583
8.353426609634328
-2.4295027818050716
-11.734909946981496
-17.457380194788318
-18.613745356784282
-15.458056278284284
-9.255913464327538
-1.8278772735807098
4.98382971285301
9.773509677527755
11.844553508125315
11.252520486714591
8.64457892281591
4.972149247050485
1.1774803403137988
-2.0471510278687184
-4.360274889197266
-5.724459245140342
-6.266306272223475
-6.127055971970619
-5.374862748281019
-4.009733943401479
-2.044916073213513
0.38799037673530923
2.9744655773038025
5.238208383354161
6.652800562955672
6.80700306045667
5.5602598537742844
3.1245561666319595
0.036450132304933554
-2.976533857431455
-5.196517873779781
-6.121729145207428
-5.611417943380713
-3.9188351339655263
-1.59957740888752
0.6727535012707867
2.3194294498048182
3.027559646632873
2.825658075246501
2.0411265478107055
1.1543603224692016
0.5995238506076217
0.5852043614345498
1.0065591691007378
1.486431441615173
1.5329347603163883
0.7621150962256882
-0.8900143325450222
-3.055259259343733
-4.993978173070367
-5.839858017283572
-4.95357124913752
-2.2458291322541952
1.6777458846228943
5.640178766725674
8.269045191921563
8.497666157122081
6.001190236084975
1.3887261176283823
-3.943197165922631
-8.260787083430271
-10.089178347037628
-8.736384033673366
-4.551215572973018
1.1803539215037877
6.662087166293162
10.182465519378582
10.665630255560876
7.989391591035508
2.9768135495994827
-2.906617589339714
-8.019831758050415
-11.012274274373894
-11.154920535230323
-8.469674958631137
-3.6613381186464946
2.094775707080118
7.439334796748402
11.12655259377764
12.28349105389265
10.592695955620657
6.369814854959956
0.5188999944840017
-5.63799207954949
-10.639505821013865
-13.226846046701587
-12.67501461764766
-9.021537663330399
-3.1089538182344447
3.5980522039619656
9.3886553772327
12.773468425190716
12.903854997898938
9.811477062042417
4.391218305549767
-1.866812996882957
-7.311057637913285
-10.593377276529974
-11.024864703826438
-8.72147478098559
-4.507588534161739
0.37651474992239076
4.655757462044817
7.363910422870623
8.054117927267546
6.836218035391092
4.25778395880157
1.0913720363997654
-1.889924194047865
-4.080809290227141
-5.12783188647845
-4.944181423978226
-3.688540930856504
-1.7265600561290015
0.42821427018234276
2.204969215462261
3.104221840308836
2.8502264145011074
1.5192295377237979
-0.4227083911185818
-2.220269501256558
-3.066946815477214
-2.4156614315142857
-0.2446071067664843
2.8434559233312813
5.756987549243166
7.2675173288319215
6.467999872016588
3.1684478222838064
-1.9356498477045192
-7.409963993831255
-11.513030343677098
-12.77247816282023
-10.504239457244786
-5.086573146352455
2.1138594136188393
9.142343891920696
14.047155138126449
15.46410482831124
13.0087922754025
7.3638197162391466
0.05027695473544783
-7.030051964353817
-12.13195562750829
-14.123553405490231
-12.741552098936783
-8.59091548797132
-2.910431218416911
2.809244282516507
7.235473274399378
9.518540981958493
9.453778633866635
7.4515814490072065
4.337881353527323
1.0553176734148693
-1.6327639109507048
-3.334063954846756
-4.055621685039
-4.078656257189584
-3.753233151997002
-3.313220301153293
-2.7922029839416185
-2.0661778240499813
-0.986903157383894
0.47037580807119983
2.1235914891953462
3.608913010272619
4.502735277315091
4.483516254922128
3.4654413726516764
1.6548034750385634
-0.49296094284229275
-2.40827636713853
-3.5917054251947507
-3.7785781887595538
-3.020608769112476
-1.6552387466479086
-0.1751469391630506
0.9537962629786608
1.4565663467914156
1.3300907121761338
0.8099230104592485
0.24079507352890997
-0.08657618467850842
-0.05580937873092994
0.24883675209067618
0.6128068625611323
0.8166106019086393
0.7512350977000128
0.4648825134815593
0.11972090838582919
-0.11260586144293422
-0.15654843303172417
-0.08272006378437612
-0.0760683020532285
-0.33424555756239477
-0.9422393097925791
-1.7872271675893912
-2.5620964929231587
-2.859478815770454
-2.3192398220834542
-0.785956119850315
1.5654812218847023
4.188528444817588
6.258968671207237
6.915653536732075
5.590404626533363
2.304976470620241
-2.207480780790145
-6.650271274791206
-9.565754915784977
-9.857563370558578
-7.22715135180809
-2.3401936430881025
3.3568239424358426
8.109824740053687
10.448274197133404
9.680593095853405
6.118183435330927
0.9532832949330905
-4.158679134300772
-7.659203376870962
-8.592234869204106
-6.885625627084746
-3.3243861805710044
0.7629841589789862
3.9912082637638275
5.404494266309033
4.785749932810081
2.6774144728902667
0.1147022027540075
-1.8138446298733657
-2.3981180746852675
-1.5630323758106002
0.13980838972534715
1.7900798126802304
2.496364934075234
1.7731755955989033
-0.24994522916631798
-2.864071197964752
-5.040811350145547
-5.816392653640245
-4.659306663441041
-1.6813504586987904
2.387140263291434
6.426547908340026
9.251870447037717
9.924019762338322
7.983834699525725
3.5827078721804773
-2.492363447205774
-8.903838798333627
-13.981685813218679
-16.08900761340599
-14.094445307673269
-7.8331453355417775
1.6169364437766112
12.007990616755306
20.41645581415278
24.073588671715424
21.290567569113957
12.154585409556455
-1.2866558478271484
-15.475648315466884
-26.333494848493157
-30.492491982847838
-26.381634981704757
-14.804195333101738
1.2024177710878534
17.205961666043578
28.67271895803912
32.32317291418324
27.132442040790735
14.657453499013354
-1.426390678945132
-16.448684862142585
-26.179220504034504
-28.114157201050084
-22.19279744313627
-10.712873395274134
2.5118875061168886
13.44485628485405
19.116169216559694
18.479035956195546
12.576381658458024
4.0089663072378094
-4.071170119909188
-9.072912260539876
-9.79763329672703
-6.717445210058949
-1.63639493368085
3.100486593310943
5.52948295496257
4.777374739964694
1.317525456956668
-3.288181434981483
-7.03768621593979
-8.27195840601667
-6.30140474893418
-1.6545539445889914
4.1252076262047765
9.044828143487225
11.374570394284525
10.252198396175801
5.9723266123436565
-0.1275086454504367
-6.132986997574519
-10.203114536530167
-11.176924826281192
-8.928053215662622
-4.352616938696708
0.9858471906842677
5.407784453342235
7.6650779655603225
7.308734350628997
4.776325895598523
1.1928272478549915
-2.0356678528886496
-3.7017282682110575
-3.2063017048178546
-0.7811840943771342
2.5480862258410877
5.271850095528082
5.912905092501298
3.6030765907249327
-1.4766454165728
-7.97803214453651
-13.690502743668548
-16.223474904717317
-13.866553742436318
-6.3345069748390435
4.891881903930695
16.812169569679348
25.731423920664675
28.43442767544183
23.320772940627922
11.091714861209095
-5.288294939664439
-21.387823100189568
-32.624490263414145
-35.67301729370367
-29.50185980136143
-15.7024191930858
1.9884483729259983
18.812817818059834
30.40055945866952
34.011690755122444
29.225127233113394
17.888817086104584
3.4025633759144163
-10.383820544844484
-20.274755110290037
-24.494983766738613
-22.935115846565864
-16.889328622971753
-8.452643396200013
0.17925013269550902
7.279286689841266
11.885668508605558
13.799119478781224
13.35928647615974
11.144092329252675
7.733000900978914
3.6091893472596164
-0.8089455666516252
-5.076778820026379
-8.660116532707587
-10.962557430820215
-11.455299774142292
-9.863020018574986
-6.321995449371176
-1.4305124066873092
3.8508924951634187
8.434134629703047
11.389299732516605
12.160742200258417
10.634454580868349
7.0696540559353505
1.9781437184767343
-3.955475805067216
-9.87237574805498
-14.703468219225757
-17.209772863084225
-16.20124426286884
-10.947441077050096
-1.6645175142605055
10.14144774367156
21.71235365107922
29.59231705636982
30.631077440726184
23.146433731918382
7.817939611050742
-12.088787846398276
-31.366902394391765
-44.2770894472282
-46.319430201484465
-35.79438593741561
-14.602445589242526
12.047924987017035
37.00787937177612
53.24945721139901
55.98149776121396
44.14012372790958
20.768562745242804
-7.8427992266284114
-33.98962028504782
-50.78814887076788
-54.12382450608237
-43.733597564693376
-23.12479702181395
1.6064084256221975
23.66349902544715
37.54311488714231
40.51528836142962
33.160581209768225
18.860354582812676
2.4828488014737933
-11.24715607210216
-19.144167783455366
-20.298325877597332
-15.987538621130659
-8.899106404716678
-2.014778361512654
2.423232360252317
3.5379253085172633
1.8903091107520684
-0.9463928150177409
-3.106064872473168
-3.170540939059414
-0.6833086436137079
3.7163368752768786
8.556416952897004
12.077865819415148
12.858393791061735
10.296154485688882
4.799817683613411
-2.3530633633161337
-9.411322966588079
-14.650923154559461
-16.825778061563955
-15.452563544858775
-10.87782743243387
-4.1457447395452895
3.269878831537345
9.800003702216285
14.120621841876156
15.44020070127471
13.679140510322938
9.492978751986874
4.0999760534120915
-1.0853437680518312
-4.921898964414417
-6.936867370947199
-7.456083180311559
-7.376224155163792
-7.652306093392489
-8.725058540104534
-10.163214286698487
-10.718986863338598
-8.825020623989609
-3.366283271999182
5.582341675552343
16.39032594587548
26.103545187302377
31.27863505855115
29.17494278229334
18.88361067537424
1.952476096193586
-17.779074250601358
-35.1466111148672
-45.15250423956613
-44.512109427913835
-32.74779142928999
-12.459579106341332
11.33537322848587
32.598460961564214
45.96787460230062
48.238318535806435
39.18297344962466
21.496781607566522
-0.08164306346331669
-20.16479551917242
-34.182725227445474
-39.487514280977464
-35.81486306209016
-25.048823588494177
-10.452570560448125
4.33546526891549
16.222425149239115
23.267543241741702
24.883630976338463
21.681030168850757
15.090478459031576
6.916818352017957
-1.0681216099706998
-7.439775190967019
-11.316479981554977
-12.426841339676946
-11.068563726037697
-7.997269629513265
-4.265665087765904
-1.0059018888989986
0.8492038559702281
0.8678584470897753
-0.6562331004050291
-2.6880505110367445
-3.730540679615754
-2.3701795682477895
2.073436321021991
9.044837412797166
16.644582897879193
22.054319310593755
22.438743269055163
16.05283671613604
3.1470544560606437
-13.71729142548161
-30.151357305869848
-41.14872905000824
-42.66695380073905
-33.05597113769694
-13.82576358139842
10.55399254103799
33.813418357270365
49.66795765800948
53.67691696468246
44.5835223425085
24.705165829864097
-0.749710401264623
-25.2141219309617
-42.65339171704997
-49.22107448348176
-44.17949621213058
-29.842256525666222
-10.628276280956598
8.398270078658106
22.992337380962493
30.73978786669761
31.363609492705876
26.33802158821656
18.054146535267876
8.89723101264075
0.5670318270152349
-6.170887143850779
-11.306430173304813
-15.146005584259747
-17.857283557871195
-19.209720532125736
-18.61023165136236
-15.398157717255552
-9.258545168329714
-0.5695051702035376
9.468705464959408
18.985558376357915
25.83756517225413
28.147627541589397
24.848888177049357
16.088285379676552
3.3627100622286386
-10.6941896379632
-22.87555752537975
-30.207643627528142
-30.791298498454886
-24.418069152389695
-12.7268069308442
1.2066628257887888
13.757176749150299
21.839578745071517
23.831461655706935
20.005836582508845
12.321136068019602
3.6477476664460773
-3.2829808676891443
-6.816980219178447
-6.85709716141131
-4.7189645396935
-2.443380055877396
-1.8564550228245016
-3.7578023205922024
-7.553100266373012
-11.468544258460007
-13.263112734088043
-11.168491538859174
-4.7004201395489
4.978680035350396
15.316998806910766
23.184429982401475
25.93062801248169
22.27888015569568
12.741067567066134
-0.5429392775942874
-14.425666939326774
-25.59009791008665
-31.34900390684216
-30.224171306207204
-22.228263993313046
-8.850744772540837
7.214023309671257
22.549219164232895
33.656984759242135
37.68946590039013
33.15841404684494
20.458782645724284
2.019221210701606
-18.057090474194943
-34.86923925931019
-43.94870778921513
-42.524653853538204
-30.438740037700697
-10.382778589740704
12.685848861738846
32.837739163389344
44.813838411134746
45.52010124033807
34.90981002637263
15.979299357763738
-6.1180929671405915
-25.564192964159368
-37.5191112143388
-39.42263647925313
-31.57800386515631
-16.875714633180383
0.214253510006269
15.035456808164728
24.07841806410796
25.854513903800513
21.07921378216475
12.17301132119357
2.311195797994056
-5.628429709239203
-9.884561032040239
-10.17264501506823
-7.523325020372755
-3.710933662529371
-0.5144003223357415
0.9120298283779151
0.35108264840957415
-1.5480578731221877
-3.6403508696511837
-4.781069311862043
-4.259280106086673
-2.025252262198381
1.3482962856423644
4.9291000027988074
7.788346153054174
9.310816476972398
9.327107636068687
8.022721735905156
5.694147177173704
2.5147749312021612
-1.5248360312084364
-6.438487300962861
-11.912861336607696
-17.02664395318187
-20.242427849456064
-19.786816879765237
-14.34455995266281
-3.810539242865717
10.241475139742747
24.65170983783378
35.40860745380065
38.845758841452195
32.91224511668367
18.05382267780552
-2.65317613048715
-24.220409417156972
-41.118608016341284
-48.865252900181034
-45.318101345551476
-31.273605221613238
-10.20774007293261
12.73229756545912
32.15632901618206
43.83870144118761
45.697650018729796
38.104146175085546
23.50902088987274
5.586060630797105
-11.796131602507085
-25.46178511530623
-33.46050986857742
-35.18344832341744
-31.145897846514767
-22.59424350407908
-11.105735277152661
1.677396141285521
14.119995742647331
24.54330452092053
31.219261571389826
32.568183522453744
27.604528841066525
16.506003824097437
1.0353190741413136
-15.487541722898287
-28.834757757540263
-35.05735322285127
-31.849999908518242
-19.5785465665368
-1.507506546248288
16.97824677045312
29.994938562809317
33.12106424004224
25.015057667136965
8.07150355990375
-12.194141154220514
-28.89439233502689
-36.08988687262132
-30.878234004865067
-14.496764905111382
7.9810425314001545
29.27676747912855
42.31374746691826
42.57444634684352
29.607203991061162
7.18344144762012
-17.928634722351923
-38.14578653843596
-47.474623032493305
-43.352711569418275
-27.344066589169774
-4.501729419083834
18.34291414932985
34.76091281487894
40.64651206218439
35.275859900231474
21.232102446523797
3.325223276722848
-13.04885975125322
-23.539433365899153
-25.976026340192295
-20.74554465591911
-10.405924860432215
1.2637708404471444
10.459753374389113
14.45706886492378
12.339393217484325
5.186615079020737
-4.308579768872552
-12.680617001833562
-16.75581132384782
-14.65054937100085
-6.420592564147961
5.843951385834599
18.54172074311748
27.584716419718536
29.645072091847727
23.254167292055946
9.400964294084943
-8.593292999284483
-25.933277237317053
-37.71331793240432
-40.37831245923269
-32.8221035129779
-16.77001908616245
3.6804640292071182
23.220339194362957
36.835221817105946
41.20289892136522
35.570046268858476
21.861970623767828
4.017591318670171
-13.221329468471422
-25.676890545647836
-30.8378167182502
-28.38655337975231
-20.038572194729625
-8.802508746627378
2.0576258465467276
10.006629425957177
13.864795644242921
13.912031769372748
11.487962424332016
8.280811372487227
5.601925831987188
3.929894859300735
2.880513285303978
1.5741673366444515
-0.789859703802758
-4.4172122817411035
-8.686524164453504
-12.300898790563487
-13.765223682710044
-12.003631510125093
-6.874136811478333
0.6328590058321818
8.61587785939841
14.843098135265802
17.476766014061223
15.66549268502196
9.799406193228299
1.3742972504040327
-7.44561464555011
-14.403823730412258
-17.708795964348276
-16.45834540488274
-10.859929689454558
-2.208766089186289
7.378339831575635
15.432960067939984
19.726406662167527
18.861696263413606
12.718695970628772
2.6106766653612317
-8.93959110167169
-18.80262758417328
-24.097658373762794
-23.060919512009196
-15.644502813369286
-3.625472188915488
9.840774147457326
21.101124342510833
27.05300492575572
26.040720460311938
18.32794057151439
6.0062124035838815
-7.625957842682648
-19.0164559033371
-25.349884133334797
-25.278682470658662
-19.193588814045402
-8.987835395367329
2.567866995728985
12.618688812074028
18.9533151078535
20.48368313875769
17.380713458885864
10.874328956102689
2.8174131163176273
-4.839081953677616
-10.512461642499256
-13.288628282739689
-13.015078456384478
-10.208709637710122
-5.837657920756491
-1.0449290446306205
3.124718261295539
5.941703374711329
7.110350932876229
6.766580671261056
5.360815168940416
3.4672565321445346
1.5874855485945165
0.017912960255980326
-1.176815312302376
-2.088161349387658
-2.833261322879509
-3.4364708540240887
-3.779810277345249
-3.64976904641512
-2.862791081965623
-1.4048708506733558
0.4951790213452552
2.4084205463488564
3.8531474887128447
4.475310588477921
4.168418872379957
3.077320745346539
1.5011893402481644
-0.23744678424010912
-1.8854029198560256
-3.274728682470508
-4.2737045017400845
-4.725462000883823
-4.434325584687428
-3.22887729903824
-1.0821742211381442
1.7675133182062381
4.766044584803241
7.120224042941394
8.012613086882952
6.896399365290143
3.7576830684988676
-0.77444006703732
-5.539513346622459
-9.165192938028559
-10.500406402103652
-9.015687826750835
-5.020993272277818
0.3905467173827611
5.667141745398077
9.288554080629307
10.254647838583933
8.399099070684983
4.418002137256167
-0.390268509957722
-4.57181515922957
-6.986997786130308
-7.145059389346564
-5.30531174429283
-2.330090109850513
0.6478250730205727
2.6301874408681822
3.0984791283751734
2.179405837093429
0.5631044519441407
-0.8048421584334257
-1.141279530951276
-0.17941228129618234
1.696433453774834
3.5978685394043657
4.504568900048848
3.708792128532094
1.146172161969069
-2.522757207193184
-6.110937999544292
-8.311447291210829
-8.168639939090122
-5.443058692447857
-0.739171720906622
4.644639476211422
9.094260527491079
11.174142610945035
10.090604009110981
5.976572286705907
-0.10219851103785502
-6.431647782627587
-11.143386779709834
-12.77266867404723
-10.714624860016059
-5.438256758735565
1.6153059469014355
8.430914363667187
13.002893388170474
13.930935112104573
10.846595831051767
4.5400925055783725
-3.250108046562006
-10.32298445432467
-14.638869328998506
-14.908984737604806
-10.983657209479732
-3.9196270787419887
4.305120455808806
11.353821060087336
15.210004813033697
14.776130463955287
10.211722891755377
2.8974205625772718
-4.9790557542782805
-11.092743784125163
-13.694201542772126
-12.139636442813819
-7.075381697408021
-0.2204890925842626
6.187045119794718
10.10894499885377
10.362879362966932
7.003611410214649
1.3000400450896636
-4.6910977172553805
-8.819570214474728
-9.575520244555488
-6.615531295615121
-0.8991398460860405
5.616595916353321
10.629269363902043
12.277618911117314
9.797955286822978
3.8177740590720597
-3.8305064691470054
-10.72092763395877
-14.652376573590919
-14.377434599308122
-9.987842355535653
-2.839387366853802
4.93341413590666
11.125843287996798
14.144587495890834
13.43898872200357
9.560893410760373
3.868824291993909
-1.987689104188145
-6.603219229938639
-9.181406092935129
-9.623797847147804
-8.35841846280543
-6.029009285271476
-3.2095827935917587
-0.2718352994157155
2.568761377874312
5.108194188420921
7.034513285170625
7.926714927572535
7.39092570376582
5.272950650098873
1.834780578811839
-2.2103896988014955
-5.847634276441661
-8.057210300422081
-8.159339624620898
-6.078206991653326
-2.414007358486852
1.7204493870801871
5.0526611950692875
6.575785461166714
5.89616695426198
3.369402747196074
-0.03452792593013051
-3.0892368981206517
-4.755413421181434
-4.539742886374824
-2.637093926177345
0.18426245929238136
2.8914072587960113
4.558553397413916
4.664258978001401
3.2240579673524787
0.7384740897532595
-2.0007559037421587
-4.166443124511006
-5.133627907768347
-4.643873847054829
-2.8655167800972876
-0.33821147659374823
2.187542455595155
3.977088981608863
4.538089324300291
3.7714006799434787
1.9950922585312185
-0.1664310124111655
-1.9942060681320561
-2.9181295282420394
-2.706536797276493
-1.534829922951133
0.08899320233406335
1.5135517792291315
2.1802225051801707
1.823156556368629
0.5632034218041477
-1.137975666593432
-2.645062776721863
-3.3709145706776273
-2.9733727186118535
-1.4716061358765677
0.7443480731194676
3.017962774654924
4.62302299271178
4.993532814788856
3.9126850854770936
1.6041264936973079
-1.3048930635979983
-3.9507897025393746
-5.494548443398117
-5.398991795781511
-3.628812142946392
-0.6998893532217216
2.450044156431537
4.744713949107647
5.331097112126686
3.9043103942871
0.8730778310615895
-2.7163524341199565
-5.502884459044499
-6.293523105080762
-4.540657237650857
-0.6198614946817753
4.226370605535194
8.28192294941748
9.953235078268678
8.355135511096094
3.673735597776765
-2.832169869798712
-9.203270006267465
-13.402438008337517
-13.97585543307287
-10.5307016470327
-3.8756731964081053
4.212617791723978
11.512937653894006
16.002796305367777
16.426837632832374
12.63124609738304
5.583404755406743
-2.9114540078856894
-10.702642869977403
-15.852345338084616
-17.11460196821324
-14.22508433332267
-7.943796196050799
0.15054655170021206
8.060909163224666
13.869679972242395
16.212759009168856
14.611589360485583
9.575646977889267
2.4470275242076234
-4.965510358484333
-10.85532594029836
-13.864176788737389
-13.40023818132892
-9.757642106921788
-4.010857500483361
2.2895166500278044
7.538242166108755
10.498611061173797
10.612145218853712
8.110752607610527
3.903127737206838
-0.7230896609567999
-4.48818494946673
-6.484184331370218
-6.415240613712146
-4.6441680444309865
-2.0243169582546554
0.43508143955924
1.9497139194982451
2.2318717561712673
1.5388375304620054
0.4882054476502125
-0.26192000499276447
-0.31611560256845983
0.30326609016320494
1.2049924160779457
1.8447519587240244
1.7988976055753352
0.9675412567529771
-0.37986661614185857
-1.7253466273047033
-2.5263670193316963
-2.4433934840415006
-1.4783827096068638
0.025542510487115963
1.5142218438000883
2.426987004862169
2.401354632260364
1.4079407570506695
-0.2305910701187454
-1.942529009289086
-3.0967214289725282
-3.216902782722885
-2.1531419126630915
-0.15676944448769106
2.1699029706338866
4.047099488513604
4.773719910114426
3.9875364968781226
1.8331360936423735
-1.042894780494605
-3.6945925070496863
-5.21669174667228
-5.088617955246333
-3.378379549805787
-0.7217474512704394
1.9177866990859205
3.619620805401862
3.863611559768287
2.7289479171863276
0.8491261070375012
-0.8651068508450556
-1.6255985485716344
-1.120365172836199
0.3341793231940846
1.914580479067892
2.6484478497123143
1.8710675887618442
-0.41807212794050336
-3.472246251691002
-6.045375525356057
-6.880588690939037
-5.2445561251394555
-1.2913222172776975
3.89704124053754
8.62356790068675
11.143528277188404
10.295578184174683
5.976494505365788
-0.7248326039271304
-7.8112230689091655
-13.004912300916473
-14.511019378356734
-11.647371787466533
-5.111292316795627
3.2155176310197695
10.854867884678523
15.509093358761922
15.771760014188512
11.551754779446311
4.086696254723902
-4.45090558005756
-11.627219335647311
-15.487026605367127
-15.120742820683303
-10.872620555189004
-4.138190265850163
3.1441911201983137
9.105379923721603
12.453384416870932
12.734542246897467
10.304288464052094
6.066722996042696
1.1185591778414503
-3.554162044458904
-7.237956667077744
-9.510291556199583
-10.173988722886909
-9.18780565899031
-6.65174484809353
-2.852102629797474
1.6798371447510532
6.162626100450227
9.666580969814886
11.32778308180486
10.612525481789193
7.52985584070589
2.700332052202249
-2.762899372055576
-7.54053414519034
-10.47891939187533
-10.9265301547418
-8.916574419437854
-5.128289280499788
-0.6448726657132504
3.3985468593041204
6.15234492790183
7.262307735020604
6.885112751017791
5.517798178172118
3.7288127533199997
1.9202042784015838
0.22869335533463267
-1.4038613263102095
-3.0512434521912963
-4.630125398635242
-5.837862432944427
-6.238627962719093
-5.456885053133834
-3.3870031849495623
-0.32166829297852806
3.0674917761201947
5.910335682950948
7.4265288386364405
7.2067211650146925
5.356153273608391
2.430250124110751
-0.8009478888805043
-3.6334238293330325
-5.612948269412503
-6.549158933297999
-6.39875078607663
-5.140901494180529
-2.7677491316845932
0.5811503006422356
4.436158210558538
7.925646597630083
9.931095843651406
9.461388041390148
6.104103526755954
0.34594907322834767
-6.409507030446132
-12.184379703077838
-15.04123634925792
-13.76139727648861
-8.334522917281369
-0.06070304989116925
8.798530981326843
15.712280529175699
18.671601447611735
16.800944679221434
10.590219813046131
1.6983900491715545
-7.571336805353895
-14.932947317403487
-18.70888371082234
-18.19535880708907
-13.735276070416424
-6.525415932615923
1.7490996243989656
9.335203135509634
14.780316184794676
17.17693629716304
16.259586288701385
12.372758231456874
6.348650095002348
-0.666426874736762
-7.408967746787944
-12.702553606910499
-15.652022747604727
-15.795299583238434
-13.174919837535192
-8.308210892530926
-2.065903817938273
4.502200655566311
10.34375776917127
14.544058866453124
16.41964129440323
15.581398309629076
11.991605127346173
6.022812905004286
-1.5045819326838272
-9.352394411244921
-16.007505349360905
-19.95310627926251
-20.031362873232062
-15.806469362476427
-7.808869548463885
2.447608666116798
12.730404925342581
20.599527211496202
24.037051792431605
22.014031034080876
14.8228208237288
4.065250653142015
-7.716198219571484
-17.672874961201728
-23.380023722040626
-23.465633375656207
-17.97107283052128
-8.346142549430782
2.9273776961666784
12.990414223754962
19.364253235866745
20.602274384058838
16.654686515371825
8.844613735291233
-0.5365163115579318
-8.897037216789421
-14.082840438897033
-14.967769059831545
-11.719425871672113
-5.666369764780766
1.1732174319610842
6.734824020969795
9.517513068179365
8.983730333960132
5.645916564690966
0.8322188778347981
-3.7799259943169927
-6.703898441618133
-7.085486895580488
-4.920027396732845
-1.0002568081903835
3.366346873977337
6.770947091235041
8.122751858034082
6.960631553380337
3.579362163098077
-1.0592315501631782
-5.608130873340179
-8.73466173627695
-9.520565083417157
-7.7367656409437595
-3.9024932786196818
0.8897825690686846
5.319998364249012
8.23698401439754
8.978321141875524
7.5219318506037585
4.4379098429662855
0.6722623339889702
-2.7584487882487276
-5.062598023744359
-5.870814484098761
-5.28413682176743
-3.7730701219879785
-1.9737703489596723
-0.45482805644630103
0.46748440105721983
0.8053759374221564
0.8443501888013257
0.9814872208272113
1.5229055248544447
2.5224309618141736
3.7260331209342468
4.643820484624061
4.72392721558834
3.5681019175711195
1.116195807358958
-2.264007593792797
-5.820118448654727
-8.592851674442556
-9.685385574136342
-8.547019390730668
-5.183028805557759
-0.2175610595416217
5.225444813370969
9.80199620256533
12.310520134938573
12.02885041083087
8.92687213495551
3.6947637404987366
-2.423312304461079
-7.949906269170351
-11.565561291218293
-12.46083394704384
-10.543187264207495
-6.433007807966642
-1.251125043255607
3.7276736235712824
7.435031241770013
9.264146798443317
9.146333646398256
7.4480822816049415
4.758106127421575
1.6690043147657716
-1.358202118232349
-4.012012430480093
-6.060230446678983
-7.267519544065769
-7.378561462648555
-6.197790465518593
-3.7305330954823677
-0.3040228168685528
3.4151172945465653
6.54805581913217
8.251547161699351
8.000723111569975
5.792196457652587
2.1789358330666007
-1.8819278001332624
-5.3142337096839
-7.241252946989568
-7.231711509719985
-5.400545460590973
-2.3464705025850514
1.0408434627425762
3.8409752645567714
5.3582135042763195
5.304780577042348
3.8606409696113686
1.5917478679824366
-0.7466717329630247
-2.4575654672755816
-3.1197351059117944
-2.7038535051477033
-1.5488445550083607
-0.2117277783604582
0.750129276247417
0.9849267411795553
0.4691136749210946
-0.4939841473712927
-1.3962003918946406
-1.7219250371709627
-1.1513517107023268
0.3006523271844518
2.2577845119286435
4.077552501566194
5.042007723729878
4.592860915550623
2.5455758958718566
-0.7860586003797216
-4.607982263755477
-7.823336346654167
-9.337385340358994
-8.411118277680375
-4.953663090483
0.35685309224960177
6.191207061219626
10.914665239895745
13.068028233560781
11.837484660869057
7.355596275814235
0.7185142193163979
-6.304898807350103
-11.789425894701322
-14.231625024256175
-13.001563503238632
-8.519726455624799
-2.102429213224177
4.465083840740938
9.474619573324096
11.777406216937093
11.059929702087715
7.849597403934497
3.273328506585444
-1.3356782051640075
-4.847360899770737
-6.629250077264804
-6.644272652451774
-5.3447647298688725
-3.425961575903479
-1.5443578027208211
-0.10633960411982454
0.8062986078757592
1.3659684799027652
1.83345088018706
2.3809555779614224
2.9840098642552397
3.424248169280711
3.3962211729048573
2.6679948867495575
1.221500467286239
-0.692577510943345
-2.6129814486755927
-4.018988879889183
-4.514652226960694
-3.9711687959428734
-2.570971620547469
-0.7398610756389377
1.002548932680795
2.217388887876362
2.685485175443271
2.462879347818905
1.8311340779546128
1.159682031996062
0.7370107366081358
0.645280912115796
0.7359848796596895
0.7170549709418479
0.30926267909355015
-0.5979391445239773
-1.8579265910721499
-3.088944735345359
-3.80772094054025
-3.625278106013816
-2.422879088750993
-0.4288967906848987
1.8416750183271287
3.7611398473751683
4.804387851586449
4.720434451723221
3.5946870503735022
1.784336804350515
-0.232328204024623
-2.0184349333198472
-3.287274794945698
-3.929072237779255
-3.9685437631738942
-3.491304885493286
-2.582777517589633
-1.3111710785878088
0.24250995930757144
1.9356127972574282
3.535722748112428
4.738728849668434
5.233025833655738
4.7894014129810945
3.345969525999567
1.0577679800517035
-1.7067714508298282
-4.422451102301456
-6.505866762689749
-7.4404170634189795
-6.907367988393322
-4.890361216619759
-1.7089262690268954
2.0452708187859026
5.644910849876172
8.377526528739754
9.66452489824646
9.140395290944763
6.711727276300965
2.6144744537124454
-2.542533621294427
-7.792151129043344
-11.931700358088532
-13.774629515281132
-12.493382490020252
-7.953291850297893
-0.905061640553361
7.07467828500187
13.928064542922941
17.67367347538466
17.014051716537164
11.79406579919247
3.149733574070771
-6.7216981627875985
-15.13526866577262
-19.693382485243546
-19.028088043108735
-13.254761789000904
-3.96541544643309
6.249933553869583
14.593871309908716
18.893401279415357
18.198693701040256
12.971817022771445
4.840858626177944
-3.9584230394818785
-11.244966280351605
-15.447326414885042
-15.906794886659075
-12.888538658145887
-7.361063155059714
-0.6639846852692481
5.8157291293123405
10.885947727269164
13.69505365125662
13.803986116456482
11.214299081907097
6.365921738906044
0.09979165529694001
-6.4289695528795505
-11.90479017262422
-15.081297995159748
-15.065861004527836
-11.596038538067349
-5.2153106109710805
2.741787683652299
10.400372433781824
15.799122756246309
17.43342497588025
14.724234997077785
8.252377553490028
-0.3421779635065456
-8.79155807967842
-14.842044183146106
-16.909876799438543
-14.543083888420258
-8.540339464345225
-0.6902058730158102
6.7804279167631405
11.870820977832688
13.377824355972942
11.201773229581441
6.301109174112288
0.32752624950052517
-4.92087614924133
-8.04115114491275
-8.396756753404302
-6.227004707268165
-2.4918271979187825
1.4764717544682169
4.3984618964692075
5.424247282240026
4.359605473099949
1.68811579979447
-1.607631261253195
-4.370537508904824
-5.643053267922653
-4.976575551321237
-2.575414399246924
0.7809627561141326
4.020063703650336
6.161312414091833
6.65096457068797
5.510917879564217
3.2491526754449054
0.5913888039367714
-1.8287251095725354
-3.678762240573764
-4.950863070827416
-5.804827956943884
-6.330294441517519
-6.374149438992791
-5.543290765378124
-3.3982228221207986
0.2434714083111047
5.034928963228132
10.006595745174087
13.7404383380371
14.790265089923512
12.215201512172186
6.030631669484095
-2.6128303618162483
-11.628655644193639
-18.538272813785458
-21.200792742930528
-18.514191068689577
-10.869599180496904
-0.17516476353403415
10.626517265629984
18.443790187819864
21.04388842234371
17.819861787580624
10.013957746106215
0.289736217023904
-8.203312709815663
-12.929775188976071
-12.826759801006613
-8.608065938870151
-2.4110080875720317
3.0714480013640624
5.640925473023086
4.430286583678005
0.2128801426006985
-4.932263454437297
-8.471038149022219
-8.449702801071707
-4.308641002936782
2.843476674221783
10.598347474310197
16.11552147910446
17.162469294258898
12.945733685679405
4.4354367269383035
-5.9289547420849
-15.043276913059879
-20.16513967281484
-19.800709002160968
-14.15353574432612
-5.003800476016182
4.914169077387254
12.805434525979665
16.673238121245817
15.868990808737976
11.17694616388787
4.435561245730988
-2.150188429965969
-6.7525640929154
-8.462905085202776
-7.464658259233304
-4.812856943897467
-1.931941559917971
-0.03397485898147446
0.3249673880987966
-0.6033368870979752
-1.937419197572423
-2.590802945139551
-1.7707800832028824
0.6474160679262722
4.02204273614042
7.1656691309696825
8.800006083798126
8.0627328276731
4.866258230930636
-0.027991063233029544
-5.245673445492562
-9.256429792198187
-10.882024869807326
-9.674690382957245
-6.041532978996287
-1.0848210830848075
3.7743586524714567
7.249853288126796
8.565111226545618
7.63484629716514
5.015902557175712
1.6666180502029488
-1.3895148119851268
-3.3795736927049553
-3.981619838893256
-3.3638272344096904
-2.066518240635652
-0.7725665282055013
-0.04474444326512702
-0.12160946875064353
-0.842004545761993
-1.7206123541143734
-2.1454603744359813
-1.6290053500001247
-0.027298704042151668
2.350083046727192
4.788414244116463
6.379351682547635
6.34262379127966
4.349456305168186
0.7176241811482588
-3.6170403815158707
-7.3649202276926795
-9.301217955780512
-8.693909407794242
-5.585857801183495
-0.8213736661952286
4.204582324025484
7.99408088854841
9.434451122865266
8.156438424807154
4.642857892346232
0.05634212729133177
-4.154085798268303
-6.7354961010692325
-7.036310335531791
-5.191853838126449
-2.02888411162626
1.265756080022079
3.5811096946449124
4.26020094942953
3.290256428679417
1.2519230924464764
-0.9385229054801516
-2.3913969428907724
-2.5754344080149947
-1.498813163662682
0.3219875184982281
2.0843826578574096
3.020672067107587
2.695117889456412
1.1711948591992833
-1.0073139684036096
-3.014190434102907
-4.048921928839452
-3.6442144625313015
-1.856890463577016
0.7339323367751319
3.2248766957657415
4.710943120212046
4.614586869045776
2.9012283124525315
0.10276778166062531
-2.859607797765376
-4.989332463837423
-5.552717514695136
-4.323701346928608
-1.6551731629186144
1.6394176185268567
4.547220035857548
6.1716325247892465
6.0036963378971135
4.0690789528141975
0.9110071547337274
-2.580006478222602
-5.432724703631827
-6.872208234075442
-6.521633923030144
-4.476322822649335
-1.2477729079652862
2.383052345890322
5.549673581971346
7.480929523921244
7.658642301806437
5.938051523578092
2.610835243471879
-1.613471361123916
-5.726966389944185
-8.642954521130864
-9.478054438971595
-7.824484606762449
-3.927743847735423
1.302197673228294
6.481060369916305
10.115350421538297
11.047378162761802
8.843011468263523
3.9911563077487844
-2.167616783291846
-7.793315064183938
-11.103723719086936
-10.974576641472092
-7.370849085407127
-1.4278126455072904
4.882325861688791
9.404910622408275
10.55552758747254
7.9006963166168855
2.3503237399071475
-4.121862684357485
-9.149268139237309
-10.810397022644166
-8.338737358581891
-2.4433619674361546
4.890484708670928
11.066528787292997
13.780869681941866
11.84509892272174
5.636740786923168
-2.9857582402778844
-11.279763893609221
-16.52513164292272
-16.932019839035924
-12.240037314028799
-3.8052774517985024
5.848989829017674
13.856093700157212
17.917588951046866
16.995318187614195
11.566219159715692
3.3857773583594803
-5.125385629991902
-11.646783213654784
-14.625774541170097
-13.653217047199451
-9.460315965574006
-3.5757666393896423
2.2142981624374367
6.416238159862963
8.223208152881254
7.654332175744134
5.42373341025864
2.6078725484906635
0.23800539546972915
-1.0418500754843272
-1.143162082120656
-0.4846515953642924
0.23716566290509605
0.36142428962949036
-0.4605230394043574
-2.123841285042615
-4.104018827063914
-5.640312114141834
-6.000875705659971
-4.7456351581281035
-1.905129960204217
1.9838388043935764
5.999813274146028
9.078436008388
10.304155855667473
9.174494706233421
5.76801424971136
0.7643391623583798
-4.702625076167765
-9.326368087979446
-11.964671257744516
-11.935725477667821
-9.196471218075096
-4.361454476865816
1.4420867223001999
6.8499572674967375
10.601100548998756
11.855131590799525
10.40203805164812
6.704457835517554
1.7579195974822805
-3.19043175511047
-6.978884235412552
-8.825544534979624
-8.501452018288145
-6.341053713415491
-3.097386998793652
0.3010755613389328
3.0105304396523698
4.478028261752953
4.549970635911313
3.4671259681986815
1.7576711860570644
0.0629323468863849
-1.056208447244561
-1.2814788320038264
-0.6254269248882239
0.5785229772323108
1.7854613844923273
2.422043614155457
2.0879683220651075
0.7063987240814628
-1.4311714941448357
-3.74277822590075
-5.529230284835399
-6.182428925627763
-5.362887779232716
-3.0978632547309854
0.22016777633919266
3.921875018409708
7.202136903981063
9.281705965220489
9.567010388137344
7.788648901908964
4.099513280807706
-0.8907738204671204
-6.1779931464468
-10.547353945941905
-12.861629206806303
-12.379047766988707
-8.998962703922276
-3.3502352997154285
3.3172773695071625
9.421959832405195
13.450503388803615
14.361912725258492
11.880666976033014
6.590337058255149
-0.2051443095818964
-6.8170809139311945
-11.612223452995627
-13.437010901065026
-11.911611912082472
-7.517446312940777
-1.4593199504760923
4.657736061870995
9.252052683193103
11.18054959926375
10.03678305241851
6.250551334018911
0.9595857887685885
-4.313277246868603
-8.08789766864724
-9.339268614721593
-7.77959236189172
-3.9319438091376795
1.0266832591866935
5.610887207624479
8.459467785608599
8.725870470237846
6.319010690567309
1.9349061656945867
-3.1360961640433747
-7.387745417258467
-9.55263294917204
-8.983118168612052
-5.83489759972578
-1.0039601837105834
4.149952442279978
8.19890225042576
10.043481189973619
9.205650828883746
5.947066845531991
1.1862585086019566
-3.7642694291533036
-7.572164840242748
-9.264230251578363
-8.494674841774573
-5.617870592741734
-1.5471518870473076
2.5435788788072045
5.572510083581224
6.851301856004398
6.253101939564788
4.202051107610868
1.4917609634363733
-1.0030379133839238
-2.6211980130411465
-3.1130472282271326
-2.6714904671699284
-1.7906394081901895
-1.017447202848901
-0.7042065635549308
-0.8654723001701418
-1.1975015977003813
-1.2483448696263464
-0.6591848885851833
0.6349576609116072
2.3368995697771187
3.8814520781403763
4.650427603295816
4.217750126498283
2.5265623847025735
-0.06663084462785805
-2.8920950742298923
-5.172563693005427
-6.263250993815453
-5.846800361296749
-4.022732813933775
-1.267852548533448
1.7154428060399802
4.210734802122925
5.687054093342452
5.9213040914631225
5.010812230967809
3.2861288649083114
1.170634390561249
-0.9517181264931891
-2.8108559296259497
-4.248948955932727
-5.164020195591428
-5.4492056928066885
-4.97655412635014
-3.643490797002475
-1.4627392235972156
1.347847713004023
4.324878105351513
6.807590763383597
8.089116042454489
7.643040571233534
5.347163550077827
1.6025320062902222
-2.7235575346704355
-6.529777588068869
-8.813014024463872
-8.982533463632357
-7.042423312326365
-3.5773239354671076
0.45040556323258246
4.014682867275298
6.334664989837666
7.069594378388801
6.341026090292081
4.596630184850263
2.3923168510302912
0.1940823003385881
-1.722414853593102
-3.2539541775268703
-4.372175409615778
-5.017832302694135
-5.054993777258552
-4.316906883144789
-2.721617972452952
-0.3927407736694991
2.2873712579317105
4.7340660062288045
6.316053461981997
6.554653007056373
5.292254069366912
2.7664631926187946
-0.4381593201981074
-3.5448173638612746
-5.796597219897358
-6.660998380136729
-5.965584027279423
-3.929071188335183
-1.085997912728947
1.8686784339246914
4.264989696943481
5.6132600245675714
5.688846296068309
4.542427997110433
2.455941484112872
-0.13119110340737994
-2.7039411843927605
-4.747913303434065
-5.821039914101106
-5.629962041583043
-4.10757891395616
-1.468252196298005
1.7880250048488995
4.941222847553272
7.189123702979445
7.838895235991235
6.510039397136408
3.2894295516403083
-1.2180239250158533
-5.974776182685161
-9.72967857438963
-11.332940990816924
-10.074020350595326
-5.9463524717591385
0.25244306961019175
7.042476417412518
12.606244946745896
15.28545545031423
14.093565924313413
9.075720106349086
1.3763717578442787
-7.033696167498446
-13.901440742641487
-17.343616626021248
-16.405260043305486
-11.347502724729033
-3.568738572749157
4.81983982067024
11.627954071446597
15.223165622274726
14.967406120290782
11.320371206386117
5.593185260184501
-0.54022363681541
-5.584040015150028
-8.620061229602774
-9.447610330239375
-8.46257360424568
-6.374658859608457
-3.9019701332359946
-1.5571891940748819
0.4239065608738471
2.0280206860268115
3.342116327985276
4.429840350482083
5.257593830129255
5.690323983185842
5.5429837121819965
4.6573675975967905
2.9783367904635765
0.6090844486230537
-2.1725929345207606
-4.944301116399947
-7.207006756266916
-8.476275776026851
-8.383164581380331
-6.76857326961536
-3.749768975578747
0.26078916917840866
4.595213494167661
8.429363360553502
10.933279472017192
11.452532134557204
9.683668577211133
5.795185369274247
0.44959449023069814
-5.29679413805014
-10.2076150105415
-13.148125678369064
-13.362841218093203
-10.677554043193787
-5.575451308370201
0.8768295019421863
7.247693588857785
12.064870648845494
14.177413676731787
13.064403278615234
8.992899154997666
2.9604013979402892
-3.5718547156349647
-9.073021248963398
-12.337751147356757
-12.7608810788318
-10.423311606403887
-5.99467020245421
-0.5160444236758581
4.8544028529161105
9.066660458678129
11.34252382174494
11.275508949983557
8.879023703336037
4.5910041066500185
-0.7706967348496446
-6.117969613498938
-10.276993497118749
-12.233506442055937
-11.393104680644093
-7.7862005415978075
-2.141252084451918
4.227531109434137
9.719642440726464
12.870599107270868
12.778234166345454
9.395302759903053
3.581911392452714
-3.115563370255992
-8.9021263418753
-12.254148199794004
-12.355085757502131
-9.310041992205218
-4.078899617279148
1.8409916965495348
6.874282399159557
9.820011590727445
10.155991359490528
8.10949684014857
4.493227326459316
0.38729417721424103
-3.2077376435616505
-5.6288481660176695
-6.649497446967452
-6.4164670896068
-5.282015123583806
-3.6185677042657267
-1.6949462890699778
0.34427768142362336
2.4077683602206976
4.353215785169448
5.921739486797045
6.7557184994154165
6.4993116650286975
4.941974832640443
2.1471379651858356
-1.4856156489464778
-5.25510894044922
-8.294723462206942
-9.786789954492754
-9.201434008066633
-6.48469143956527
-2.1244107348475634
2.940884691213805
7.5485439125510005
10.605886152598487
11.36750957746626
9.62148478468546
5.73846031563827
0.5780305304641998
-4.715497871257483
-8.974135606249392
-11.264283782069558
-11.088044040415888
-8.490302160254267
-4.053124778895429
1.224794887348528
6.146102657247331
9.587498676296615
10.766060266623983
9.434998831162774
5.955937010762303
1.2196938516828442
-3.5745205507235456
-7.230647738653493
-8.877161414316049
-8.205606041290373
-5.547411626478852
-1.757645718100277
2.057394575485965
4.877156118360995
6.05826875608719
5.48933484058831
3.567818197520889
1.0215128002784024
-1.3517525718778833
-2.9318600601571605
-3.431288869472467
-2.9195704425236504
-1.7323056387637759
-0.31785425115129623
0.9140884749756114
1.6926284710380683
1.9175261017377812
1.6382830315769956
1.0082715818664518
0.23213937348108735
-0.4873595139026351
-0.9972970698721917
-1.225320825180761
-1.1818283504019549
-0.9351898698185117
-0.5771166614770615
-0.19568661668083823
0.14108151978849623
0.39705349350546043
0.5740154780226481
0.7025244707374106
0.8141744015062413
0.9084995591060361
0.9399168654939998
0.8421029284190452
0.5769198408458339
0.1690533169005478
-0.30300292872685863
-0.7521129832829774
-1.1282001431943303
-1.4294796168376915
-1.6692235925230778
-1.8211597923724496
-1.7853425282537345
-1.4072787998718033
-0.5531092246857406
0.7892606290039597
2.4320704217154154
3.9785128013535305
4.906055732693997
4.731947200816006
3.2139470525719847
0.5115556895285629
-2.7727928994946227
-5.722780550508712
-7.389703022016062
-7.131419613956155
-4.871994113616848
-1.167703476247771
2.953922153308711
6.317798411328309
7.96341308067593
7.423855983272382
4.848426637990492
0.9512230132060995
-3.1911621013279787
-6.436995933403455
-7.887658132327333
-7.121696651617001
-4.303465443596172
-0.1515353683868344
4.228485176564343
7.619617325085085
9.01514904290998
7.901139202673043
4.424331998053643
-0.6018662687825583
-5.869853222188109
-9.905837256616326
-11.479869201901845
-9.982097903207285
-5.641211832698365
0.4980692777425576
6.841388863705873
11.678108586949834
13.657420486393539
12.16967216185174
7.521394317227243
0.862883913823994
-6.100077645425187
-11.544435459111442
-14.027242904265915
-12.909354050215718
-8.559730466249409
-2.2532646628215933
4.2210420850916535
9.120040932450937
11.281497936431748
10.440898947346419
7.222496834272428
2.8315793830319773
-1.407457420089423
-4.476924082903761
-5.9085107366201495
-5.794022390762127
-4.610043864719465
-2.9574230963756163
-1.3281806001105052
0.014530297846056585
1.0180844069379031
1.729249940158607
2.1776280832611676
2.327425915704589
2.1155560356114393
1.537988197085985
0.7214876460341786
-0.07387686510721941
-0.5427733976488243
-0.4832938404943405
0.06886387004644812
0.8026367653840345
1.2317239534195452
0.9056915249169767
-0.35707154493082705
-2.323923774162925
-4.3656502553783065
-5.64624136902344
-5.425196725840951
-3.3649173942264046
0.2756629745391506
4.645982868923986
8.518919571829054
10.648050555546938
10.154494988138138
6.830528174290316
1.2708950634025482
-5.219823096581381
-10.940021781453018
-14.253765796117209
-14.076498608241613
-10.233580556896529
-3.5679573399206292
4.252761616504255
11.184069452267748
15.37846309033706
15.71200510240321
12.100535047469531
5.511240490220264
-2.3236406864899806
-9.394159062013614
-13.953189062101314
-14.957131527279506
-12.293341413387306
-6.75295840860813
0.21576535309416658
6.8866424828250095
11.664773974333736
13.43874806581684
11.819366266113313
7.233507686788645
0.8498682801834083
-5.677010368175834
-10.616347446787858
-12.629284084311646
-11.155129570633084
-6.587942792531854
-0.1818995490023532
6.28839105295145
11.01323537696645
12.644112151133763
10.6702717663129
5.576785476440017
-1.2640520696238433
-7.949198594726433
-12.56037869041923
-13.701269394277979
-10.909711259029041
-4.827547041398568
2.9309105725273596
10.193256814314319
14.827631545871213
15.36673516336745
11.475349675070058
4.106862418670328
-4.722211525068655
-12.491857163706433
-16.914435079345857
-16.625243073125674
-11.610389453102266
-3.2326572066427484
6.156625252512771
13.903259330334581
17.826747593264123
16.852117250669796
11.305918890131716
2.79224900922753
-6.303416702139241
-13.521372430664126
-17.02466289892245
-16.076303325432235
-11.165831966698972
-3.7749688204719445
4.1119480600357425
10.584331173351366
14.296287184158183
14.732791345011572
12.186062966244508
7.492706918243911
1.680224674803027
-4.309170819649123
-9.71234173721851
-13.866607637256138
-16.082414786219044
-15.629245157380529
-11.928204440196374
-4.911897023782712
4.614131989735627
14.83103756948374
23.157746399673663
26.910582204580006
24.197094981118834
14.727802146901192
0.2080307141452508
-15.907600446462526
-29.29260497748491
-36.01324596172316
-33.77491186419917
-22.72500900856498
-5.520295939747932
13.389023695924168
29.039062124889437
37.386742587625186
36.44490950897246
26.77538148797817
11.218028403592301
-6.021175958161982
-20.61281196417581
-29.28685585326718
-30.608344678174227
-25.149825896825785
-15.072653132511306
-3.317449062207424
7.295070454252905
14.766431856812648
18.249798242657242
17.980953811111853
14.917202709448576
10.265150239959599
5.080745747136289
0.0642031375382423
-4.4232774287329315
-8.189852041812802
-11.015254169948264
-12.540573978997703
-12.307469724604955
-9.94611066323129
-5.446727362691688
0.6099596002522917
7.006676722419424
12.117720258420446
14.385575759745771
12.891811311999165
7.79302158303324
0.4173989391303394
-7.061933869749032
-12.295434412411971
-13.546277337764097
-10.319563083421254
-3.5931898911754825
4.455333703091679
11.150236513797951
14.209959267926962
12.520203560010705
6.517785964047257
-1.9476475007863865
-10.221400363563227
-15.703141655635623
-16.663770944491414
-12.761160150782576
-5.111211044012771
4.086168696516111
12.235497155892363
17.126828923880968
17.561059099476964
13.627277042013478
6.568988250703783
-1.6758248170270682
-9.073946093933154
-14.029215544847546
-15.700532495647009
-14.060049214677422
-9.742376599492362
-3.789603756862378
2.603817785554951
8.286500595274264
12.282953655897701
13.894951158680895
12.79811005071571
9.129098997854069
3.5260135317170076
-2.9258099054185918
-8.86872757440079
-12.953068838001375
-14.163818576590216
-12.105801210408378
-7.159890925496503
-0.44993597922674183
6.3985054369271674
11.66713365403867
14.010620760777574
12.830448375647174
8.435748079891894
1.9474013622945452
-5.009075111811081
-10.715650942694817
-13.765440431248475
-13.37573764020342
-9.564104225081195
-3.1651351270458425
4.32050155843801
11.037067490288013
15.203992233476516
15.578291017978025
11.828777540986682
4.7038442144441275
-4.0831497032174555
-12.252729362116508
-17.556350927752703
-18.41192839151396
-14.389693159314582
-6.393557466712901
3.533144039638679
12.7416919593169
18.71163017501501
19.77287507911436
15.599346554875908
7.322564752103901
-2.7740323498533352
-11.896858476950815
-17.541060972472252
-18.21952380232523
-13.901751111910986
-6.015575101448625
3.00030259346226
10.456376837025402
14.245638815759115
13.48449269500063
8.752387236161479
1.8504313750280716
-4.835269761643464
-9.142093760788965
-9.835813286084493
-6.97892174837627
-1.8425045025095443
3.59789135451352
7.386534587200016
8.261877477656677
6.04735167634094
1.6409874729080403
-3.3658448132296503
-7.280746870440615
-8.888366615021992
-7.81009511066319
-4.539683917357553
-0.18112189014351068
3.9792615021660556
6.894196822960986
8.026307254625943
7.399948128680974
5.456459402445142
2.8070357728027315
0.003055787302413721
-2.5846220205859054
-4.751661848051537
-6.357165617243025
-7.219143217167869
-7.088867751242174
-5.735656308392545
-3.108078612346766
0.5146204217374264
4.4762946723108055
7.85567287697867
9.71679335483636
9.414913028635388
6.849610531049264
2.5710230544163073
-2.319285762188628
-6.474268010365942
-8.733875829236949
-8.531202452231193
-6.105952488898455
-2.42409881781755
1.1793153028144872
3.5009575619974376
3.9174532508699125
2.603177997234586
0.43390951974276337
-1.3811057012680608
-1.795064270521137
-0.3610010922663445
2.551372951323337
5.840752623378834
8.040334204006971
7.852817828928928
4.679461763259604
-1.0469983456971812
-7.867831062770682
-13.678849307951998
-16.389398454794733
-14.651414680137476
-8.407147772107487
0.9510981382386965
10.896931747428768
18.49403064517026
21.31811194644795
18.280020191595977
10.058110503406551
-1.0398842329051121
-11.771148299624816
-18.9876794639546
-20.64910296249702
-16.465702152590143
-7.951387900230577
2.1218908678154103
10.666114646583079
15.281161640152607
14.977759871055454
10.389003185126805
3.4287031825418177
-3.4506467242071075
-8.116743438712302
-9.427343276012946
-7.495139028043842
-3.4934446439691986
0.8821147714627791
4.066762478387452
5.148523522042111
4.091222661727418
1.6202092162396537
-1.1434678612714637
-3.1392713364618765
-3.7390715879719454
-2.901828213299221
-1.0759733511933813
1.059674353158257
2.859668207866021
3.868162846355745
3.85236902741145
2.769902362047299
0.7463386285914358
-1.8975192291561265
-4.600622282322494
-6.581606616655803
-6.995439989344585
-5.228226446102085
-1.2363202826562016
4.2310981743745995
9.678426894288945
13.237550862298397
13.285263234653389
9.095296919465145
1.2679116737903031
-8.265841212012969
-16.725479501169126
-21.327198114512594
-20.222025038715753
-13.193279560790348
-1.847579768758892
10.791570288394656
21.168549202566567
26.274201894214816
24.566748538045797
16.437347636682393
4.078323942834736
-9.18776597619382
-19.887588003147474
-25.370184394337983
-24.48629326290785
-17.801562705258036
-7.324009712222494
4.135359238344107
13.760156701530772
19.45062955145535
20.278818617839775
16.581991086325274
9.714922959020562
1.5776918133829956
-5.916481979317855
-11.281940388447811
-13.716728881220599
-13.150930165412197
-10.12320404028741
-5.55871821352474
-0.5254024617666573
3.979489376768536
7.189665918432501
8.67054498068704
8.35867665800258
6.536576508163732
3.742662846367125
0.6336084458383775
-2.1628137306993813
-4.165692977575435
-5.110626559827176
-4.97066093118686
-3.934272398963155
-2.3461382279664593
-0.6206272108505336
0.854663967737911
1.8051816512873633
2.1269837549509405
1.9009742989328515
1.3581364553407593
0.8005548504437593
0.4924392649092075
0.5525396685733666
0.8965703426722146
1.2678032519956761
1.3525448066218888
0.9316967595404035
-0.004647193758072404
-1.238972334940952
-2.4134918423058402
-3.177141003822573
-3.3217824103139653
-2.846045792312484
-1.9212192612847472
-0.7848175839569179
0.37432404859125473
1.4758044235681533
2.52438682373787
3.5234369469209863
4.378838683720341
4.853911167325389
4.615752230550747
3.371607945422339
1.0437676351965073
-2.0989973978185
-5.426517952110771
-8.078903086448433
-9.216279441337628
-8.30694083657036
-5.351015726807102
-0.9478915490227648
3.8390382174605397
7.7922076434090055
9.91992516747166
9.76569739238282
7.5305546927093605
3.9659709241008527
0.08448034361686134
-3.195276225245539
-5.328650762521269
-6.245003185254013
-6.244294111646745
-5.755807218409302
-5.079484911512951
-4.230707363224433
-2.9574561579844603
-0.9201112765977345
2.04583423421738
5.70081445224876
9.31729404752212
11.806110950001104
12.043535800206644
9.305819981285499
3.6535210896970716
-3.9018688622950006
-11.553483691517874
-17.166962336184277
-18.930874756002893
-15.977555564724074
-8.749493988432516
1.0409430617020154
10.870207003795286
18.13860887868101
20.938138180481594
18.601087187995397
11.859662252269304
2.582527361016822
-6.806745401650648
-14.02934699564087
-17.548170617031555
-16.89546384752344
-12.667246779801356
-6.230487061644929
0.7307871917010553
6.675506485365931
10.543727408451229
11.909589624014599
10.9513042516637
8.282107287148696
4.708302430380128
0.9915987613759241
-2.313708934647271
-4.909147938080536
-6.693837596352341
-7.651212608616886
-7.7509540111520945
-6.919796004197416
-5.093187015853418
-2.317167760434921
1.1542759875543906
4.821456672439982
7.993817886377569
9.93351537818409
10.049415011828922
8.084023410046237
4.2349457274301585
-0.8301778449634504
-6.078289957552566
-10.3209303214201
-12.490099593133028
-11.917673083380748
-8.545029265989514
-2.996411447608628
3.520260846228463
9.470796230279975
13.353156968066445
14.082591052736776
11.316589966467966
5.617642364285584
-1.6294301756465208
-8.555684986499301
-13.317256061057583
-14.623669852984632
-12.121026629014219
-6.508157231018199
0.6567705155244109
7.40754059202997
11.943606322981777
13.147245942110596
10.882466810767577
5.987334260495351
-0.02673212625630813
-5.46060490274896
-8.934209235977907
-9.75317350085262
-8.033832576188342
-4.574399602709116
-0.5407935996544211
2.9172193839151013
4.996790203106971
5.425551350556846
4.456393129283722
2.694005692176194
0.8308522118340833
-0.5995676605295656
-1.3612210521043302
-1.513187359164006
-1.2989292413498905
-0.9959541288792763
-0.7929173465901846
-0.7355000480620746
-0.7480684224224202
-0.7065572121329844
-0.5209873978380893
-0.18808923809414066
0.20931991254772514
0.554418220333849
0.7702908796238618
0.8690342582221694
0.938831404053932
1.070146173446899
1.2664563789919314
1.4001942319685445
1.249324707545351
0.6051325493663783
-0.5957535187268517
-2.1777844118210004
-3.7234477378261097
-4.678521460573088
-4.537868905653438
-3.0472542406509566
-0.3448036827807749
3.016289002376938
6.181584072408227
8.218268175885397
8.38678740084228
6.3844323923952215
2.483933632374312
-2.487223027973488
-7.334348168067929
-10.801684159282452
-11.908565813641209
-10.22020496300889
-5.981878318614239
-0.08403413319821008
6.134752526284363
11.204696854939357
13.887504085940755
13.489120938675432
10.034346701606436
4.258927925437008
-2.5680620977791397
-8.936482681965108
-13.429077117417945
-15.027797014732593
-13.33850677457955
-8.693166741276121
-2.099002772494675
4.971597667199474
10.913694438459963
14.367564721624007
14.547828669608938
11.439794376654804
5.809647864396033
-0.978301500978594
-7.29530145708171
-11.653799307721924
-13.084943561518148
-11.385489439089472
-7.1567472836469115
-1.6152420387671618
3.769347506668898
7.691949287522909
9.35341640058499
8.627677538775938
6.020469231682647
2.45367162400706
-1.041019299495764
-3.619108750770308
-4.825816335136799
-4.656037537757107
-3.4738325007733613
-1.8378318061820982
-0.30054973485273234
0.7522716442995953
1.177796323817405
1.0605454358099036
0.6340582470637992
0.18175051568080994
-0.05342980471688014
0.06210492306292417
0.5152904815318328
1.1537633598205619
1.7395210714645635
2.0298283173279366
1.8548463360644574
1.1649131738404017
0.03664298322232439
-1.350980950810734
-2.7481843765133744
-3.861447993478726
-4.386054113412889
-4.063868712164386
-2.765616429667757
-0.5680544903276477
2.204229606713471
4.987302413868929
7.054032187172116
7.678853429187642
6.378623812136674
3.156116806183894
-1.3680708722188382
-6.0323437128225414
-9.440010738696728
-10.412644233474362
-8.43122602949272
-3.889535968533518
1.957493214205095
7.35695152420488
10.620317131359014
10.692025083269705
7.521722609702991
2.1037787963173864
-3.8375655541673104
-8.415391610106767
-10.206111495231548
-8.717326035275722
-4.536366364475539
0.889330299316659
5.7599891489869455
8.537056109851937
8.443737751962562
5.681021890688046
1.2995333173741164
-3.20419609699896
-6.406470476308287
-7.406688151665907
-6.070070655871623
-3.005726260236516
0.6904506379124887
3.827875405895862
5.510107150607779
5.391372780506806
3.726651459857928
1.2194232871733905
-1.2583119374053082
-2.9640356443407208
-3.502148448996662
-2.904025529910998
-1.5617035541806756
-0.04989816951424941
1.0943310904907178
1.5526909092320027
1.3050123132779425
0.5883221812368385
-0.23262897805054064
-0.8198895085591431
-0.9790101696514266
-0.7007845548247058
-0.12725227409546216
0.5275054999185783
1.0614976100493299
1.3439490551981514
1.3342117321758218
1.062139405972987
0.5913893995339612
-0.007188349015508872
-0.6615281411019015
-1.2924136054160382
-1.808554618398341
-2.1097146137977156
-2.0997023161799944
-1.7079027072033044
-0.9147749359788664
0.22528185469104728
1.5697923869284536
2.88823553916194
3.8827427215566455
4.236480956642587
3.691708938106301
2.1459760167807156
-0.2616048991166563
-3.111084944487124
-5.743273606537519
-7.398366802685679
-7.431200243958398
-5.539123636505641
-1.9187983573384602
2.71265996014632
7.253717810046602
10.485139901903487
11.400035819216383
9.507312197335775
5.019044168177578
-1.1437554086703767
-7.5434129569383215
-12.570966935934825
-14.854520445537645
-13.626802902210805
-8.959499396480844
-1.800039947014656
6.211123999151249
13.113472594952755
17.110708412391748
17.050886261248138
12.772802010561962
5.2077055404080586
-3.8164980848968546
-12.03440555169468
-17.345234520488287
-18.385532996620835
-14.903856812593325
-7.827098989713626
1.000364929865878
9.326567964499581
15.099422096594688
16.997286835478057
14.740760592142692
9.112723344299564
1.6959235115896152
-5.585952423246961
-10.987810865729148
-13.378705370322646
-12.480301989623522
-8.856389387273873
-3.676704595853195
1.6573247291306383
5.90559443917328
8.287007880312583
8.605194796341891
7.187886339268492
4.689900981342286
1.8460180828754857
-0.7405130099022211
-2.7144591788828145
-3.9718538312020506
-4.575439781786709
-4.637389397026848
-4.229346208115139
-3.359876605051351
-2.022772683676655
-0.2816181327985207
1.664624206427876
3.4800591032746797
4.763996671116591
5.1704909220087885
4.5311773683172305
2.9366457045197962
0.7424562625675686
-1.513111531434695
-3.2640524821333097
-4.098501930953966
-3.9006630857647786
-2.890477875067904
-1.5343579134784293
-0.3543735238449141
0.28758034798027376
0.3361716010073477
0.05357147055395133
-0.11025019347898271
0.26543494146037583
1.3541314211226823
2.9539072890342237
4.513269249517906
5.316964673794363
4.766084027926068
2.640703009561695
-0.7606116655162177
-4.658863723429958
-7.9988799026084125
-9.755451691300328
-9.248476084542512
-6.37168184455905
-1.6630080078561904
3.808965959876824
8.711784541054048
11.793450829253612
12.211032004914923
9.759482106176915
4.943384975736617
-1.129996596860688
-7.016887585819821
-11.29871901930826
-12.94256834840572
-11.562150845053813
-7.512124837089104
-1.7935756075049922
4.202910533702609
9.046450797844848
11.615632091100826
11.364036349912038
8.440864060546318
3.639998869622154
-1.8073420979332713
-6.542559940810199
-9.416064552415463
-9.770724976182821
-7.605145017296692
-3.574457091526811
1.1781525685472907
5.3252959981648855
7.722354105676473
7.737646153728005
5.442379871620372
1.5914125841523468
-2.6064561133841186
-5.857353133386283
-7.17313721804944
-6.163547412023463
-3.14523153378276
0.9589047238536536
4.897255849437414
7.462231212691426
7.847209616638992
5.881179096223585
2.0758450263380537
-2.5203915193086983
-6.615230309104813
-9.033377613502914
-9.051474019189946
-6.613156159569407
-2.3549973668584676
2.5720670984699865
6.834273537448563
9.297322083858823
9.343491377655328
7.031876549129684
3.0590605102266144
-1.4637690812545048
-5.345386579487362
-7.653164110045249
-7.949912109345597
-6.362479350607918
-3.4770334486361834
-0.11784398679963845
2.8993466171557714
4.959680285617993
5.747938381476785
5.253599733119799
3.7095937974119706
1.505152049365548
-0.8949751248141814
-3.01570025718659
-4.430463899525172
-4.824916760483323
-4.064726264064432
-2.2528967912574007
0.24642628171170614
2.843661062960094
4.837428991905749
5.59781739091402
4.772784680703838
2.4444212271754333
-0.8354703186770995
-4.1644572300877805
-6.539868237157383
-7.165607749598679
-5.7168652440367165
-2.474179147505722
1.7236609666577307
5.703249790533496
8.295418577194912
8.687940377272414
6.681810792723431
2.7676596125036084
-2.0050643893992217
-6.326712151025248
-9.003466931856204
-9.301369436401892
-7.1587247739531845
-3.2005994586422633
1.454230898315324
5.535010898034384
7.9972103359533655
8.312177286931325
6.578520509380136
3.4334659368778873
-0.18729563989237508
-3.3475238724047074
-5.365436268645472
-5.953709951591334
-5.220517250154407
-3.5562645604653973
-1.46509933497104
0.5900136386209734
2.2776850432197286
3.410277620394491
3.9041018136340946
3.7350625557320756
2.9263747533389277
1.572509463616142
-0.12596113127317726
-1.853461998272364
-3.224046195434854
-3.8792755381895363
-3.605699449664111
-2.4222715025957577
-0.5997341588338686
1.3989327257887973
3.041373150929345
3.875977617861396
3.663299047228807
2.4492062471728944
0.5586371012157526
-1.4913315052218168
-3.139580339226772
-3.9456717739688227
-3.7118435135830268
-2.520251992035094
-0.6856157312738925
1.343903082055637
3.0985913353578742
4.182867306264549
4.341926787172951
3.5018419390411077
1.7882193172403245
-0.4805566702821505
-2.8345800770299427
-4.732608574403561
-5.675736685223585
-5.335191846651281
-3.6614209315674584
-0.9380020552184405
2.2479796635108857
5.128435369745511
6.947514676793596
7.1713776067423
5.649697254822648
2.6791826550078954
-1.0531888917635401
-4.637891201104609
-7.179636456596327
-8.037594709679023
-6.999424306323605
-4.3382480053247985
-0.7357895127977925
2.9076072274301556
5.722157400468844
7.101403194565474
6.845359332480492
5.173675185350447
2.618044290775777
-0.15715518842861317
-2.5433990740275694
-4.130897467004947
-4.7709947306731495
-4.552929640700476
-3.7189055542634146
-2.555419190581272
-1.2985299344363002
-0.08286585410833368
1.0529161103874551
2.114654986252331
3.0838219213913054
3.8664250866684693
4.287222467358074
4.136452770656824
3.2533824724524445
1.61596754803686
-0.5989889263275847
-3.0153282507179036
-5.127789952055443
-6.42528918601952
-6.527619842179973
-5.294953135303201
-2.883383242060465
0.2660878991728735
3.5079191661730253
6.133282751615392
7.544739879206051
7.414988817098592
5.774488898338516
2.9960085024347953
-0.31455214313098523
-3.476574339170966
-5.8870239890741685
-7.127316150829304
-7.013894569381477
-5.603591674541044
-3.171331301894207
-0.16963259980312453
2.834331200057079
5.25148335114915
6.587359568249703
6.558831860280977
5.177362863402148
2.765481286330928
-0.11123334408652123
-2.78509169419014
-4.6612794842014225
-5.374893416825429
-4.879810436487201
-3.4376305360643356
-1.5109185604814528
0.395831422579546
1.8847488043074585
2.7507061372022696
2.985234002789365
2.715416736009943
2.119338818089748
1.3584594402130992
0.5460583294816018
-0.24968940592464783
-0.9801961450633656
-1.5864869141614222
-1.983230050087785
-2.068411269095481
-1.7607889027980161
-1.0552498978854579
-0.06969518845718009
0.9525353551304488
1.7068260407268592
1.9427131229790977
1.5767909683819674
0.7407905964229817
-0.26404437602795744
-1.0831500566325232
-1.4402392402710775
-1.2320513226503542
-0.5559901671531039
0.3346386494140768
1.1274712563297598
1.560215979194465
1.5005336656288053
0.9707294031922147
0.11675053021917689
-0.8535064797620102
-1.728571587854333
-2.327738482957316
-2.511690929360427
-2.1854986945655273
-1.3138576856349125
0.04583641153876592
1.7095687882612387
3.3589498849991823
4.579386185876837
4.948215621411928
4.15891740112382
2.150754660522132
-0.8007214524789383
-4.081797725762584
-6.8577425309791
-8.29314615483156
-7.809982302669621
-5.294297482952777
-1.1763819215789904
3.6468018047513424
8.023814742667989
10.832117771914483
11.258274279565066
9.012878296097625
4.435488671382144
-1.5395142787803484
-7.563457660137968
-12.173406591999345
-14.147087448483616
-12.826106646149972
-8.323632084361225
-1.554276315532628
5.93883959114638
12.333555203109533
15.977373199557245
15.824811278278512
11.746529194325909
4.61818115910497
-3.8516661534179333
-11.529684817296
-16.409877919627135
-17.16532792365993
-13.539680743527091
-6.452310355731281
2.229217855788416
10.1946728973304
15.333685790059477
16.32857281433896
13.01869746971199
6.425212574601059
-1.565850772415698
-8.75690211334943
-13.256652057290017
-13.982798633249777
-10.91789067699203
-5.0662071787722285
1.859773931924305
7.9288590954919105
11.519833076949832
11.746253977596204
8.668280378077565
3.2440560884583056
-2.9570695693853635
-8.195513388730465
-11.033955244883924
-10.71468666727614
-7.346600318648305
-1.861725894992471
4.23867878518168
9.27978980925066
11.852575829249485
11.190227965371376
7.387245704063999
1.399033963288827
-5.190693655909842
-10.586836248638399
-13.276770763314282
-12.458401023091115
-8.272873809928072
-1.7741048456787936
5.351901645931609
11.235225096354448
14.31345415830319
13.737956646982653
9.59575748619286
2.895073000940239
-4.681959803359359
-11.199370643184496
-14.957575634795894
-14.933419222430484
-11.05787948516964
-4.253545848498906
3.7854887223844362
11.016397555119365
15.563271380516944
16.19718404033914
12.663426218347807
5.769991242193643
-2.794828585936729
-10.876873247297038
-16.398530771096773
-17.888543827924043
-14.862348324734574
-7.958982879242111
1.195188829991496
10.3638398683439
17.237690781975363
20.011526324840585
17.859954811367235
11.182090434293366
1.5374841523211151
-8.72526138364261
-17.060715629358626
-21.383584219411812
-20.608180404835842
-14.92177426170319
-5.720925185769968
4.766644567847302
14.065237941413232
20.072926763114296
21.54966736839066
18.34971903610313
11.362679099382392
2.215917413678414
-7.148611210861516
-14.895618250870035
-19.621342266904556
-20.545406134493476
-17.578592959144807
-11.292258426299652
-2.812279753827594
6.34925205978356
14.518162396205144
20.127880815892244
22.00779777602928
19.63908860032602
13.310736788135491
4.119323022208295
-6.205681439752903
-15.622929155447665
-22.182933523830908
-24.434089571943908
-21.74954777174672
-14.504477480893936
-4.056059863402784
7.487615021652435
17.68277169001489
24.279021739539367
25.751489802266395
21.700174197551906
12.993057106529934
1.5905394636093781
-9.91977097122371
-18.960594603948184
-23.600658729976956
-23.01037147038512
-17.61378212801803
-8.906453080790534
0.9905178488077735
9.894488097954993
16.07403468082638
18.57732184720986
17.319788477501174
12.958211908605337
6.634145882305519
-0.3175513849904434
-6.623209135206218
-11.256024545007472
-13.553274048248161
-13.276773939240687
-10.624233874187755
-6.189974066961141
-0.8680174268716578
4.30198505457897
8.32674960192948
10.454328290971844
10.332490716718103
8.09292938186417
4.33116951360636
-0.02723653851429978
-3.949770912297611
-6.553516569479132
-7.325465947736217
-6.243454214457751
-3.761550110708773
-0.6655277918810255
2.1549787601267383
3.9481992934499623
4.290735535640308
3.1862849762675696
1.056140181385716
-1.379220558832384
-3.3068396673067664
-4.064795150120329
-3.349719135784036
-1.319880386730349
1.4442921074562416
4.112549727818353
5.853220005944545
6.077564771269623
4.609129883656247
1.7367216643914027
-1.8570361847553722
-5.270461792544504
-7.615682153893201
-8.248574039573082
-6.93488855666141
-3.911379839429244
0.1672875168280914
4.3752841591797615
7.719450658863387
9.36186873858411
8.82456320003714
6.135769388018053
1.8726028833041102
-2.9350711278969634
-7.042169708103471
-9.322234495043425
-9.107117176415612
-6.420335712980915
-2.0120126388996518
2.835401077631797
6.682462418819927
8.375544000010247
7.416329610240888
4.1371571994848555
-0.3823841213681599
-4.645894321286602
-7.223300802713906
-7.229696310499508
-4.634090666248196
-0.2870515074151276
4.34836538313102
7.677448278943782
8.508225154460733
6.45908987826555
2.099000359978243
-3.229443004410753
-7.84465852578151
-10.271722754258192
-9.715573170350467
-6.305032955013127
-1.0328649470882316
4.57558212733036
8.941479073873985
10.896849132157648
9.99533131597214
6.595020308293267
1.7103339140545477
-3.3112506097571086
-7.188011863729109
-9.056303987427272
-8.669413552118916
-6.392594222518407
-3.0182899022934615
0.5161781083595539
3.405179129797231
5.160495769475628
5.665193468007741
5.1059986313885135
3.834991902898136
2.2257199624715125
0.5747775806008729
-0.9296761675679291
-2.1814406463181437
-3.1024298301857614
-3.59965414694402
-3.5634920447618463
-2.9152043613129597
-1.6816172845746156
-0.054125238559411266
1.6099804070007289
2.864271469293937
3.3142820537538173
2.7749614610820204
1.3780310338485353
-0.4271657768657648
-1.996925533868677
-2.708408889545981
-2.1967183164860953
-0.5280361756494301
1.7661320788260364
3.827900101009906
4.757344500539646
3.9514629938409014
1.3702731479037584
-2.381065673346646
-6.196560701551315
-8.798138020612422
-9.14398001330725
-6.786508383706765
-2.066070280000978
3.923994437562496
9.59969493096829
13.312356319129215
13.82780054509531
10.723426982719298
4.573608892130456
-3.15484240058175
-10.484217308315198
-15.476633325751584
-16.78448439304134
-14.026727552845209
-7.878490321856149
0.13706892932791273
8.072648305947007
14.061976116996894
16.767702126101536
15.667868498155187
11.128869672867985
4.2689558857754335
-3.333368752581396
-10.005733960364779
-14.343155117396815
-15.493353457220763
-13.31185989030279
-8.36331486713769
-1.7786252605957393
4.9974341054565325
10.515738796195127
13.627950112070355
13.7268253173018
10.871064567008244
5.7654871869118995
-0.402031839038521
-6.234510765579041
-10.450731174074718
-12.18236377812158
-11.166703440958052
-7.784380848466793
-2.9343488764541643
2.2131864026537813
6.510204605980531
9.089827200793186
9.53226648140549
7.913395506762919
4.743242234862714
0.82205135269108
-2.950235676721058
-5.772114705108718
-7.105789170249587
-6.7748976070755615
-4.977290372225624
-2.217953479310881
0.8165484804360591
3.415314476271622
5.003652759358234
5.273967728153511
4.252181191798804
2.276793050350608
-0.10523717315224
-2.2918142310981238
-3.7791349623262285
-4.272112933761569
-3.7284712338617556
-2.3368180751872893
-0.44673422068871116
1.5250388444436258
3.186907474623996
4.237789588077318
4.492643299538972
3.8792448917717124
2.431446782745382
0.29744095244137664
-2.2392302715301415
-4.750004351166993
-6.693769371022199
-7.507814172385999
-6.748691647920178
-4.249608253280436
-0.24376214197346835
4.595526603028992
9.227632141118928
12.43626079181944
13.1196035381113
10.62373486773408
5.029534294053575
-2.7109562184257143
-10.874549561385509
-17.331123992710275
-20.108357927043304
-18.00350758429891
-11.045187653882481
-0.632098129565033
10.736670983273745
20.096072474987643
24.84278818592122
23.50721896684664
16.22487348671828
4.7489676589339815
-8.012343510294409
-18.800301733107375
-24.908225168232008
-24.909541242906695
-18.999318154330215
-8.866007099606396
2.8410387620340103
13.264939555513374
20.081627336152824
22.020026070545626
19.046350256931277
12.217518649842207
3.306567382387042
-5.659723928656983
-12.831691124864133
-16.866720683621296
-17.134954937539366
-13.79717745949718
-7.748133768987876
-0.4208233964075477
6.526108469877176
11.577766876880489
13.704624907136301
12.592608263659494
8.7019608754639
3.1359699674631036
-2.6505228578599986
-7.229052611677156
-9.563573883325883
-9.266974418388894
-6.67558283785201
-2.718256935294243
1.3804157528106942
4.4705111377202735
5.805793988664341
5.230707570786055
3.174076625068603
0.46585393639064887
-1.9511356845033117
-3.318822096453197
-3.2824155662949606
-1.9711501678186902
0.07263062444362246
2.08627186451975
3.344306269606392
3.404735018734439
2.2553566018381503
0.29699940937097286
-1.8245941878837426
-3.4566241682051797
-4.1491553345024945
-3.767520804789487
-2.4845942828935974
-0.679967226870405
1.196896837538165
2.746426521826044
3.694296749830063
3.9189515181982126
3.4398287516824126
2.382047930454219
0.9384432950604165
-0.6572109843984659
-2.14904704287054
-3.282285198080786
-3.838617478782495
-3.68362735864637
-2.8165620316838798
-1.4003293728737491
0.2545607633401899
1.762936393445567
2.7780721231529624
3.105287988736595
2.7683664407382134
1.9936556280745121
1.10947667324717
0.39963718911089613
-0.02073758980633604
-0.24237352146064356
-0.48976817982032533
-0.9758868459979003
-1.758617977478235
-2.672909305456597
-3.3730153445213475
-3.4653658931829963
-2.6751119148858433
-0.9805044886981408
1.335690244873071
3.7373059353909492
5.573625102373803
6.266345727226439
5.492623724756451
3.311004909725546
0.18638319047458007
-3.1092867110116296
-5.708457852193566
-6.915008641967475
-6.435990038814704
-4.484364071051094
-1.699607994912062
1.0903720214008914
3.1676137164933382
4.1570675347112696
4.104454781952009
3.383237123978847
2.4857571064901416
1.794213913174819
1.4283106835799089
1.227537963819914
0.8623272270074263
0.014204191281071052
-1.4529014913132916
-3.3928269342374375
-5.380096715724136
-6.811822727699243
-7.0767038904231825
-5.746240790615298
-2.7415873116434417
1.5690582297102522
6.380305226201471
10.5845277383859
13.018950542019146
12.776729406551686
9.50258641734145
3.579701343428844
-3.868305503257648
-11.187771669143423
-16.580213503920543
-18.565418104415663
-16.393262940215084
-10.285346170629204
-1.4368171533960155
8.225225449533115
16.47076194175596
21.286783267454247
21.373201594263836
16.499232754825535
7.622872433662511
-3.27878150111078
-13.651220426173792
-20.9818985330808
-23.44028387439827
-20.36227756728348
-12.44197098213869
-1.574604954915328
9.610282858506594
18.40259259391659
22.68490297303358
21.460863490436562
15.108377716313722
5.285673089780137
-5.4984464053686235
-14.54771225923384
-19.696678722225087
-19.87279470637803
-15.331479537611822
-7.50410480718205
1.4713436783809852
9.370839726392326
14.45848492296268
15.858786988993602
13.659213247619816
8.7603665166445
2.5502402195850786
-3.488552607413328
-8.127563420391004
-10.617269156550062
-10.758833895205052
-8.840767372309552
-5.486123977691922
-1.468010709267216
2.450320974222371
5.61790384313919
7.546658315088701
7.942109715981993
6.741432831936867
4.157129062514716
0.6949998474314499
-2.89394760155911
-5.750358091685003
-7.117130581319571
-6.567356892828406
-4.1711139227607745
-0.5319600725555992
3.3398676835990235
6.297301476042972
7.3956474225827105
6.19701277066529
2.9397155368825434
-1.4921786302375684
-5.804794460123794
-8.67289981507215
-9.14442096931049
-6.9412182623261485
-2.5601549278066216
2.8573704491571026
7.847335988250549
11.037073960453137
11.526425517194227
9.125854445274832
4.3877052088957385
-1.5638172855915138
-7.332398325106123
-11.584226622215022
-13.34122048990684
-12.181045911462583
-8.3111690856481
-2.5115800463548035
4.028532547579003
9.94014409142953
13.931764250018897
15.041928996145408
12.855309658721575
7.645969084719626
0.4022647975190022
-7.307818841333652
-13.641503548512949
-16.918087629171072
-16.09405859273148
-11.136583210587059
-3.152271746422986
5.815641632535603
13.309361076708756
17.170340123437462
16.225647499447724
10.708130159230741
2.243767000892377
-6.6184671189339115
-13.195917911645186
-15.522564143392238
-12.97587200022464
-6.471065690028319
1.839874678874665
9.262826665872817
13.422934326766573
13.017761478144521
8.225450601500981
0.6410058628516725
-7.23885014803483
-12.819887327702308
-14.247317015365963
-11.004972138106789
-4.079472557560004
4.366152056260167
11.697251383613047
15.648347472689826
15.020332238876142
10.017859708711269
2.138193096441511
-6.330017131321251
-13.016627097438386
-16.154153328677367
-15.035657896858773
-10.137558979858662
-2.905354105753809
4.706492199126538
10.789980417120764
13.973071917451328
13.718515969921897
10.374028502974522
4.98975499419389
-1.0198834428124492
-6.259452422178623
-9.67440853592278
-10.741396229643449
-9.505086310771034
-6.483552656847479
-2.4930745762803155
1.5531953721905707
4.8350248964572495
6.779142106227658
7.154254530304611
6.08762633462822
3.99953937079877
1.472161745975261
-0.9118758243559223
-2.7130955878744074
-3.7168557902702752
-3.9338419993273943
-3.533069635617007
-2.7437522561051737
-1.7665648710830535
-0.7248473568511762
0.33182982560189483
1.381428568005646
2.3676228691221946
3.155480273001018
3.534067670579949
3.2796272561951945
2.261818585855018
0.5454961177842773
-1.5643599381212492
-3.5645338989463755
-4.879518633593955
-5.038998882722859
-3.8516027966370863
-1.510713886974112
1.4160802764178302
4.124549090103062
5.806045467986262
5.906059014122657
4.321719214361259
1.463203520753827
-1.8506858724415707
-4.63373542817828
-6.034331532152238
-5.60392091701693
-3.4499512304824336
-0.22509083192860047
3.0513945878819353
5.298521980532929
5.722901645309354
4.105199793077399
0.9201791161862923
-2.7710116440529164
-5.64446952313216
-6.561234744261838
-4.99217350746797
-1.2667692195507172
3.461074177188794
7.547991161333956
9.406467030863077
8.08279465300184
3.661667347543979
-2.663022795517832
-8.905188925874143
-12.912175303553969
-13.102083262208938
-9.056967333663218
-1.7495674349823231
6.69802987127499
13.664125211503476
16.878754532859773
15.186789031073799
8.953784133548544
-0.030408030851341673
-9.117735375278126
-15.641955101787138
-17.74694622611226
-14.932476012779736
-8.15409416533018
0.5308723957680583
8.632183192622447
13.981771450967669
15.338692364106555
12.673463389465251
7.072148969951735
0.3204750821308389
-5.679952467102953
-9.473482695188597
-10.420115192047682
-8.771391406994244
-5.454228221472288
-1.6687511295873276
1.5352239209634537
3.549805152170782
4.286574984662398
4.054671288596542
3.3302949496355705
2.531195586449321
1.8803417708228816
1.3874035902920498
0.923786244630385
0.3375168867249767
-0.44767552180133835
-1.3879866486728316
-2.340322730003105
-3.125692069507013
-3.5923953536815665
-3.644583132823057
-3.232744147681255
-2.3319112747212087
-0.9401330541859338
0.8882994841430156
2.9891383219166228
5.049842937259133
6.625352694086352
7.226417691242269
6.462825529885556
4.193938391006034
0.6329710151019904
-3.634411254339217
-7.734126831182737
-10.681557471349361
-11.619508948276001
-10.062945120644821
-6.084433293072629
-0.37412957755840615
5.8671484394334374
11.193015597728293
14.270893323549982
14.237518670724363
10.951095778729078
5.067899335351822
-2.0849165723552052
-8.819041613558642
-13.508331190123958
-15.018751059339031
-13.022330201103605
-8.093797308014548
-1.5495968201815122
4.928893200213277
9.773219630871573
11.955460745302704
11.231269502914285
8.131011858189451
3.719852922682189
-0.7754399781206953
-4.333828345456244
-6.377176854995597
-6.821652485791964
-5.969052273376213
-4.314111612997777
-2.35365332980909
-0.46312193870150553
1.1352628912551537
2.3351458672627556
3.0880272094909764
3.3660408993196707
3.1605721099729367
2.5072536397191025
1.5149564259423314
0.3757801292156923
-0.6595895097713982
-1.345597496637423
-1.531348856372214
-1.2399838570498898
-0.6910261256856403
-0.23558618286366842
-0.2137319194317578
-0.7850731304024693
-1.8085661143690153
-2.841528743739569
-3.2827195181706883
-2.615451433836915
-0.6547291414186599
2.3041258473160475
5.503455698153015
7.917808215242756
8.572432520774848
6.888289469123136
2.9407691217237533
-2.4657113528275443
-7.957389845918564
-11.960157147042
-13.174455017095463
-11.003578969781806
-5.787617159285908
1.2442369594931892
8.297163111004087
13.511888734743014
15.486324280467679
13.659042032506788
8.451307209432892
1.1449729023174129
-6.455367894817959
-12.481464028302653
-15.46671575457943
-14.705917474704357
-10.423622456866966
-3.7107264599958336
3.754715086343811
10.131653996045769
13.876928387672143
14.126990200742314
10.907196932625265
5.118229105246216
-1.6984495820218017
-7.762097274600244
-11.524106016825902
-12.086248203287502
-9.445425218395348
-4.485467302132771
1.2908759310557965
6.2147020750240785
8.95049431237254
8.884302842683288
6.275186310020409
2.1235525755159887
-2.1896756596587204
-5.35903687611538
-6.5475607405491205
-5.5961320621823605
-3.0032752970558074
0.2924223855906629
3.2388707279647155
4.993936306836986
5.146484809379488
3.7814005420571632
1.393193965090652
-1.3020473955680647
-3.585885494507542
-4.9202526542829945
-5.048928751150579
-4.008970541553478
-2.0755332520232908
0.3253707620577066
2.709414358971812
4.61515115974558
5.666247102386617
5.6196259901386965
4.409753530302313
2.1864216107829124
-0.6753931265275724
-3.618061797683154
-6.002361746418189
-7.247479702426787
-6.975242892844168
-5.122933434947019
-1.9937298012917664
1.7776590769932463
5.348644142344665
7.8613175262042985
8.660506068525892
7.47852757245707
4.528234205837944
0.469386695382232
-3.747435905887045
-7.117973422215918
-8.838565358353183
-8.510243300668701
-6.2385084311287935
-2.6002178030229275
1.5147590796441575
5.140263038322406
7.477569789138416
8.076563633812553
6.910084338281599
4.335356304211533
0.9725914585644001
-2.450789830082555
-5.246787536381386
-6.880118600766337
-7.044092064815972
-5.705287781012032
-3.119724711737972
0.18784388519903958
3.4965853115008954
6.024530283513278
7.11520581382882
6.430756268970327
4.083180346702863
0.6475834745127659
-2.962648160822551
-5.740176051177455
-6.887284737565676
-6.080468099333082
-3.592665476141682
-0.21393062133822094
3.0116078808805855
5.138983989165219
5.633041263571587
4.520550439073563
2.3327618000144046
-0.128949487673143
-2.1024031271842114
-3.1217042600733356
-3.1281472614053727
-2.412638598842758
-1.436240449750709
-0.6153512144257981
-0.16159749616452582
-0.034465353565725255
-0.011394185943723299
0.17021111947720136
0.6701002328352276
1.4626394144681396
2.341123861433464
2.997372542512336
3.1369359758310713
2.5823324546385953
1.3320028803819037
-0.43532233829528844
-2.4048205012007307
-4.19810536015793
-5.446969366976023
-5.850770912102379
-5.217259683893619
-3.4973995462193535
-0.8220695771692065
2.467666903265127
5.822507468671831
8.54553102128773
9.919021607181158
9.379800034033249
6.704308252024647
2.149957133585126
-3.50511450809677
-9.068276541182913
-13.190814615030606
-14.721658285976586
-13.042029997525868
-8.266634911447277
-1.259111231016573
6.526079914951103
13.336481291420684
17.501152708409876
17.832637324290754
13.970018570495235
6.57351382586556
-2.715582792812255
-11.603137154780537
-17.727125404818274
-19.35162717100954
-15.942974757371427
-8.41149295726556
1.0981412230257366
9.832430068974558
15.283512593108187
15.991598941336186
12.015868692612102
4.898996660370738
-2.87097026474027
-8.713940080088062
-10.828054180392424
-8.780177943290303
-3.6198879823273393
2.521335132431555
7.210257176776789
8.598120388370612
6.094785055158239
0.5871485770481354
-5.876356108878947
-10.820380341518659
-12.230903604366564
-9.28136203375467
-2.6483396653945768
5.68363379967236
13.058814210971686
17.01569738272845
16.094135787089535
10.321990078498395
1.2304990477922797
-8.602416470693234
-16.335721110411857
-19.724845396669515
-17.784517522445725
-11.058237277309525
-1.4301746944059561
8.448169014650082
15.933367559193366
19.12945407194249
17.376457255840155
11.360745080560777
2.8393192555534967
-5.912631088330765
-12.747155343304264
-16.188779688456208
-15.734066525568082
-11.848933177492869
-5.7111457696075085
1.178945077414345
7.378686635129685
11.771732344080148
13.692999425852332
12.9440481643428
9.758323265414347
4.753470380155374
-1.1355885800105465
-6.77619567325972
-11.030866269474659
-13.000762002063132
-12.255504038086602
-8.972628488325538
-3.928590004487252
1.677570340464882
6.535305771834543
9.58342301341446
10.304239500487954
8.846040330634613
5.925926744717328
2.5453904287669604
-0.37683388240629084
-2.3136024931846246
-3.2594671335114387
-3.635663715739275
-4.015092688387784
-4.784256299599991
-5.889390480539227
-6.786952336230067
-6.638232499727596
-4.687103213247839
-0.6779061495112236
4.862072092573815
10.6175486936004
14.807132232263173
15.756894657344741
12.536343269818962
5.4182125758274795
-4.031611916217133
-13.306465481973852
-19.674043631377053
-21.042868271938854
-16.695990948992165
-7.619614555593415
3.727543286052103
14.150611783562724
20.705237217591375
21.590778410113135
16.659912276758707
7.406076323298729
-3.5305800133927603
-13.157153051350992
-18.9722466939104
-19.618938532493836
-15.1790714533043
-7.05727655058925
2.477800993440634
10.940804238784912
16.278222687228066
17.352095417099605
14.152549854254051
7.712866965069732
-0.22168192292485597
-7.667261921131576
-12.893141252771878
-14.816825767058406
-13.218821660214216
-8.73608171586466
-2.6435886847467085
3.513483573869831
8.33261859270557
10.892122513916185
10.919791143884758
8.759700333132235
5.175588570098253
1.0805747493280176
-2.7017840038525156
-5.576817781785922
-7.217805347567405
-7.543093982089811
-6.664072013074777
-4.824401944037897
-2.3477045636491933
0.3971877985270373
3.0195190955211166
5.13436012796178
6.406320294881297
6.606417465352067
5.666361988076071
3.7094518032016945
1.043185201424121
-1.886543051054919
-4.567451904752889
-6.503458722612225
-7.2946926360661575
-6.708054313286542
-4.736160891927717
-1.637194406001296
2.062778266341601
5.62528660620322
8.221304341509374
9.110911086062117
7.852879123649005
4.4921559367252835
-0.3450485252316211
-5.5123295793440805
-9.587639891258002
-11.268150217250984
-9.811471636468298
-5.369473621600496
0.9349439024194967
7.266639916519341
11.626741374101794
12.51806987346834
9.491122346471172
3.363213673459308
-3.98926600264038
-10.214631744200533
-13.255857236473085
-12.046461057391516
-6.892472807258916
0.5980357079949382
8.02405233585653
12.974128814229058
13.819849048891454
10.249522235181367
3.364741723492842
-4.676959127211821
-11.343219347535813
-14.521132876387032
-13.191065022022208
-7.770074329963761
0.0013539995524037463
7.616651281650833
12.636315636095475
13.514261725394283
10.120595242970449
3.769267094760149
-3.260494884631484
-8.539114753541435
-10.349028172854398
-8.286068716880816
-3.381591664895808
2.301235428940843
6.453057662576434
7.400547736832289
4.755925939427545
-0.41802479775604123
-5.998231723046575
-9.60523412358689
-9.522517531833877
-5.385578983080634
1.6278093890842673
9.187489987226703
14.630351094648306
15.893005478704621
12.222478659817229
4.440095019623679
-5.303097504501741
-14.184038430507929
-19.565205830070052
-19.78771266364628
-14.664052723583152
-5.52973147630158
5.153124423697732
14.512734265103271
20.085313313470184
20.491767275427833
15.783339247712684
7.370495177653711
-2.4264982617652437
-11.058650370793409
-16.452662651130478
-17.53364803491425
-14.427681539399064
-8.31148350559147
-0.9859321769237215
5.671615198712171
10.200869229789873
11.86525043373574
10.719181076052827
7.463670326941201
3.169731698961617
-1.0357784787334143
-4.240765386676814
-5.921772648223131
-5.999457121977631
-4.781851636360547
-2.8239042968471315
-0.7479082149086576
0.9249693223895891
1.8888352314961538
2.0875476777062123
1.6712793717421441
0.9045521270193392
0.06820103582444209
-0.6100369469095985
-0.9831983069950255
-0.980479009347933
-0.5924540436748161
0.13384472464181213
1.0858088962408188
2.0763168752896854
2.853646437362841
3.139502553963078
2.6952192020131123
1.4077955691828037
-0.6273996930946407
-3.063950004228637
