Theta
4.011805287072471e-05
0.00034161186250226863
0.001405857390102284
0.0038348037122805196
0.008054421268893767
0.014191582125356081
0.021697115711752982
0.028364810314363664
0.029547496418628957
0.018931312921539732
-0.00872343583462687
-0.054025894890543616
-0.11065773064902802
-0.16590127685909486
-0.20369350617640222
-0.20842609706310944
-0.16824328977536512
-0.07798180998895379
0.05802700943841178
0.22426564152293538
0.3950634842118122
0.5388328569674039
0.6240250606765699
0.624871989140893
0.5263399511274075
0.3284711874063469
0.049252226019285784
-0.27594943411103773
-0.5997796792503624
-0.8723421064909759
-1.0515019768784226
-1.110454092371107
-1.041064062262868
-0.8533300663381196
-0.5715885065162987
-0.22894241442591606
0.13784025946742007
0.4924803726529028
0.8033230731938031
1.0468364153511658
1.20906971235439
1.2849876628857881
1.2760342725787668
1.1865564931164094
1.020898743107344
0.7824955158034742
0.4746873279141674
0.10297428807051393
-0.3214897887301232
-0.7784752090484205
-1.2367370151661168
-1.6538714827808538
-1.9783461576458619
-2.155011753000543
-2.1348119764014775
-1.8870437615488982
-1.4102722125387765
-0.7376414732856634
0.06530119878500733
0.9087423782951006
1.6904524863436203
2.310638716790412
2.6883480953577625
2.7753567071810137
2.5637486495365374
2.0861901662508187
1.4095933866671053
0.6236051165041935
-0.17366759217479263
-0.8901450524786645
-1.4524617790180336
-1.8148517728293805
-1.9627744558392348
-1.9114105628015774
-1.6999241920664343
-1.382509976374611
-1.0182116450451377
-0.6616603095722812
-0.3554362212398928
-0.12449274860011929
0.026041963192208018
0.10922335703571305
0.15205461717507618
0.19002185619760792
0.26090238058124077
0.3978511411775274
0.6219453624165265
0.9351238077845555
1.3149948591918896
1.7129294070355192
2.0569715905157895
2.2611073933374564
2.2408087470210574
1.9318174530225567
1.3075209897045252
0.3913788346559531
-0.7374996200209307
-1.9475771517318006
-3.0691368311174467
-3.9197968231811906
-4.33769918075707
-4.2152655804228845
-3.5251229675109945
-2.331752664946121
-0.7862079225103117
0.8955873844223086
2.467650044345435
3.6953806855001874
4.3957003192584
4.468822837220661
3.9156627552220216
2.836708573370638
1.4126439942727234
-0.12824712304356584
-1.5488806973629496
-2.6416233591174385
-3.2600276358865306
-3.3392237845632433
-2.9022390443990314
-2.051967636525914
-0.9501722245757798
0.21311338046387568
1.2533284841499233
2.0207003571365885
2.4200654985486545
2.4196510545344574
2.049853112156748
1.394328874125736
0.5752887084401819
-0.265987298928695
-0.9919808724846007
-1.492046185884947
-1.7008685890534185
-1.6077323992966732
-1.2557130988936844
-0.7326652357227748
-0.1553902821459152
0.35146426084007976
0.6782719776004653
0.7512097851150306
0.5479636220896247
0.10529912357937386
-0.4841946439895136
-1.0871865511941368
-1.5549987829911445
-1.754115996944557
-1.594081071949312
-1.0470151087405402
-0.1567182549175395
0.9634931282702253
2.1449379339778605
3.1889325241893256
3.9003699003083345
4.1241895079072295
3.7772034129421654
2.867530384136948
1.497037416131271
-0.15318054934320188
-1.851194485157194
-3.351863225112188
-4.437115530207723
-4.951079922481567
-4.823738111447486
-4.079989899625578
-2.833887912957926
-1.2697433147122648
0.3866946048028531
1.9022098849496618
3.06973846832995
3.7370830654130383
3.827316591820798
3.348067506282212
2.38836560282301
1.1040569811431182
-0.3054145201784598
-1.6253078965831023
-2.655550567026432
-3.2389578240607664
-3.2835642775135425
-2.7752272503895905
-1.779018311631439
-0.4301631058208638
1.084180845247404
2.550576313663301
3.7586988903300416
4.529389523911065
4.738067518260406
4.332612486944092
3.343925829035675
1.8853782472617597
0.13875040608409436
-1.6717583795594
-3.3129095034360296
-4.577391287889804
-5.314287615181448
-5.449949585039618
-4.996090868545945
-4.043742119302347
-2.7440698619702935
-1.280392140823282
0.16230820432956153
1.4245710208222842
2.391778340308537
3.002936905508631
3.2497740855157358
3.1696476786549135
2.834862995149464
2.338951019744123
1.7808533895105165
1.24945176704447
0.810796166809393
0.49978683607990043
0.3179213787608483
0.23753336089510307
0.2112020298483409
0.18434232811573065
0.10850804099142544
-0.047672446261738784
-0.2924148496922822
-0.6106041596998529
-0.9691323684867851
-1.3256769377300461
-1.6378948615062583
-1.8708567727955603
-2.001881889928593
-2.022210195893265
-1.9350939093960693
-1.7513088586933838
-1.4845046498575034
-1.148234470328006
-0.7548838956415012
-0.3160560250036081
0.15593773204012978
0.6460670786180301
1.1350923648463833
1.5994239536745067
2.01221499198833
2.3450000789407848
2.56946906716564
2.6596226607876674
2.595175100853789
2.3664882759335484
1.9793359827693309
1.456924060663575
0.8378106360754618
0.17002530983657932
-0.49661983102794177
-1.116961662744263
-1.653925161630907
-2.079708882242321
-2.3761623237424807
-2.5346469351867613
-2.5548082363531623
-2.4424530993494806
-2.207539006337106
-1.862593089522849
-1.4217797788284972
-0.9017852033168925
-0.3246012890316311
0.27980173112802403
0.8726548109606018
1.4078715406613547
1.8358966601050395
2.10964978328828
2.1918166046161995
2.062379845095605
1.7248684733543835
1.2097287547405133
0.573631726480122
-0.1055687400212434
-0.7375250832317808
-1.2309459741188165
-1.5069896783139964
-1.5120374294434429
-1.2269832976826058
-0.6716621226658157
0.0956751675095312
0.983221279452113
1.8740074521374634
2.6377808100081443
3.146287459680749
3.290520031904559
2.9976360697983324
2.2449781895878065
1.0685163352265332
-0.43605944932180307
-2.120217926933952
-3.7975397914830267
-5.265627578518694
-6.3317901912326855
-6.838259634525738
-6.6831871974649895
-5.834850160584698
-4.337898556831006
-2.3115743163078606
0.06000601748050125
2.5454038287587744
4.890044054438455
6.844476379605454
8.193513325292145
8.782474938180568
8.536792646536194
7.472703037009085
5.698059575443214
3.4025482825898834
0.8373520999902161
-1.714119646721864
-3.971272446118959
-5.692523180436962
-6.7071262020897855
-6.93760204973257
-6.409345848724614
-5.245486903056987
-3.646696257544015
-1.8590293241507971
-0.13652427481742974
1.2946786782193453
2.266349963321876
2.6889933841847897
2.560594687335081
1.9623285304681575
1.0425698401016812
-0.007816866010984334
-0.9851047780577836
-1.7035114136173062
-2.0235143634679487
-1.8734507990482805
-1.2602382847117508
-0.2670662696940006
0.9609457251392602
2.2400605446778172
3.376474912739341
4.19576324638814
4.568666293472874
4.429487878496476
3.7844097528342497
2.7086802630292928
1.3338959734423448
-0.1721729664389646
-1.6301661437133708
-2.8741035628955514
-3.7727300418556795
-4.244478591043127
-4.264662165498913
-3.865052027467862
-3.127180717097553
-2.1705326006891017
-1.136322326665305
-0.1681382507121358
0.6080823198095044
1.101830371089956
1.2711894814141869
1.12906058831185
0.7400448265329516
0.20800925721116076
-0.34216766704586243
-0.7846241001207397
-1.0116491159578052
-0.949676039301729
-0.5701519513355452
0.10558458681744862
1.0074379409261447
2.023513060092292
3.012638579628875
3.8221001818989615
4.309458306453291
4.3655606457624065
3.9344963415892504
3.026421473685521
1.7203451822921085
0.15572989846581037
-1.485863743522905
-3.0060324143127626
-4.217998808439491
-4.974103535042205
-5.187703456749079
-4.845733832568966
-4.010103478096291
-2.8079320042509703
-1.4124556524867995
-0.018074245647088098
1.186691706293803
2.045442683218356
2.4566406752021974
2.3891647717604494
1.8865844472388198
1.0580631218469296
0.058143357122281226
-0.9387191182937982
-1.7631503884081494
-2.272089515215252
-2.3646976608573897
-1.9926445083398638
-1.1652867165866092
0.05047390910888068
1.5360821766499844
3.131917502504158
4.65170066218054
5.901572667496107
6.703491656427749
6.919424391780684
6.471890177628804
5.3569812403426695
3.6467980851157837
1.4808425922710244
-0.9512977045862065
-3.4331820306975054
-5.747498761883429
-7.700171602767862
-9.138537163457231
-9.962183409463014
-10.126452008583465
-9.638937735596663
-8.550542327248019
-6.943846611528584
-4.92125898727959
-2.5945473158843324
-0.07731045578975894
2.518084930373067
5.078977600266962
7.488255632045205
9.620511578563113
11.341286640326784
12.511950084078256
13.00180000743039
12.706034824912143
11.565210420986055
9.58162085627325
6.829658051420342
3.4580416383808346
-0.3174856282571952
-4.230770233725773
-7.989297419305025
-11.30242492705309
-13.909449867877644
-15.603429629580418
-16.24824597176199
-15.787907723195259
-14.248090264515204
-11.730801061041019
-8.403908285984082
-4.487598206045802
-0.239521673886032
4.060040244454868
8.12247017828449
11.66543193910366
14.429183852218802
16.194880180549404
16.803774703576156
16.175525671684685
14.32368448585026
11.365992439732688
7.5256324151206435
3.119333654976011
-1.4686263398147572
-5.823526340745734
-9.543835087495426
-12.28671239591084
-13.810142027922552
-14.005303350726509
-12.912665937975063
-10.717776258952286
-7.726796991082284
-4.325261327785191
-0.9258787089130441
2.086955153931734
4.407590066399719
5.846909547619688
6.351812503537363
6.003670875893154
4.996815944598526
3.601553616133262
2.117861553310865
0.8262456996551566
-0.05696402275030819
-0.41195605787999945
-0.2293835427750556
0.3958460718827479
1.2882731187520098
2.2273783115382852
2.9880001748407072
3.378951116079722
3.2738455793559145
2.6298543154496747
1.4924837745680308
-0.01350979095643394
-1.7048684351777947
-3.3679055671487705
-4.789295244887514
-5.785932525895165
-6.229861938393886
-6.0638223867101795
-5.30513525534937
-4.039100432946583
-2.4048150362797553
-0.5762552932823164
1.2589404848935604
2.920639660499486
4.254893234237857
5.1478003708901925
5.53347492258979
5.397241526257033
4.775820416535894
3.754306867017584
2.4582503053841447
1.0399865428983885
-0.33995237922798494
-1.5338915149097334
-2.4266439805525377
-2.9499783135927125
-3.089854577509173
-2.8857324295111577
-2.4219785424344726
-1.8124390818726397
-1.1805894198863187
-0.6385919243336637
-0.26865118792674697
-0.10934452173015498
-0.14900765677832642
-0.3283377503358053
-0.553378461284947
-0.7165643693860944
-0.7204614376540931
-0.49902644444895694
-0.032545519368210624
0.6466259369310233
1.4584009990854696
2.287939900385715
3.0046953666706195
3.484037519039869
3.627397964783204
3.377936871136059
2.7303175211848094
1.7336400237429115
0.4865563576185529
-0.8753880504074011
-2.1980193035706996
-3.329114836334637
-4.138672285461775
-4.536395937169827
-4.4831305429440675
-3.993911544828808
-3.1331067580454457
-2.0039373854468967
-0.7345103325828044
0.5380073071277971
1.683044091766411
2.589684544490851
3.175703865022798
3.392847459708209
3.2295463880813218
2.7123035011758954
1.9060982853499806
0.9122697093859712
-0.1385995739782981
-1.0996941357455108
-1.8257454527242285
-2.193872991325956
-2.1248231828492004
-1.600087760560083
-0.6707351474306119
0.5437051776878937
1.8669689084800278
3.0887751260271523
3.9959781779267156
4.406058183014885
4.196526131349792
3.3257257196987995
1.8424409356495972
-0.11649674145102257
-2.3401114976224906
-4.567553205214253
-6.520414883091987
-7.938997297256893
-8.617205699497532
-8.430492595599771
-7.352520889620753
-5.459293830718182
-2.921675592618145
0.01310772115788758
3.049809502000518
5.879284149678389
8.213205321730443
9.815711012161207
10.529073034974505
10.290508965624989
9.138199552651988
7.205646214473632
4.704710056899839
1.899610119660281
-0.9246760680603923
-3.4960187982260735
-5.586530782009542
-7.037146738768304
-7.771863098927347
-7.799893718608923
-7.206131499774982
-6.132733884228295
-4.755825959462573
-3.260650306385963
-1.8176291524223969
-0.5617316290970815
0.42221853052312475
1.1056243807572839
1.5120698634952825
1.7046302400505533
1.7687003548055573
1.7943857065705264
1.8609616342801243
2.025041643196689
2.3132826466735534
2.7193959842487545
3.204866334434293
3.702926642407607
4.125678274243177
4.374673505073513
4.354780014585132
3.9896843261621675
3.2362333922131086
2.09470551161207
0.6134277343051479
-1.1121888819132812
-2.9464286487015428
-4.726847450016163
-6.283263569013605
-7.457422330312641
-8.119286470419324
-8.179611116918947
-7.599757997447045
-6.397776232054609
-4.648928987884911
-2.480404918773203
-0.06102431601862266
2.4132029808733617
4.736218965675985
6.709860178966672
8.161117538143822
8.957635065306482
9.020657914831208
8.33480970130374
6.953591560495376
4.9987412065142065
2.6515449311411405
0.13575339071581202
-2.3056612274582444
-4.436755261088419
-6.055574280373594
-7.0188401791467765
-7.2595543827951925
-6.793513255178622
-5.714125215456263
-4.177674451641255
-2.3818132419818694
-0.5397600284004587
1.146749663587134
2.5116174775824076
3.4417490476486488
3.8853707855133095
3.8510799841852186
3.399427266137997
2.6295498551742034
1.662756600757862
0.6254252580475546
-0.3653136864773124
-1.2110551602447697
-1.8374984911009715
-2.196893922720668
-2.2677411088042785
-2.0524041808568634
-1.5743719934622344
-0.8765859410910074
-0.02095364996939229
0.9120692473566523
1.8257315582515397
2.6130340341411227
3.167435676826204
3.3969842577554887
3.2389375525629585
2.671877797004426
1.7234569322202689
0.473008111538649
-0.9518234755625896
-2.386329584754901
-3.6489888060550313
-4.567914543836914
-5.007482086345926
-4.8900092994122435
-4.209971229909416
-3.0388155164657817
-1.5177697461805932
0.1623016136541095
1.7904529078530111
3.167727100789707
4.1353046162683755
4.594863118734971
4.519262772156449
3.952693952043855
3.00072805965064
1.8123794717934079
0.5569996963566387
-0.6008832818470712
-1.5246087931314347
-2.1221941805062126
-2.3550927504178154
-2.2390960265916693
-1.838149817479073
-1.2521627255357723
-0.6003819262692535
-0.002737264623112056
0.43791877873297114
0.6505558378207849
0.606264880783914
0.32215357382376714
-0.14273494977643864
-0.698878541772852
-1.2423172521603931
-1.671487083345278
-1.9017418261782395
-1.8762610451389952
-1.5729194129346011
-1.0064604270698982
-0.22572785561735176
0.6933301449574077
1.6576302446143556
2.5679258807203316
3.3281548342918326
3.851883081851362
4.067402639303528
3.923924436201166
3.3991022412767733
2.5056367078486854
1.2945391626783462
-0.14582797565883626
-1.6948011322050207
-3.2084470444418103
-4.5323563904421595
-5.517448902402265
-6.037419805835031
-6.005810739416752
-5.390585415915897
-4.224073838573093
-2.605220381927423
-0.6913295190884676
1.3204180455003913
3.2183844945031113
4.804304871594898
5.918429852738565
6.457637531670512
6.384474204120364
5.726893610647832
4.569847526085036
3.0417389967029917
1.2992632718067003
-0.4876749564458251
-2.151111705192649
-3.5401479982044077
-4.534699489826697
-5.056328387795053
-5.075446118547594
-4.6145692463051375
-3.7467619323199743
-2.587866963013678
-1.282334791257872
0.014975195212461852
1.158044039355102
2.028505044484493
2.552135465009094
2.7091174117437564
2.534550467347314
2.1086415683357793
1.5390181831236904
0.9396330002882366
0.41098805890689316
0.024934100446345545
-0.18436422709758415
-0.22270468738926785
-0.13141219631373163
0.023067694871723544
0.16397394114546923
0.22121064222672782
0.1477532844893119
-0.0678722486796428
-0.39639011244103506
-0.7721115242677747
-1.1069976474031666
-1.3117243341642109
-1.3185066826551601
-1.0997058563010298
-0.6769976008927059
-0.11829078312555576
0.4762552162080148
0.9947909750986155
1.3365932841382833
1.433135736089669
1.2628026197232456
0.8554565076518298
0.28602451836780896
-0.3407695326016422
-0.9109450785296375
-1.3231198046882402
-1.5076151809287943
-1.4390708725221724
-1.1396698789473056
-0.6715376246804865
-0.1201757025157524
0.42534296515415065
0.8894366073077027
1.2212770476345485
1.3992419762327117
1.4288406151088888
1.335955781285267
1.157376859725566
0.9301310957013069
0.681853102823385
0.42465798227401996
0.15398220679452143
-0.1469601823865182
-0.49768627755261513
-0.908524633651575
-1.3699794572811335
-1.8466055582968153
-2.277099090197818
-2.5805803377030103
-2.6685046864923043
-2.461768450887569
-1.9110565574127527
-1.0157671832809791
0.16449506931396318
1.5108712015898433
2.860014238843371
4.02892113885985
4.843650267208901
5.166760861451796
4.91890087499384
4.090743596580743
2.745038552694712
1.010925067015526
-0.928935594764557
-2.858979011577999
-4.557747023061523
-5.8269659166839745
-6.516881264352505
-6.544161476747415
-5.902105760495829
-4.662565525658483
-2.9670641897629513
-1.0064553390361222
1.007235328256863
2.8702736510689273
4.411453116471738
5.507346064700877
6.088387198236286
6.137898388093941
5.686890026973251
4.806497271206053
3.5984153268066184
2.1835168059919736
0.6891182380043014
-0.7642876781689287
-2.0745974789328354
-3.1652265176955794
-3.9869340689021158
-4.515096281733743
-4.743940934766666
-4.680679132600489
-4.342465466342729
-3.7561154667420507
-2.958354681714601
-1.9956396755882795
-0.9240166325490585
0.1913455658032348
1.2781738040657544
2.2612627294156527
3.068753718968352
3.6402879594940463
3.9358690088595876
3.9429479889415093
3.679266307232603
3.190292801166531
2.5414218224560043
1.8065385154639904
1.0557194995001185
0.34445136720548925
-0.2937969724554769
-0.8493721769157662
-1.3314893035582456
-1.758328022970083
-2.1454587637266527
-2.496149704961038
-2.79678130438963
-3.01829302621482
-3.1222307264848688
-3.0695761629811433
-2.829979992923138
-2.3885692581816635
-1.749495243849714
-0.9371434756919411
0.005279686374388757
1.0206982680547911
2.0448267789022156
3.010747785540171
3.8502507877742334
4.494204330267874
4.874138727677757
4.926071155275943
4.597662916524974
3.858775125181144
2.713227594571833
1.2083986943533331
-0.5605570621330085
-2.453845330685931
-4.297245899059456
-5.897813596431653
-7.063859648858776
-7.6282116887028435
-7.4726125790648
-6.549483640682271
-4.896667837972003
-2.6417992336605236
0.005563006800503175
2.774695175267138
5.365712936135342
7.487853186129299
8.897749201906658
9.43226816004409
9.030564645756987
7.740546800999325
5.709060153068189
3.1596592809929938
0.36265368766969724
-2.3986568215519397
-4.861238468919379
-6.810410648813317
-8.099036739236517
-8.656300022601407
-8.487393493727525
-7.666452384553966
-6.323151880265147
-4.622286286907648
-2.7384159547385356
-0.8311905961437872
0.9730595820229893
2.5902633557000128
3.976877426001683
5.118746576014609
6.015034816735333
6.662892351548085
7.0471772923483975
7.13782989850695
6.89526253311779
6.280935649135738
5.268984394859425
3.856829260728154
2.0747341458836486
-0.006491584858531056
-2.272085151490118
-4.566594588910509
-6.7046477450805275
-8.488494813933183
-9.730637187499452
-10.278720963053988
-10.038256271696737
-8.988481324014597
-7.1886564582155
-4.774222782590717
-1.943754461301659
1.0607805661787
3.977491896002412
6.550244781118459
8.555476115462186
9.826950922175785
10.273748427582232
9.88842273394176
8.744912946800822
6.987109812821476
4.809852816169573
2.434963271531198
0.08523104227336696
-2.040128810186058
-3.7845029146427467
-5.045012227234918
-5.776630467182822
-5.991604625122332
-5.754922120758448
-5.174627635371164
-4.386057816919794
-3.5308916729789406
-2.7338859887401292
-2.081950614916962
-1.6105202324323646
-1.3002629183554146
-1.0846844912673081
-0.8668531524585448
-0.5414703135505299
-0.018291761708002622
0.7564215363539643
1.7838515500488437
3.0048512982892417
4.301832493412323
5.510981455949142
6.444594195904847
6.920767449336362
6.794924652722559
5.987249524788339
4.502497574020281
2.440363952918271
-0.006907673919482568
-2.5734652571402417
-4.954809393204727
-6.852747062198815
-8.021984624996543
-8.31061612126858
-7.687820003032814
-6.2524012231025266
-4.218139909500357
-1.8782111283565763
0.44318767624739375
2.4423632435069527
3.8822648535109816
4.6265639030558985
4.656906131562995
4.069869960757606
3.053253760274676
1.8468739762922715
0.696570006715861
-0.19007683551334784
-0.6791924500193555
-0.7319763097847426
-0.4084508324879686
0.14858327669418525
0.7475858160885516
1.192460516629645
1.326294510029629
1.0655978245040036
0.41888874633768836
-0.5131837411211745
-1.5558471977981507
-2.493505427485586
-3.112770627773686
-3.247409691536478
-2.8164175837944154
-1.8463726571786088
-0.4718363172750248
1.0864165786065625
2.560212321172478
3.6826321978317504
4.238297902606821
4.105847382859308
3.2832861943672182
1.8901600934947946
0.14646100447340152
-1.6663647391046326
-3.2545346677966234
-4.363049909663235
-4.82051490223727
-4.569219924355392
-3.6733740482838333
-2.303224741824587
-0.7000964909077599
0.8684812685093116
2.1556056728369155
2.9773652646612314
3.243609530545974
2.9710155993496272
2.276219934101231
1.3504662860505914
0.4205012034580092
-0.29639157788189807
-0.6347380450957962
-0.5137332551651391
0.04537714245679066
0.9219688320652861
1.9186458704469629
2.798275185570939
3.327982050296908
3.323009865569036
2.683210141981029
1.4152890890939362
-0.36363180724546423
-2.4419506901313777
-4.545696065434152
-6.379947754549147
-7.671938346883197
-8.209790411191605
-7.8723541624844025
-6.646593947963961
-4.630308403288978
-2.020094811031166
0.9131176863488154
3.8570782779805057
6.495418361474596
8.545086652672179
9.790491054558537
10.10958225541163
9.486163421406426
8.006351114622694
5.842671875751027
3.2306728483549736
0.440871546778427
-2.2522821498382477
-4.601549279082373
-6.413403450327576
-7.565533683601368
-8.013710321267103
-7.788670869855198
-6.98451054940147
-5.7402011982428265
-4.216731584950482
-2.574409225008313
-0.9549134149912213
0.5303815135212679
1.806081460490473
2.832181454351487
3.5973913026758235
4.108202107804663
4.377216060003908
4.415197142709682
4.229331232738998
3.826442608378926
3.2186094409458836
2.42979681549023
1.502411001803359
0.5012393900500085
-0.4883274786672491
-1.368655063506805
-2.0429178655362032
-2.430714691700014
-2.484793374961236
-2.206037970453152
-1.651628146458968
-0.9318922758539755
-0.1951297322467834
0.39708119822054067
0.7001470964141199
0.6166588148732876
0.11966272109719843
-0.7362939083430386
-1.818731578130894
-2.935501489593845
-3.865307612594272
-4.3951444270093925
-4.357529889457651
-3.66075627845199
-2.3074289436013187
-0.39912757842047863
1.872749808771206
4.248449689442068
6.431405447176869
8.126625257602761
9.081107371725073
9.120513487147987
8.176432445770624
6.299619891421557
3.6571561631344367
0.5146925256366868
-2.7932020398576185
-5.901329024027331
-8.457335498852318
-10.165936715662083
-10.828127901214492
-10.369191867184627
-8.850633762301968
-6.463696175898953
-3.504433205770916
-0.33260907428348085
2.6797571811382697
5.200733523445364
6.9815958121506
7.883659870526463
7.886591581402019
7.0803334219632665
5.64462486131986
3.8193879969671327
1.8687853048165572
0.04335140170863339
-1.453378772860934
-2.4877228326544896
-3.005577218123244
-3.0300268218183684
-2.648952390398736
-1.9947514981312757
-1.219585976870093
-0.47077616885148393
0.12980322567339211
0.49986741613659336
0.6029614915844377
0.4469046963790677
0.07628759093383004
-0.4384606226598492
-1.0133463925066952
-1.5629795286478751
-2.010881832379769
-2.295686542151272
-2.3728864331473773
-2.214759512899176
-1.8109389228101087
-1.169890514038753
-0.32103872158945745
0.6826794387961832
1.7637085915285686
2.8233702579998274
3.751141518844441
4.437435730663923
4.786924476886515
4.731121677214932
4.239051780808332
3.324007242666624
2.045404000306132
0.5058517631061419
-1.1567071089890193
-2.7817167301418873
-4.202532802313532
-5.265058940288314
-5.846278179686692
-5.870216673000567
-5.319441166662466
-4.240908278412948
-2.744939283310054
-0.9956917393950837
0.8075242424204853
2.455883588318492
3.7590972820778323
4.571341805693849
4.8115948970365015
4.475387939292602
3.635346229293402
2.4296073496447623
1.040236960622583
-0.333912271158125
-1.5050437764217242
-2.321154795335859
-2.6855332486978254
-2.5695888541770464
-2.016804360671564
-1.135871393922265
-0.08357336640892046
0.9596659482471602
1.8174556659828622
2.3437815721910638
2.4444216477884635
2.09137206253394
1.3286940837607748
0.26832980766416387
-0.9248138709669496
-2.0580069541667467
-2.9433148628277257
-3.431802898710234
-3.441434687815463
-2.971683737643111
-2.101705652846597
-0.9736193001733785
0.23445704651883895
1.3399342131758667
2.1864508000844727
2.6691087636250694
2.7500999345564936
2.4616902655584068
1.8961456264318042
1.1850733912324416
0.4730440020756027
-0.10860680182271575
-0.4637135465932158
-0.5471920251301149
-0.3732575112123756
-0.014229205669856568
0.41128844594122815
0.761563404750237
0.9034869477564925
0.745023462821387
0.25962105993487483
-0.503202346978746
-1.4236348715013045
-2.3325004440936983
-3.042784033930906
-3.3856941356702217
-3.244724189079982
-2.5817116051861926
-1.4502544643939432
0.006918727890125646
1.5777053293207155
3.0147668839146275
4.078095593440511
4.578398228710538
4.413193365254671
3.5881482443826127
2.218734587901428
0.5121229544023864
-1.266553053808069
-2.838008694054135
-3.955724741788916
-4.447060345854472
-4.240760015819333
-3.3768260026707306
-1.9982526294219993
-0.3268581166351292
1.3727035148494175
2.8352397364810913
3.836461954523058
4.2265740694600105
3.951730498246604
3.061277784631159
1.699477617502286
0.08231072813180114
-1.5367834961173314
-2.9064208853689713
-3.8163955589518364
-4.1309139697098
-3.8099555037658686
-2.9141928949042804
-1.5928468997552527
-0.05750660397987091
1.452963822879452
2.710012792708063
3.5291421369253975
3.7952689049230535
3.477058534916912
2.6290600692690465
1.3822852811723179
-0.07494327478746361
-1.5237148510100351
-2.745585203199178
-3.553627000928002
-3.8194544245603788
-3.4926878639782144
-2.609760006104697
-1.2905190069022312
0.2772868955077471
1.8643308254276063
3.2333055349694133
4.174112187212303
4.535179889928346
4.2472773615874475
3.3369223424427434
1.9258639511579658
0.214166767563826
-1.5511024565432852
-3.1149655912492302
-4.25388389448232
-4.809747988861973
-4.713897010726812
-3.996393278817016
-2.778295756579638
-1.2499773657918432
0.3589636766108713
1.8140293455674277
2.9108550670097872
3.506384473746598
3.541098812429852
3.047888528233517
2.145445021618196
1.01725867894037
-0.12024135733443797
-1.0550520470237523
-1.6161722899285145
-1.703746796616878
-1.3078046714885094
-0.511234734515991
0.52439026780127
1.5870804667415763
2.4510027027052836
2.914968219538143
2.8367197810320164
2.158125581774539
0.9184357341152283
-0.7460212445342813
-2.6169107482176734
-4.422831229912254
-5.877865170721342
-6.724118719878929
-6.772893992970905
-5.9385126648396405
-4.257926316280246
-1.8908458138719737
0.900047823775811
3.7842641475932037
6.407731940589093
8.440180518785663
9.619651669381435
9.787665835944473
8.909336843257865
7.075690266255383
4.489074730661566
1.434465022860008
-1.7587205723036263
-4.757139481243178
-7.260372522202566
-9.031974631917869
-9.922606594250551
-9.880900685193728
-8.95009670151346
-7.254270009327504
-4.980316363323663
-2.3585871073715734
0.3586887380420168
2.921550835551381
5.107125710143396
6.742444239730661
7.721666606785552
8.013506989274742
7.6570954085142215
6.74822246111532
5.4197992041247955
3.8206677327716982
2.096576920090694
0.3764015004483082
-1.2349772662575607
-2.658394764277591
-3.8390759261071934
-4.742877787465923
-5.350154703777042
-5.649526946206601
-5.634478509477709
-5.303348918743306
-4.661790195992647
-3.727027376744741
-2.5328930125871594
-1.134045637114574
0.3916400316705618
1.9431739924982827
3.400160668833835
4.631031264905747
5.505881019482767
5.913398205895496
5.780314931085856
5.089887293853173
3.8943516112387533
2.3164116841422278
0.5371886685747096
-1.2279383923842635
-2.7608629264544633
-3.8738682727176674
-4.438806121657394
-4.407296167280687
-3.8182224649310172
-2.7913657077767535
-1.5086755011281126
-0.18598762679500697
0.96154956649358
1.7554040872484429
2.083869273931552
1.9202076655521507
1.3257665749519636
0.4379787357417379
-0.5547487305447527
-1.4468508056013214
-2.0520136659250565
-2.236037495939034
-1.9409409884619562
-1.1961481377307634
-0.11427186726737759
1.1281107879235173
2.3214024713680947
3.260185993445886
3.779216301010905
3.780802318042789
3.249540216711729
2.253279917898649
0.9302882411151452
-0.5349260661517389
-1.9415837922842731
-3.1027371840360285
-3.871341403484258
-4.158563153882513
-3.9413426059988117
-3.2594908049360614
-2.205883285444547
-0.9125170863216887
0.4670478807906316
1.7769950139615596
2.8764335974404815
3.652266937148947
4.027670847888731
3.966051217095934
3.4709415002600226
2.5839164762626177
1.3822016854925632
-0.024799651850112712
-1.5022675410814161
-2.901168694094447
-4.07303358380754
-4.885897746557522
-5.23832732720641
-5.069490597356976
-4.365685762194284
-3.1646949169715315
-1.557303939161314
0.3168404216219687
2.2808732428969494
4.138617491148585
5.695791787655209
6.781835075128085
7.270173651041431
7.094471045373595
6.257768354810416
4.832098549775225
2.948632427178191
0.7804257721621819
-1.4795164131700709
-3.64129760222685
-5.53782328955389
-7.037012434952043
-8.044870986088952
-8.502139883271674
-8.379847010578375
-7.67679445377761
-6.418687811714171
-4.658612397380286
-2.4793399704190544
0.0034514641004924256
2.6396021899167903
5.246965683241914
7.619610450947413
9.54259636295558
10.812385786475929
11.260164217721027
10.775434148221853
9.327399097161315
6.980602954830611
3.9010445192031558
0.3495319860468357
-3.340114302185947
-6.797132851704044
-9.65874753818663
-11.616602416112112
-12.457750458746709
-12.093950442850648
-10.574367872415868
-8.079382006358493
-4.896648203929685
-1.3835272593734025
2.078393248344189
5.130068929179322
7.476468858970138
8.91771324996328
9.366679212302907
8.851622401165685
7.504886779258576
5.540650821027175
3.224885825025758
0.8411891359069545
-1.3428204032835964
-3.10433611790269
-4.287026901291677
-4.814285080189505
-4.692938600858556
-4.006601290472723
-2.8993614826023157
-1.5529826592200802
-0.16217837446068042
1.0885591976711595
2.044955447097359
2.598540415736917
2.6961500448654525
2.3422835475157413
1.5949122765645063
0.556556909767377
-0.6373768480477496
-1.8319123790925051
-2.8682953231570703
-3.603427420052472
-3.9303058246695377
-3.7933652703764764
-3.194825810156645
-2.192366214684834
-0.8899454990758018
0.5759055614341874
2.0516399660814937
3.38247097806534
4.42787592018963
5.076225271170853
5.2569026216529
4.947332890868722
4.173490098890341
3.0051682200015906
1.548402658346892
-0.06352250534570182
-1.6806090825235487
-3.149102157147048
-4.326193614793508
-5.093901008267431
-5.370443857098132
-5.119246427728342
-4.355572917133569
-3.1494477727667536
-1.6226855773101077
0.061148007126051646
1.7129376076828648
3.138800012384953
4.164172911624256
4.6588703599192085
4.558711181343088
3.8784690216291184
2.712537987438551
1.2227935639564587
-0.3845976208584823
-1.8897946776826196
-3.091555048312241
-3.835440191643431
-4.034420432648442
-3.6792765336459956
-2.8366652140528217
-1.635436871697578
-0.24471978676500838
1.1520426166280493
2.3828693843236834
3.308382971712819
3.835437695647876
3.9231774054937674
3.5826695359443472
2.8710635718404136
1.8812755516305737
0.7284307566085152
-0.46480774695727695
-1.5807352746727095
-2.5151926331496397
-3.1839185144810607
-3.5288032432007097
-3.5237111095635827
-3.178052592261283
-2.5367229481498335
-1.6759526174138573
-0.6953053597155835
0.29330610703327353
1.1781405423272036
1.8603281683869721
2.265619495191832
2.3535999393615925
2.123029408561743
1.6131270216419196
0.9007009462847635
0.09264195236216866
-0.6861861233542734
-1.3090867178921957
-1.6658519142029486
-1.6795408473465885
-1.3191034139580369
-0.607748531403234
0.37434259695361954
1.4963554726922268
2.5929963665773768
3.4873307515354983
4.016254394727236
4.05508660548883
3.538244307290833
2.4733088813432214
0.9456924615903566
-0.8883697333860958
-2.8203869363428127
-4.6167075513682585
-6.049618679346039
-6.927821479015616
-7.121941008556992
-6.581680354242916
-5.343243891111028
-3.527085470882931
-1.3258106536497807
1.0179831173997442
3.2426104193647336
5.103153730575477
6.4060377648155695
7.035272007107314
6.965322950193552
6.259237690435348
5.054030115096201
3.537223512809129
1.918423736508897
0.3992401485653228
-0.854933587235398
-1.7374482940870748
-2.213603550371564
-2.3218599548288457
-2.1625893442900574
-1.87657060815705
-1.6173971352059473
-1.5228474205894453
-1.6896208554756587
-2.154190952696996
-2.881952633354158
-3.7674102149450035
-4.64737354693758
-5.325972771753842
-5.606673311763422
-5.32491333354629
-4.376315714624688
-2.7379454019156677
-0.4809523137892649
2.2282394124893496
5.140943757611687
7.952962385121349
10.341188152322056
12.004622789906954
12.703448802897213
12.289993306853752
10.727799004195811
8.097482562124753
4.589641462793082
0.48717330839114437
-3.8593577466318125
-8.061248507951733
-11.725953987694359
-14.494928866269717
-16.080787354611942
-16.298582278742053
-15.088189472776495
-12.526701423116078
-8.82866514695231
-4.330738827248012
0.5401442400123564
5.3113672315248275
9.516098972190061
12.746192577484177
14.700451054081586
15.22073657501061
14.309639659674541
12.127269914561554
8.96830786469829
5.22318254788136
1.3290279189832628
-2.283965289665936
-5.245449436682698
-7.290406521223978
-8.289763551519266
-8.2607182511132
-7.355455161389149
-5.831201587339
-4.0070127012074055
-2.2129368396244864
-0.7379768211029518
0.2147214291150889
0.5569532436548561
0.3235033214230857
-0.34151325059709686
-1.2161862316174243
-2.0434251470704705
-2.57703738766799
-2.624014709253756
-2.076977911141721
-0.9326420581767546
0.7060859118607465
2.6446986034418396
4.625727442977827
6.366292567729491
7.598627071162724
8.108675403164094
7.769239917482586
6.563267101092321
4.591564769498529
2.0620398373498534
-0.7375575622226018
-3.478959738367116
-5.839046993963042
-7.544473376995258
-8.40816609535859
-8.352736314535248
-7.417678445561205
-5.749420168893582
-3.5768312889552223
-1.1778604970835356
1.1568508988991557
3.1593459586535944
4.615298857998095
5.386526037308294
5.422530716369495
4.761823672924141
3.524853559131681
1.8987912546424317
0.11413525469242215
-1.5842428000102518
-2.967022149904557
-3.848106958971816
-4.108417603248831
-3.712814812824713
-2.7157898249391588
-1.2537604037423482
0.4743406786618199
2.234363467795651
3.787863769290701
4.922796537330135
5.4810680302777275
5.3801353447861615
4.625048656442976
3.307970252604161
1.5944828403076345
-0.30159460081145
-2.150330575117724
-3.7381637219059853
-4.895636677112642
-5.517779843086706
-5.574545432343439
-5.109100833651195
-4.225076275675793
-3.0665136785805958
-1.7942169587765637
-0.5615166219211349
0.5077097157699119
1.335711752488111
1.8989159269020037
2.224979806340522
2.3791405949852096
2.443109230225277
2.491649215150959
2.57227418703952
2.6925161233397596
2.8176488691289734
2.8793724797930147
2.7930572868130326
2.4795993224983772
1.8877989509784252
1.0126556312967339
-0.09529269555534682
-1.3327711487748848
-2.5586125091425918
-3.616899938751824
-4.3625100377411465
-4.684009633925919
-4.521080912979985
-3.8749706904990115
-2.8108648787828616
-1.4510688960315912
0.04126591604760459
1.4853514843272013
2.708306535887815
3.568791003653562
3.9750672185812572
3.8947210578899596
3.355922155616472
2.441741476923961
1.2782854801361545
0.017330188820248216
-1.184515159750711
-2.1872212377997475
-2.8860596655757162
-3.2242152399004373
-3.1967938821954265
-2.845578401598733
-2.245869794750879
-1.4885939762132194
-0.6619776705695868
0.1630766198334012
0.9406742363351472
1.648732207406023
2.27985584694228
2.8290116126311013
3.283526146465851
3.617831507159214
3.7927025170441953
3.7589730272034636
3.4660279632916646
2.8738078220452894
1.9656714795778392
0.7595033842393306
-0.6853194408566625
-2.2673320880795074
-3.8499962989929397
-5.275958843467191
-6.386642946978298
-7.0437758059947795
-7.148429991349811
-6.6539338527488905
-5.571925255997009
-3.973108754538104
-1.9832440794371742
0.2270495581486116
2.4592500461141125
4.508643936113163
6.187194032377792
7.3441509481095
7.882447805365458
7.769638587747815
7.041447256379075
5.7965476346252895
4.183390138510066
2.381022895567698
0.5761403992430159
-1.0603921931322884
-2.393701773545438
-3.3389357700026663
-3.8680479781269477
-4.009317017864125
-3.83999689348625
-3.473085975012815
-3.039365269431297
-2.665344133302348
-2.4491120075990596
-2.4393465381014146
-2.62335758347908
-2.927057577616725
-3.2269475163615122
-3.3727091933848925
-3.216828083525659
-2.6452411187508704
-1.6028883235491598
-0.11020297611513555
1.7317828646999491
3.7494794246146244
5.7182030683843035
7.394420350131889
8.552943481681652
9.021437254323388
8.705814651007984
7.603224795877384
5.801671714546147
3.467218190155503
0.8221471171073413
-1.881470106136349
-4.3892937660634646
-6.471073383868141
-7.94420053440113
-8.69263812615296
-8.678961026635706
-7.947660596246019
-6.618565009550717
-4.869741867702381
-2.9117154505812803
-0.9585796887929113
0.7981000906349949
2.20995816651396
3.1864012675043587
3.701916258446566
3.7946691791280958
3.555964092242946
3.111626519298973
2.597774601839941
2.134958546036363
1.8060125679249004
1.6425359653125475
1.62259698792115
1.6799646383189302
1.7229969594967303
1.658877592851928
1.417828077992583
0.9722035601484004
0.3458181762457443
-0.3892241411003196
-1.1271782307276053
-1.7508362115515734
-2.1563284441221633
-2.2758681232662403
-2.09459351633507
-1.6585303252455175
-1.0713201811570854
-0.47836453253190636
-0.03949433833498071
0.10494915595101173
-0.13276605582014006
-0.7625912078390912
-1.7054229436027553
-2.7995679562760305
-3.8242890617947944
-4.535614784331666
-4.7085686064527845
-4.1796548748683335
-2.8823342936509877
-0.8687772107890822
1.6861332746706006
4.499827999372839
7.215069467528858
9.44748805862763
10.841704966427113
11.12784597449954
10.168889628471529
7.990130876420539
4.785066086572996
0.8956688582807167
-3.2311211643897435
-7.104021496284338
-10.25424569026174
-12.29768827616706
-12.985217611932976
-12.236210634499365
-10.150501101615514
-6.995439551080174
-3.169409536393418
0.8518265931603868
4.577377526169625
7.564324317984817
9.474821440696932
10.119610395115462
9.480339666962088
7.706128144461011
5.085427860668578
2.0000664449809658
-1.1291136727555853
-3.897264649525444
-5.965487460940658
-7.100080922378806
-7.195958463801777
-6.2822272064095666
-4.511928173814732
-2.139604121515414
0.5107239311659005
3.085441345205505
5.246268866934039
6.71529819601635
7.3129214968502225
6.980936106545917
5.7864285618151
3.9071149712854383
1.6020752313692388
-0.8270327031088553
-3.0788518712698307
-4.8936549726392045
-6.087254420202234
-6.572009964400811
-6.361449140254622
-5.558693638352472
-4.332400936668862
-2.885436436250885
-1.4214905300285106
-0.11426094963388636
0.9169164042058826
1.6210381029910061
2.0158273703018503
2.175076789269102
2.206613865052669
2.2247726162170127
2.322139201715281
2.546943405906978
2.891224053917928
3.2921533198072592
3.646356295605341
3.8334245686324846
3.742193341249165
3.2944061529592785
2.4624373807117808
1.2782963670789458
-0.16801530322434735
-1.7405624610705772
-3.277752839386083
-4.6171465746599045
-5.619405985159299
-6.18561813383755
-6.265249262915892
-5.856621984191612
-5.003495755998743
-3.7889169063858694
-2.3254415720576613
-0.7422216871624939
0.8290324845202073
2.267861435825532
3.4771444310978405
4.390718047861719
4.974637827833597
5.2226859105274555
5.148598292730509
4.778492831280118
4.146444049485643
3.2937337988863846
2.2699060339470782
1.1332337242034234
-0.050336621055622546
-1.2091129259435427
-2.268024534423947
-3.1522063055502096
-3.792889828914422
-4.135548539347209
-4.1482855805927175
-3.8277896679256433
-3.201897893642001
-2.329425009994052
-1.2974089185052589
-0.21441330142051462
0.8016160503165344
1.6396283039725286
2.2113654509733403
2.463321358211577
2.3842178529500857
2.0074891597349995
1.4070863128176119
0.6861239379480506
-0.039656624347657765
-0.6598714610890916
-1.085087302349103
-1.258069800811085
-1.1603233581336925
-0.8134663232135813
-0.27519271177367033
0.3695908751486652
1.021636317115559
1.5825782742382672
1.9692029467734042
2.123532962102388
2.01754204974573
1.6533476119853392
1.0609408046005682
0.295229298854218
-0.5676364085794569
-1.436013655414128
-2.211555812502034
-2.8005492171551887
-3.126100853407667
-3.139414198203098
-2.828267171931767
-2.219936633844631
-1.37722058088992
-0.3897774387858102
0.6366369094557689
1.59298311667588
2.3813697905927955
2.9276792770768343
3.1884317121298933
3.151081743514355
2.8305385427702747
2.2650360110913494
1.5118415697459613
0.6417515014067374
-0.26772564988880465
-1.139659538191465
-1.9047397649760758
-2.5070937020036266
-2.9071372846421073
-3.0806258795571146
-3.0159766993964885
-2.71306351297125
-2.184443178204544
-1.4578101601169384
-0.5780402373059024
0.3929689453862629
1.38003058842052
2.3016627822121323
3.0783854423993433
3.6402186500830567
3.9325770132934768
3.9205145582084477
3.5908925515644587
2.952899530060844
2.0386970788337107
0.904500924335944
-0.36980808800254655
-1.684284306811397
-2.926623020295959
-3.9838295995490345
-4.755495300894175
-5.165346472321588
-5.169131376543769
-4.758380091050421
-3.960361095984992
-2.8349421579735385
-1.4688648404384723
0.031894969871470794
1.5503573147008793
2.966428335130724
4.164890946074027
5.044433247884228
5.527507429040941
5.569365921246002
5.164314008872336
4.3478820860219605
3.1949026403708722
1.8146106257181323
0.3428982454924509
-1.069839513474384
-2.2754312532847996
-3.147024063205475
-3.598744288743923
-3.603932781845413
-3.2066851669367225
-2.520164356598406
-1.7094601436828865
-0.9627369160614591
-0.45670521819343085
-0.3213906606904979
-0.6095229228399988
-1.2780560400737617
-2.1881950594587165
-3.124996876177533
-3.83293175100104
-4.061560333282388
-3.6138151785994324
-2.388204282087264
-0.4074188701217109
2.1711622518781857
5.0655485574700005
7.900842330499556
10.259825733673791
11.744970190656964
12.04221666290486
10.976465318442608
8.548980480800003
4.949069983730269
0.5366017457326598
-4.202634910836382
-8.721530318034219
-12.486118932649449
-15.048604240201087
-16.107206142042383
-15.543202735465801
-13.430388958870545
-10.017749749249175
-5.691105088277732
-0.9216425534501661
3.791859604091414
7.980929240993976
11.25842536720656
13.356616278653982
14.148625179654852
13.651455247203325
12.01109144460387
9.47302633448089
6.343388255422798
2.946846233778209
-0.41169240890998243
-3.4753456074721107
-6.0506223480829595
-8.010806057813488
-9.289991807875133
-9.87101495273387
-9.77150272190541
-9.032546806851514
-7.712935672759264
-5.889453049790065
-3.661614102443646
-1.1578829891845963
1.4601038265825128
3.9988278071955734
6.242547628077995
7.972437912195438
8.993760231184964
9.166723638755697
8.434668136954459
6.843309585533573
4.546139339226058
1.7928042984179762
-1.0994564152588346
-3.787007631321425
-5.946726561167826
-7.321217344784356
-7.7556061089855675
-7.220639933483926
-5.8182206257564495
-3.76706331420806
-1.3697543752773742
1.0325255571369099
3.108781637974442
4.583241097830899
5.272238711814401
5.109373912657037
4.155170332700265
2.5888744056933004
0.6824284844934538
-1.2412202604936202
-2.860275551864004
-3.9077658368835215
-4.216241870544491
-3.7450268827865947
-2.5856008809860658
-0.9444691904618132
0.8940219858118686
2.618405477548624
3.9439925301917222
4.659611600045164
4.659871968948288
3.9581764967271393
2.678548618363757
1.0290095397120447
-0.7366843778886712
-2.360977688105525
-3.6214923091343163
-4.362490454819174
-4.515048474453736
-4.102275860707394
-3.228765531586773
-2.058279232856286
-0.7850798647075321
0.3978878971326383
1.3309717120898938
1.9142510619541662
2.12205466562172
2.002225492022789
1.6608906744619165
1.2365112022642952
0.8685692764558255
0.6667519073535993
0.6865369579539353
0.9164500199702564
1.280191787529137
1.6536413469111595
1.893386783361046
1.8705972798412183
1.5024957562700123
0.7742585053696551
-0.25329999967161415
-1.4515824047688186
-2.6457621749296774
-3.645675471562693
-4.280110288621141
-4.427771492946336
-4.038934916919428
-3.144807498164886
-1.854267484476782
-0.3377607511519978
1.2008236124946055
2.559147854351885
3.5698913406295585
4.125481688353382
4.190446614424362
3.8007513755757865
3.0510642135037083
2.0724139463612237
1.0053736334546401
-0.024376997341077667
-0.9224490691819225
-1.6314485003710069
-2.1272636958185913
-2.410661099314347
-2.498739682478956
-2.417717050211122
-2.1967741870961723
-1.863029278223855
-1.4384019161138464
-0.939609117740531
-0.3817022962866939
0.2167225253744336
0.8291185234951629
1.4182703616066796
1.9361576805523526
2.328619719839915
2.5451965852112273
2.5503996170883947
2.3315406186579684
1.900971872232193
1.2936356572290089
0.56181572268504
-0.23152938812654952
-1.019865410221814
-1.7397805908905244
-2.3367324772289053
-2.768897018194272
-3.0080272875475087
-3.0380907471616228
-2.853856391461175
-2.4600745602896295
-1.8705514024223118
-1.1076815044481463
-0.20396544935501199
0.7945751957201722
1.8254031044052066
2.809407757721163
3.65461189175514
4.263266436042276
4.542366450012269
4.417685965486471
3.8493167094568426
2.8443626077796775
1.4630176088543931
-0.18314590362697428
-1.940136296365692
-3.6264534835901863
-5.052030951764837
-6.039200845531742
-6.44366708228129
-6.173289345132967
-5.202993328936944
-3.5846003204893266
-1.4498482326680258
0.9956045300702543
3.489008609149537
5.7383142694361196
7.457839247241417
8.406052691892635
8.419597087852498
7.439175737844708
5.524341850574187
2.8546530894370012
-0.2853627829453424
-3.538162014287971
-6.518508412591189
-8.864525155027358
-10.285439396488206
-10.598682032509794
-9.752145118698385
-7.829711432882635
-5.039687984588097
-1.6877719738586945
1.8615537216879772
5.229310048911744
8.065286521734429
10.085211970680295
11.099240475746155
11.02992817131148
9.91813289094891
7.9161089406833
5.267289811178915
2.273509741065609
-0.74544406325841
-3.492058658413423
-5.724816887489722
-7.28212077125191
-8.094420056715775
-8.183568301586057
-7.650180610351694
-6.651338910963482
-5.372346651704034
-3.9972473813860816
-2.6823579015546084
-1.5358126814055648
-0.6058322468694284
0.12004446894115747
0.7048766278809406
1.2438030677374474
1.8400278366519314
2.5785689020995473
3.501949290771087
4.592481885638323
5.765544796769496
6.876795117228304
7.743069778418825
8.173377294094227
8.004423121946168
7.133767882603072
5.54308857557832
3.3063848587652247
0.5831519326936507
-2.3999834637754542
-5.375952372564304
-8.069163803256046
-10.227554667727487
-11.649208357004008
-12.200668685899917
-11.827120315527857
-10.555829097194945
-8.49334907743786
-5.81544317028294
-2.7488522386573138
0.45358454661775466
3.5398403850366016
6.281606768046528
8.49000399252742
10.025478249783648
10.80404879307179
10.800278671965406
10.047321851325668
8.634746714409326
6.703511067838667
4.436383228317704
2.042395687045551
-0.2646503647835785
-2.291024358995492
-3.8866944052153243
-4.963618162159202
-5.505895522958415
-5.569659127656988
-5.271586021146333
-4.766902244223924
-4.2197982565483745
-3.7708341961834404
-3.5073514123297347
-3.4435093475012435
-3.5152375236198607
-3.5919361799818947
-3.502839196314197
-3.073636302895398
-2.1677668016200378
-0.7250803186512743
1.2106911721191398
3.482803549449352
5.834110055523022
7.940727399627069
9.46269776113164
10.104131999004961
9.671540740394326
8.117632130754682
5.561033669405229
2.2780251348006098
-1.3326865978160027
-4.807175753296813
-7.686963114116867
-9.591527823201
-10.279178671439812
-9.684079363717398
-7.922717494964204
-5.27040005096796
-2.114031018545475
1.1095736572420711
3.9795174793284502
6.150300191725477
7.395220238880379
7.627620967523542
6.899747247738396
5.382497546062301
3.330022088851743
1.0350382172815953
-1.2166729149982274
-3.1844008039480824
-4.697518585158644
-5.664728601336713
-6.0687005042233455
-5.9502821461579165
-5.387630166940915
-4.475373156145029
-3.3076850346102944
-1.9679535023603048
-0.526186063953526
0.9579652490266471
2.430443300995895
3.837536679375273
5.119171686772205
6.202160460170969
6.997858621175228
7.407796769606295
7.337324809447525
6.714499213860995
5.510021843508789
3.7535146009356533
1.5422901636382789
-0.9597598114277148
-3.534665661206511
-5.933903432717997
-7.909511063679529
-9.247706603222772
-9.799502317402348
-9.502672640114087
-8.390974290130911
-6.589209393358544
-4.295113336781484
-1.7516730820203796
0.7847859299464642
3.075817608679898
4.927078391118308
6.2059781280881765
6.849714142630477
6.86510658371224
6.322079683943868
5.3423955635777185
4.084515045289467
2.723790166367978
1.427759652187724
0.33076245700317614
-0.48471146394752473
-0.9948443082893513
-1.2290117183072813
-1.2544810490317708
-1.1558621532195283
-1.0152747073973092
-0.8979243680479342
-0.8448461135586203
-0.8724971504892796
-0.977663399896342
-1.145148881728503
-1.3553201264465018
-1.5891454526834212
-1.8301216621059
-2.0642409846629732
-2.278794789536195
-2.4595597611670583
-2.5866428497467147
-2.6306548520501787
-2.5508444932561423
-2.2969284736157243
-1.8164922701593185
-1.0675940699046824
-0.03354958502309578
1.2632508460207255
2.751424237969341
4.308262734537526
5.767651575035131
6.938083569138185
7.628605246980012
7.679037015517223
6.98912358047595
5.541167288722936
3.4125740336927244
0.7763390869184013
-2.1120915859211906
-4.94206767076242
-7.386505725571089
-9.146256263383728
-9.992677790959386
-9.801441075423519
-8.572512590367399
-6.434181936725031
-3.6307095162736767
-0.49367825101908064
2.600497732080695
5.2808171212869155
7.232033919387437
8.237507332345317
8.20754517441961
7.188829784897751
5.354458258123123
2.9767918203673216
0.3871053075532093
-2.071573548378645
-4.090518903740914
-5.433788248656827
-5.965640832620684
-5.664722085057856
-4.622806435940219
-3.0272857136743974
-1.1298758268421523
0.7926168458559284
2.478390340156452
3.7162598539258775
4.373313925319946
4.410762483419555
3.8843924084642283
2.929481662769396
1.7340401345815706
0.5057843522333734
-0.5623743796221948
-1.3238524910761056
-1.7015341387417926
-1.6975484451155451
-1.3877083808987531
-0.9020136940476643
-0.3954917594369556
-0.016176924884947604
0.12275440544677813
-0.037547394599564896
-0.4917463411066415
-1.170606972643226
-1.9527871364070333
-2.6880013144224164
-3.226574305234354
-3.4472221448976783
-3.276984167500067
-2.7012812206098618
-1.763854931923132
-0.5567161914062793
0.797626779032685
2.1663074704110072
3.4233022840328804
4.461447794501411
5.1992700569993096
5.583499057066789
5.588754195913459
5.2155965379197085
4.487711332613811
3.4493776037216586
2.163804293424508
0.7111591384478976
-0.8151587008621156
-2.3139677175403612
-3.682667228229633
-4.824627045374369
-5.6582175097349445
-6.126043784627579
-6.200840597593332
-5.886341739455707
-5.214611991445166
-4.2407464397393495
-3.034484742986526
-1.6708172396979264
-0.223779027237509
1.234967049087727
2.6341092255423497
3.8992953982460254
4.951822066837885
5.712956474100987
6.1131351459491965
6.1018661949823025
5.655966873417914
4.786172022514221
3.5416032683344576
2.0103872558403477
0.3148152594835482
-1.3992170378685047
-2.9771047873051613
-4.272537015818386
-5.163893433108532
-5.567180356286875
-5.444236445642952
-4.806977539617129
-3.718407178586003
-2.2897369781656525
-0.6721260143754162
0.957954282586757
2.418743477784994
3.545809891620255
4.214298406659971
4.357698614522258
3.978962789297173
3.1501598999796516
1.999913645796789
0.6913706233960651
-0.6048708642310576
-1.7379003703272538
-2.5985444168479512
-3.1323799120598834
-3.341749123582936
-3.276069020604248
-3.012136864720781
-2.630200734294947
-2.1931906907111687
-1.734344225368149
-1.2549975519410974
-0.7308506013027066
-0.12330045689791921
0.6064456747988413
1.4821700267338198
2.499553405792874
3.6183927233873705
4.760821711537118
5.8146885764782965
6.6420867873525875
7.093957123135567
7.030528451622466
6.344876012860502
4.985148649916421
2.9707771656674202
0.39917245403307383
-2.5581767778225637
-5.669110190928857
-8.661529922932457
-11.248687104744183
-13.156165652322978
-14.148334394042447
-14.052582641882982
-12.780034152321326
-10.341556501526904
-6.857061782562038
-2.5556534171256113
2.2347550081933067
7.109281411320723
11.620723163337654
15.3261266823725
17.839486786054916
18.881477670559295
18.317558656002266
16.17859916729406
12.661211925009429
8.107425270373023
2.9657543320649022
-2.2617847860306024
-7.080128789897172
-11.060545039387003
-13.889256577913741
-15.397479585367469
-15.56964431692009
-14.531023516995365
-12.518350759783626
-9.838226777151492
-6.819879228602098
-3.770160443618541
-0.9376649083383868
1.5094150738162935
3.489216621208261
4.996210390449883
6.079168989563536
6.813997182141988
7.278631859943403
7.534128798417524
7.612853058822941
7.5140368971304525
7.20686225658402
6.6405874396509645
5.760865126761383
4.530006584395436
2.946738063672652
1.060461118152519
-1.0238015535744551
-3.151706015951963
-5.136736169252384
-6.785710834605994
-7.928030895309518
-8.442344427585407
-8.275189009770795
-7.44896948829123
-6.058852984487175
-4.259515445561462
-2.243654261611861
-0.21568186777480414
1.6338806796898486
3.1482636778117286
4.217282798757055
4.784399479631096
4.848868062865497
4.462989160971765
3.7241035688652957
2.761107958215912
1.7166409121066615
0.7280388463321904
-0.08898013511981354
-0.651462222626656
-0.9157963124160027
-0.8815685887026757
-0.592538219241669
-0.1319917653573364
0.3902016604402808
0.8576444649530404
1.168604817557325
1.2522687039842995
1.0782525376973002
0.6599663820187728
0.051899588685113456
-0.6590165631448217
-1.3675833056044246
-1.9691602059597124
-2.3792141281328787
-2.5478819093355143
-2.4670126965449533
-2.1699626520182242
-1.7238138528748135
-1.2145723009210805
-0.728803755944089
-0.3356273346499105
-0.07177312370940805
0.06716219747663671
0.12552238562514803
0.17507054105551867
0.2942993601600286
0.5460426976922761
0.9598678011037379
1.5228874341549792
2.1792202101276366
2.8370224488000493
3.3824538774224884
3.6991675818954657
3.6899804346748395
3.2966951071632327
2.5143179997996663
1.3962907910496165
0.04902663291680008
-1.3832498045823018
-2.740398586074715
-3.8707943928749002
-4.653374174809371
-5.013248877596261
-4.928813247800924
-4.430102724713206
-3.589972552545983
-2.510971785953787
-1.3102977195373833
-0.1043997587121992
1.0048211026982377
1.9401738227788008
2.654481516035793
3.130693175564737
3.3775874070030847
3.4224831071331487
3.3019110344714426
3.051731979670044
2.6995228530486597
2.2611631728706323
1.7415493531151502
1.1391488381004389
0.4541257323824432
-0.301916517230519
-1.0981310766904273
-1.8819587157514521
-2.583924079331422
-3.1290673997895744
-3.4512215712829573
-3.5051729679084884
-3.2739127799300647
-2.7709614387809505
-2.038671413930791
-1.1433717164257304
-0.16831094039901978
0.7946043487604348
1.6534466106882524
2.3247360070280148
2.74148798246579
2.8609368093540017
2.6720195420451325
2.201351383513727
1.5147838637994278
0.7119777062242617
-0.08667490799606442
-0.7592832684285952
-1.2039203093620143
-1.3569387959646646
-1.203902732396383
-0.7815367563028599
-0.17128188264021532
0.5136343742392266
1.1449632857473262
1.5977091118279572
1.7688788816292722
1.5956054933010044
1.0694159476511143
0.24234669887278537
-0.7779096826066094
-1.8439336585425532
-2.7925304880856126
-3.4714722791306145
-3.7640614707188926
-3.6081584175870813
-3.007615661193137
-2.034055737233327
-0.8166034457758811
0.4800387638561042
1.6840659050653501
2.6452142593998684
3.258777578625378
3.481023909509918
3.3329659272830225
2.891625094652814
2.2709055017279187
1.597292084118993
0.9862425270325068
0.522727532378734
0.24754617672439005
0.15132110804297697
0.17811234670906034
0.2386721378185336
0.23068624548474562
0.06207711990462137
-0.32708907101516305
-0.9490964088794509
-1.7625314598485227
-2.6754776803949225
-3.5573694017419832
-4.259114214864354
-4.638527002513834
-4.5858978141264135
-4.044780403956777
-3.024563718392697
-1.6031618639926568
0.08075790353886164
1.845591198799448
3.4920731891498855
4.831797700424065
5.714382417838925
6.0485926996986255
5.813994228459808
5.0617722740254845
3.9044421078439613
2.4959441649724816
1.006386635549434
-0.4032773391771706
-1.6020582730268256
-2.5019107984385496
-3.061837440088343
-3.2846941278700186
-3.209659077876929
-2.902718590001926
-2.445899443212669
-1.9255378296341945
-1.4205981739638143
-0.9925321832503534
-0.6787298009055264
-0.49123523458455626
-0.4197878180997242
-0.43676744760166913
-0.5031860437898314
-0.5757098705589456
-0.6136043346573966
-0.5841074848705665
-0.4653264877647361
-0.24653486594224186
0.07319155664677465
0.48679855743703676
0.9809592273569239
1.5369196854963074
2.1294224399115653
2.7238084824222466
3.272958828884578
3.716463385994347
3.9843318176441898
4.0058660575130505
3.7217115227499877
3.096337676142131
2.1287538756185804
0.8590174917688533
-0.6315440288804929
-2.2264609192306173
-3.785212777733605
-5.157765379108984
-6.201072159140786
-6.796267281476007
-6.86542678031109
-6.385642853287228
-5.396204246685228
-3.994746312447418
-2.3219754930222565
-0.5391635953300856
1.1957715471249692
2.7486387225925104
4.022189472345835
4.960863669813772
5.548418176901214
5.80037454930707
5.752498830926767
5.447461207218361
4.9236218281498525
4.2095529819715924
3.3254939421852057
2.290319742996627
1.1306648449045291
-0.11165730350910183
-1.3767461539232253
-2.5895812771177065
-3.6684127131628084
-4.535845475261544
-5.129180312084579
-5.4079758242961455
-5.358072244230114
-4.991717089591246
-4.343974322576097
-3.46646160385508
-2.4200974288129498
-1.2684218793740538
-0.07247947577278138
1.11187509115847
2.2335461624034894
3.243046842566144
4.088324334683701
4.711938281436179
5.052292800093075
5.051016550567977
4.665901315300869
3.885182081503719
2.737908805120569
1.2978437898592217
-0.31883711170750206
-1.9613334588687967
-3.4570456443591184
-4.628608750134114
-5.314324334787694
-5.391269293499925
-4.798828939882339
-3.5577646221347723
-1.7789725307305582
0.3418973894314819
2.5443569480981245
4.534810776784068
6.025479777506426
6.7755332758394475
6.629393106825765
5.546227801604986
3.6142147378958223
1.0451519006665972
-1.8507779232039445
-4.706185244856101
-7.147703908713807
-8.849929675072914
-9.582337941075926
-9.239995848687462
-7.854302738067507
-5.585056430648938
-2.696709317056841
0.4780199997798494
3.5833829530060335
6.2887166967539825
8.330219210243705
9.538065339377487
9.846744223207976
9.291033819306547
7.990320164944097
6.124592078247997
3.9070484932038103
1.5577171584956657
-0.7193784199617128
-2.753663350116186
-4.418512859179944
-5.634740471735107
-6.368837101289051
-6.62805231410531
-6.453474694855372
-5.912009897068524
-5.088604351129099
-4.079306669289736
-2.9840030739708383
-1.8974124258403857
-0.8987279265400409
-0.04190823581089149
0.6511284408904474
1.1921374786065209
1.621176705143771
1.9950095861172805
2.3729720783323867
2.803525986694598
3.3124493253329814
3.893478910758693
4.503606387752998
5.06539521002453
5.476974853314486
5.627770150639514
5.416402642873128
4.7673659847687775
3.643904153915576
2.0557323143601547
0.061992982816261505
-2.229277564988464
-4.664448787766328
-7.050650332359823
-9.166419265246212
-10.778115028380551
-11.662653547748107
-11.635495652204716
-10.58052015505828
-8.476198611756372
-5.412396734003528
-1.5940976101657107
2.6690519140346476
6.986148885358704
10.919798344440697
14.031446481180971
15.934599658183156
16.3492430554255
15.148599328191873
12.388915222639659
8.314105263383974
3.332217102077575
-2.0321759173487166
-7.201204155465507
-11.613409974002037
-14.791828159512296
-16.40271636537161
-16.296419838493488
-14.52349276243652
-11.324573020386982
-7.096909052382728
-2.3419702704560947
2.3995473482868754
6.616351308274515
9.888830349360132
11.935939762663645
12.639926100653591
12.046144281716563
10.340591433494827
7.811941421644362
4.8057643482270365
1.6773850535582606
-1.2511354514371469
-3.7244813683245783
-5.573472858173696
-6.7193224301148735
-7.165759157743533
-6.982834845268798
-6.285605599033527
-5.212041573590461
-3.9047754790035785
-2.4985705813027255
-1.1126571339460498
0.15389542586158803
1.225418872185354
2.052143029183918
2.611722600465665
2.909244724556948
2.9749216668765923
2.8588261307015865
2.622624185797689
2.329219796529301
2.0325932859101044
1.770261363685018
1.5591452781456077
1.3944632664625927
1.2513704202902989
1.0895879015388483
0.861675326394044
0.5247164337385749
0.053078774768567434
-0.5513702138378251
-1.2549601307664617
-1.9955422910659422
-2.6923988959489247
-3.259879005836569
-3.6218788420378636
-3.7244920385742804
-3.5443656709388045
-3.09139037222591
-2.4059581592892623
-1.5519809505265316
-0.606795002628116
0.35056127224295436
1.2498832950250962
2.0365246755749773
2.6738326527339717
3.1422008669450827
3.435752872240499
3.5574382204604347
3.5131831321580074
3.306955349881183
2.939754724343025
2.413310964834687
1.7360749758903862
0.9290892527724235
0.030524497724695322
-0.9026695995138877
-1.7979141590521746
-2.5754664423414013
-3.1601295139191303
-3.4927750773106743
-3.5394845432080104
-3.2975549897133183
-2.7974406882450036
-2.099683867270984
-1.2867170599901911
-0.4504092351571244
0.3219227945475782
0.9588800844036001
1.4111886098619926
1.6531989096894735
1.681247396260616
1.510370902041098
1.1711896354446953
0.7085132016500862
0.18135440737895944
-0.3379975849922839
-0.7684298513131025
-1.0291404713816188
-1.0525533565129621
-0.7980122781830905
-0.26250984572629055
0.5139549917585468
1.4493841002071088
2.427709285019124
3.313051549052145
3.967795839755862
4.271145064647053
4.135218282647638
3.5166492825255125
2.423027246165846
0.9145628447497391
-0.8987374953987599
-2.864242645210346
-4.797726274630612
-6.498198395044619
-7.7671207308692845
-8.43130635020553
-8.366407823073363
-7.517044941255913
-5.910333938081477
-3.6601797400379574
-0.9601526173347369
1.935669652319522
4.741696403303955
7.1749531383418885
8.98896294044355
10.002864465093468
10.122338674229889
9.349677945994966
7.781543503245506
5.595253688599061
3.026528854628573
0.341827122600074
-2.1923718697875922
-4.340696857280599
-5.926427102975342
-6.850699951512597
-7.099770914336384
-6.73946799031749
-5.898862627400891
-4.746691081982614
-3.46411858130078
-2.217395634681728
-1.134387733178678
-0.28890309865685065
0.3041653284527776
0.6818087981135549
0.9164650414712047
1.0954926209819222
1.3011239158653154
1.5934942622051247
1.998938772023954
2.505175418251824
3.0633114188268893
3.5954075100427145
4.006321022215724
4.199261769931134
4.094020080890451
3.6441372524853852
2.8479492510107556
1.7510696832031392
0.44117982050244287
-0.9631366194095423
-2.328082676000806
-3.522855250183584
-4.437113326597082
-4.994410550063776
-5.1596670940551865
-4.939831254615843
-4.377964526309733
-3.5429035337219967
-2.5176364372256126
-1.3888084318806602
-0.23879495166828052
0.8591966376624907
1.84354360684075
2.6647685891029833
3.2846003256589023
3.674679562559726
3.8167503192281886
3.704798054931752
3.3476632592728572
2.770868202572703
2.0174819068041905
1.1475622333615096
0.23520921926537214
-0.6374173492797653
-1.389344746380052
-1.9523493537315966
-2.2817571283456455
-2.3627759397630945
-2.2107604011575837
-1.8667397113225568
-1.390790040788263
-0.8546341170183532
-0.3330356005637207
0.10628925147711439
0.41261272049342906
0.5595133701177373
0.5484038885925616
0.4082994537302485
0.19138235548994287
-0.03637568010331689
-0.20863554562482017
-0.2729778199242965
-0.20226903367841337
-0.000825694127985471
0.29528134600281686
0.6240378049656742
0.9090035426377341
1.074579650615863
1.0622867889348901
0.8451893417284368
0.4371199656464508
-0.10632385948094047
-0.6960361488902429
-1.2251681163358072
-1.588741044158282
-1.7035489859190176
-1.525406073143219
-1.0602519785356714
-0.366258592803622
0.45338666914821624
1.2663180670840988
1.934445056653301
2.340918050307687
2.4134248003844743
2.1379675903700766
1.5610566008308173
0.7808120161256924
-0.07138656884005955
-0.8558464078405423
-1.4514101812785005
-1.7783983898860884
-1.8129239116004012
-1.59007688024713
-1.1952394618949809
-0.7448805944001652
-0.36103472334248154
-0.1452161081653049
-0.15671897530200557
-0.3989216156431919
-0.8164642796346794
-1.3045617437575463
-1.728540643541759
-1.9491846422486871
-1.8493971360114352
-1.3584219929906287
-0.4696512449848916
0.7518678606398362
2.174364927622925
3.616191155010654
4.871597970299185
5.741011951649575
6.061265242266838
5.731614160429978
4.731609306069059
3.1278132253741893
1.0682855849752533
-1.2342616695001725
-3.528339555512515
-5.5554386841927155
-7.08370138798444
-7.938566823908387
-8.025357602547095
-7.340339406183386
-5.969095641518524
-4.073010578035897
-1.866119359522515
0.4139975088303518
2.5362242579764502
4.301809364963024
5.5634567424389205
6.237313759394309
6.3076901426015395
5.82388844301561
4.889992568965259
3.6499623500141825
2.2693020656069987
0.9135717860353992
-0.2737034779430582
-1.1888822806158732
-1.778592876842927
-2.0421831042007694
-2.026326663249228
-1.8124207789702798
-1.4995126144169593
-1.1865930362070574
-0.9571247356570839
-0.8675919017747761
-0.9411832568687922
-1.166800541929022
-1.5030669666344594
-1.8865107024156023
-2.241648077072177
-2.4905711718714727
-2.5619934518257623
-2.4004926214437443
-1.9747809090225
-1.2833686666062758
-0.35714918344569174
0.7416440006738427
1.9246593923930508
3.0859136743523283
4.111930939510027
4.892801359401997
5.3341042569870645
5.3691891128530935
4.970035713301861
4.153848872079524
2.982945166960254
1.5573914554428745
0.00197951215940696
-1.5495832049682283
-2.9699691489708315
-4.150276211785517
-5.007907336436434
-5.4908961802947704
-5.578897912110722
-5.280867303028048
-4.631172196866169
-3.6863227216035885
-2.5220406113850724
-1.2290021157964515
0.09319563111591612
1.3435739892938563
2.428525644959909
3.2702493972327153
3.8129224257538294
4.0266412886532565
3.910210350493242
3.492563232255991
2.8317366471006586
2.01053488433622
1.1282528206599391
0.28875407172409795
-0.41317146845525315
-0.9042946225369831
-1.1415371242017696
-1.1152411242064975
-0.8480980611412611
-0.3924060693804291
0.17278512720718603
0.746159947232899
1.2131255078399312
1.4601060886287833
1.3921381898833785
0.9505363367774414
0.12733738691300997
-1.026151382949012
-2.398773797869243
-3.8288240757031944
-5.12351930818445
-6.08550340692615
-6.54102422064969
-6.364772161647623
-5.4979356597987215
-3.9577818486002907
-1.838441489596599
0.6965234765055726
3.4286211366126613
6.104813806115767
8.462289686883226
10.254932525994372
11.278310741020535
11.390899744396524
10.529979916585614
8.720889220781068
6.07883992901689
2.802900009063316
-0.8384087650605442
-4.530246627298013
-7.942415123831351
-10.764984318916262
-12.74272391921544
-13.701335268588572
-13.56127012268294
-12.339852684712385
-10.144953269127514
-7.162838050524394
-3.6415965737509848
0.1291394031303217
3.8417156259857497
7.196317506819841
9.927026145109389
11.824631384432621
12.753395089366949
12.661252871981036
11.583464847987274
9.638552245760904
7.016370141638101
3.9603482873968097
0.7453248707269521
-2.348760283025853
-5.06478477025272
-7.193061916915405
-8.589539597701272
-9.186898733553416
-8.997201182383854
-8.104779513963996
-6.651208586647467
-4.816274185811339
-2.7982861949249407
-0.7960929040230944
1.0066153070922106
2.4561638550607614
3.4434879518388155
3.9163017732607317
3.8859654963808192
3.4269843648010574
2.6674739954959157
1.7704295484652717
0.9087543465078819
0.23856641279796717
-0.12520734776921538
-0.12667143287973684
0.22372780754846885
0.852774036198627
1.6362279592965345
2.4168327730023487
3.0273439419193666
3.315842534427893
3.1698332123974486
2.5357818377880887
1.4306193776589289
-0.05701661874839491
-1.7756686667269437
-3.5289375989215115
-5.1006319197706596
-6.283703589401438
-6.908658121875998
-6.868031774221324
-6.133588136661941
-4.762479755260578
-2.8905450533784136
-0.714160543785588
1.535824457244132
3.6235162816458004
5.33630951320001
6.509025640929583
7.041642761247828
6.908304405405143
6.15599335573137
4.8934146597422865
3.2731892342098945
1.4716883009250175
-0.3303904724762089
-1.965657838973788
-3.295191375762155
-4.219741216245297
-4.685692469497303
-4.685899873473119
-4.256731010868388
-3.4725558792094264
-2.437933066117114
-1.277363452748759
-0.12313722387906188
0.8977196599996875
1.676892279320314
2.1382649574810135
2.2492904341321034
2.0262820427626793
1.5314129844862332
0.862775736456568
0.13977783910801206
-0.5145652504667901
-0.9921556641403427
-1.2160993419166815
-1.152015739425892
-0.8118920560114627
-0.24974540872333315
0.4480893476040531
1.1745641617378975
1.81493964775016
2.2619036349829154
2.431169036042677
2.274251145820788
1.7861743874682048
1.0077245744395757
0.02238131484318825
-1.0523501681623995
-2.0791877465377926
-2.919666131733219
-3.454443709566237
-3.601765409928523
-3.3305785119779245
-2.66551868895665
-1.6826776485895518
-0.4981167735981881
0.7475121985538085
1.9065721896505528
2.8429782895400204
3.448658255355655
3.655698616571364
3.4441010352619963
2.8446697270453436
1.9356064000429998
0.8324713469618761
-0.32709321157353693
-1.401351422036658
-2.2625480964658453
-2.813175013546279
-2.998645015549544
-2.8141167034038714
-2.3037797186662727
-1.5526441789848842
-0.6727071646814438
0.2136946249042306
0.990904584252455
1.5655232098851157
1.878709044816239
1.913485863141487
1.6958447787950368
1.288730922258939
0.779120195506199
0.26101226672827194
-0.1812841039460356
-0.48646838907887074
-0.6247609055150017
-0.600739584183968
-0.450386342319389
-0.233066787836224
-0.019204406122101735
0.12477845174648429
0.15085329596326386
0.0395336918074776
-0.1959060791436678
-0.5112589677639818
-0.8390247478552644
-1.101206917751943
-1.2252878772675604
-1.1601701255633352
-0.8887830266324905
-0.43437116640594375
0.1420006702028952
0.7528911641493775
1.3016461664798376
1.700809568203796
1.8883600470523116
1.8389372476387569
1.5674379277818247
1.1241608715831701
0.5830650854729199
0.02601253425908394
-0.47324717541346356
-0.8613632669014172
-1.111675163393407
-1.2245729876137352
-1.2229560336106662
-1.1438321833141252
-1.027322762111175
-0.9054358894350557
-0.7941406359165392
-0.6912540414879308
-0.5799526082743646
-0.43624837392586807
-0.23839034832190154
0.024494011223579294
0.34703707675384327
0.7066570298222055
1.0666798915965678
1.3824080733933766
1.6087107351609569
1.7078140135224376
1.6559368382510384
1.4474433865778291
1.0956496511288714
0.6305029789673755
0.09473205306941963
-0.4600697661863333
-0.9779411232151146
-1.4049058997570731
-1.6968466628617886
-1.8268927220461375
-1.7898987137554891
-1.6024036845872143
-1.2981470131353936
-0.9205654366381827
-0.5145542555798709
-0.12013439787790949
0.2310024978065515
0.517383125443045
0.7289157147291679
0.8666750642835361
0.9411744721792714
0.9696713045128481
0.9724141133419743
0.9675881507423115
0.9658138415199669
0.9663450227874477
0.9569481579467077
0.9171860975289402
0.8232980807729225
0.65395302186602
0.3967600803519106
0.054086594308783244
-0.35372571940177283
-0.788832370891874
-1.2007093354079355
-1.5351600781995351
-1.7454386515910787
-1.8021155453443138
-1.6987510269182986
-1.4521792759922902
-1.0981176115461544
-0.6838036470739528
-0.25934676855449634
0.13077271509891322
0.4546030750737316
0.6964842555256197
0.8567307024377531
0.94776752772305
0.9885654554928995
0.9992136226809106
0.9964572843626724
0.9904535279810848
0.9833083027982379
0.9698849293456732
0.940429781150654
0.8839605678947658
0.7914775973408164
0.6582913569085774
0.485252660738369
0.27904007635035694
0.051071816064287054
-0.18571440033613387
-0.42171815015786096
-0.6552091932806251
-0.894135184695327
-1.1531436793133045
-1.445569455714577
-1.7733219278428278
-2.1190693874729036
-2.4432625610801315
-2.6862210182230957
-2.7751342540441692
-2.6357791171066793
-2.207186829037955
-1.4561241946455343
-0.3889923614183467
0.9401950121811036
2.4275308396341693
3.9248606616107073
5.254629556554713
6.232867166497263
6.69608906156217
6.526568523251758
5.6724385806375865
4.160901116058268
2.1024026670797586
-0.316124603674407
-2.8488967639845293
-5.217941492758361
-7.145953111082656
-8.391862725057644
-8.784798640258527
-8.25111226203781
-6.829413916820536
-4.670423433262166
-2.020965140126082
0.8057394918789701
3.469541457576332
5.648393860353802
7.083343099253647
7.615468508479436
7.207485451879424
5.9468848770557265
4.0313342330645305
1.7392468911382188
-0.6101546674401432
-2.701829598022068
-4.268400807393752
-5.124948537333305
-5.189651551113657
-4.488917277679651
-3.1487980224059253
-1.37501545757905
0.575979176118499
2.431686768753491
3.9398945575551902
4.901456124034044
5.194341412386288
4.786299571891157
3.735696351510374
2.180536613695225
0.3171351106825272
-1.6276143176313753
-3.4258825061627545
-4.877062597751357
-5.8312763111981045
-6.2046731793430725
-5.984158949814454
-5.221822710786663
-4.021075979049916
-2.517361036048213
-0.8575662653578577
0.8172997442732862
2.3833132753087996
3.7384309173381443
4.802946494889595
5.518837199501643
5.850187428783793
5.784832378943921
5.336105582527023
4.543433878483403
3.4711114693050575
2.2048332447892127
0.8451368272597334
-0.5024987696318239
-1.7391702791826877
-2.7829677814874207
-3.576665512488816
-4.09248892489172
-4.333772431685891
-4.332460540676061
-4.141648481191172
-3.8239885844572377
-3.4380665805778596
-3.0252576384948537
-2.6001020302862146
-2.14740266060658
-1.6275972678779118
-0.9893075909893982
-0.18620759539619525
0.8055638804681765
1.973571263740577
3.261782468482174
4.570652904942351
5.764457687524152
6.685967941208704
7.178241936795927
7.111130768440582
6.407083131395278
5.05991854876306
3.1425717018918684
0.8032579908662937
-1.7482708892252754
-4.262410817253478
-6.477850908030875
-8.153917892333872
-9.102599059487932
-9.214150949935755
-8.471384541141363
-6.951348061544411
-4.815747075880452
-2.2913425436480166
0.357822800945993
2.8621828600698436
4.9778602114482124
6.51412110376426
7.353647058247141
7.461849925594864
6.883685934111013
5.730292059697388
4.16006609295941
2.357758156553201
0.5133782645708319
-1.197214150630992
-2.628526652447905
-3.6781135617430563
-4.294434297786997
-4.477264641178019
-4.269764272087368
-3.744595522524576
-2.988462042030957
-2.0890285095678216
-1.1259434214376474
-0.16592652692871054
0.7384514703584342
1.5467492772926297
2.2260878658282106
2.7456156669595218
3.07316051793109
3.177042479227283
3.0331433840303323
2.634303701405592
1.9979422389348804
1.1687636227213127
0.21584439080666493
-0.7745841314055395
-1.7088091143775848
-2.496340176042092
-3.0608155696363477
-3.3502926570504057
-3.345097905590274
-3.0603559520227406
-2.541193306780214
-1.851974926321772
-1.0638292332315817
-0.24422933374830597
0.5495951415682515
1.2727859483223474
1.8916223870582896
2.3817701596854026
2.7273593313060878
2.919447548159553
2.9530225130781673
2.82441832195651
2.531642297935289
2.0781350335793642
1.478075826567342
0.7606213623398327
-0.028177448469951842
-0.8260772791262561
-1.5591131179985003
-2.150876118682842
-2.5349903823758644
-2.6672267984593776
-2.5346933245372303
-2.1611311315961115
-1.6073041869116405
-0.9650869467604045
-0.34468550492628836
0.14392219145600124
0.4122251525109373
0.4122238994996482
0.14846329822726803
-0.3197941863832123
-0.886561373143937
-1.4152119217844619
-1.7599018952455954
-1.7907851944045088
-1.4206359349586812
-0.6269449287267385
0.5371490840448191
1.946025952438261
3.4177349283089886
4.739787963684819
5.700684237267836
6.123344337473533
5.895631264814615
4.991895381495384
3.4805398454935568
1.5158669699875553
-0.6838402013364353
-2.8674630935226118
-4.786217167808596
-6.22794416277102
-7.045760164389564
-7.176574945649251
-6.646115809049662
-5.559662164676071
-4.081234671036406
-2.40614278947639
-0.7315289832711956
0.7712059744386659
1.9778780116352557
2.822794976184955
3.2984759579490746
3.446190013557692
3.341052846316569
3.074980495669044
2.740605990321331
2.418416709491362
2.1673177545445026
2.0176953940440843
1.9672915910689934
1.9821265139722553
2.00398475194014
1.9625637315751976
1.788584661977961
1.4257167794573722
0.8408890243299008
0.03235699070670027
-0.9660738193115375
-2.086083137892003
-3.230883410619566
-4.2849773746149005
-5.126965205500335
-5.6449891603968725
-5.753116557343097
-5.405764008066732
-4.607200855694212
-3.413795049138116
-1.927932553338408
-0.2847044173737127
1.3657356439035206
2.8772502472471273
4.125706999284227
5.022538194865198
5.52083411167391
5.613852141190318
5.328521712506478
4.716784191080792
3.8468663437676875
2.7964782148773515
1.6493235320762087
0.49380372769870445
-0.5794660233160381
-1.484080633118615
-2.1486145212707766
-2.5296572961516866
-2.6226419907402687
-2.465646067509006
-2.134207268068823
-1.7287126390463938
-1.3575526038152907
-1.1189880813022408
-1.0840234772690294
-1.2826701701229521
-1.6960937448185736
-2.2562186024525084
-2.8529538440557185
-3.348114248684486
-3.5947157582755733
-3.4602172754261766
-2.851071876927561
-1.7341017813658435
-0.15007380562550401
1.78346943405595
3.881242291014373
5.910501344892055
7.620013495166745
8.77356044510175
9.183187960729253
8.73755736517005
7.421460150948545
5.323486646184396
2.6297606463182706
-0.39656864324764135
-3.4473719598008263
-6.2080954601112674
-8.397051490639036
-9.799399989858067
-10.290727917351868
-9.847735156259482
-8.54568879511098
-6.544108228582048
-4.064531726490989
-1.3647789441243157
1.2877726213739413
3.6426920308684902
5.491277237881318
6.687176489664945
7.159543890284804
6.916196301201721
6.037253918842027
4.662349381103745
2.973948917991166
1.1772340467385791
-0.5226509132286061
-1.9428770553164738
-2.941680462742021
-3.4325970203271865
-3.3933916932192045
-2.867646177141776
-1.9573176713911262
-0.8068786128541895
0.4176946591597947
1.5505922650781105
2.445125026084838
2.9887381545111507
3.1139554338725923
2.804817540397135
2.097886390364249
1.0769492033201236
-0.13893332197971422
-1.4130323843018358
-2.6111746478980917
-3.620622509053907
-4.364140867562596
-4.8062046021837785
-4.949165446925353
-4.819916882252848
-4.451239916924866
-3.864461880782616
-3.059780494535911
-2.017613393266051
-0.7107346432478522
0.8756527725505795
2.7209242590827416
4.749862147986916
6.823771673409475
8.745420340868584
10.2774954634724
11.171946610912578
11.206772361804006
10.225475310290497
8.17232976380857
5.1160102197657515
1.2562582464049983
-3.0883007734437107
-7.510487413231421
-11.56037443454583
-14.800683166259557
-16.862568120970913
-17.49258717362242
-16.5844840201715
-14.192006760456435
-10.521544914215017
-5.906966039495934
-0.7717608632732359
4.415949668200596
9.190625917123693
13.134529083001503
15.917217524016134
17.325608186507306
17.28139651269446
15.844312954243431
13.201275235492155
9.64249552180396
5.527251640152499
1.2436412928201337
-2.8333342385018803
-6.380955673790437
-9.159556842341278
-11.029701764132978
-11.954339454979117
-11.988008093702941
-11.256238341006389
-9.928833943654427
-8.191671702423077
-6.221555690503138
-4.167110004362241
-2.1375337782172283
-0.20071437367956613
1.609424064423177
3.2793720341388286
4.800463957665458
6.1545180749991095
7.303405767280587
8.185199565986157
8.718449622299902
8.814306615385647
8.394457704599631
7.411424431824161
5.866707497439278
3.8220169761823333
1.4007802411405392
-1.219612177292845
-3.8232688210358385
-6.177939825668756
-8.061464236167122
-9.288395504667074
-9.733364440317013
-9.348838623155991
-8.174691955082592
-6.336919872091378
-4.033935760666025
-1.5114378834498874
0.9698749516344145
3.168074880287274
4.890385114690309
6.015696841531915
6.504965589295619
6.397376076131728
5.79398008100902
4.833719046076941
3.667298764970535
2.4332155192364042
1.240218218703954
0.16030176717379183
-0.7672935015523634
-1.5251306350680514
-2.105260239482166
-2.500430211564827
-2.701797442610206
-2.7029953221878613
-2.5079218549230364
-2.13875990450411
-1.6407539870928423
-1.0812100848452546
-0.5420296241214422
-0.10683320262173303
0.15519725611266827
0.20582473164096637
0.050444981779454154
-0.25787776485072333
-0.6258553843234875
-0.9377675719749421
-1.0792780571586855
-0.9616945065042235
-0.5416982476259243
0.16691266132229393
1.0917395381272537
2.1113400231838018
3.0741782555832087
3.8231943193989015
4.221284824727906
4.173487955695732
3.6430993371150286
2.659533632309956
1.3159202632759475
-0.2437039067523304
-1.8451756490575448
-3.309016831862189
-4.474520895382681
-5.218838813802745
-5.469102462422062
-5.207820604302179
-4.472402053084882
-3.3492781889545276
-1.9627452787890893
-0.4590419798017219
1.0127474765014557
2.319879148042941
3.3607478982918484
4.071688669643026
4.425972983379551
4.4282479558407655
4.107455432609647
3.510098301409588
2.695229483688124
1.731427525861132
0.6945533692137743
-0.33509720841151186
-1.2771278882418236
-2.0573783514671753
-2.615690115645176
-2.9134069315311537
-2.9391507108698414
-2.7117560106188514
-2.279100132909079
-1.7124772192429778
-1.0973128692743621
-0.5208523525652814
-0.0577930512864341
0.24328156744139023
0.3688468337581986
0.34229270373381754
0.21836555019283466
0.0714150641646423
-0.02023850415321265
0.009480332866401356
0.20103353041565722
0.5608416341650772
1.05839337888384
1.6293205462798346
2.184826817459775
2.626059203198327
2.8599717761736656
2.8137456248094255
2.4466427516744194
1.7582635225607046
0.7914805664178425
-0.37061840132185975
-1.6126207444300282
-2.798387336372328
-3.7866361072745027
-4.4502419026909115
-4.695742581557265
-4.477638161180001
-3.8042879761281663
-2.7359435264123624
-1.3772181424171435
0.13435323308143188
1.643161674241655
2.9928398816206894
4.043755253434067
4.688333841483201
4.86277323183285
4.554282879056585
3.803234969832741
2.699393149838213
1.3715272622045094
-0.02866446650575311
-1.345988213445771
-2.4421469450969515
-3.214288026758731
-3.6079829669318424
-3.6212830894884616
-3.2987671271308274
-2.717856652596744
-1.9719835046501788
-1.1549674469143996
-0.3493448315672197
0.380549932670486
0.9916437456789668
1.4621836209427213
1.7886053076405402
1.9793679474826167
2.047279110857434
2.002742851293671
1.8504783561475047
1.59110510726392
1.2268905926702005
0.7691085263378671
0.2434596026150064
-0.309227626612978
-0.837249559911026
-1.2856264614513038
-1.6054653128096503
-1.7633485027103697
-1.747846111068677
-1.5705421702191773
-1.261993939853015
-0.8654322026616151
-0.43001147713440663
-0.003969844018065221
0.3715444989040588
0.6671922446077192
0.8683552965958481
0.9752891569626845
0.9999003416589656
0.9602389045767381
0.8742744129678831
0.7544659592592613
0.6052837111250363
0.42505067892957427
0.21108257125582874
-0.03428649489147313
-0.29908843568429416
-0.5601715530735301
-0.7853737310952751
-0.9387073823567743
-0.9869160413306058
-0.9062665226731564
-0.6891892187860977
-0.3494567398325536
0.07629076583153564
0.5315648058895848
0.9469459899142544
1.2500212221280114
1.3772494733977956
1.2862045801697295
0.9663485538792319
0.44587243267897786
-0.20828777928651415
-0.8990913184913164
-1.515731424972423
-1.9536182828835376
-2.132890232326402
-2.0116821484376644
-1.5922645503481376
-0.919899309490733
-0.07578895687258602
0.8341210786319365
1.6930306586253139
2.3880741613877676
2.8237457049576866
2.9323113658664544
2.6814827733395177
2.0808448876367747
1.1861264819485042
0.09674405585859826
-1.0564654820902541
-2.1303739163545576
-2.9895095810019
-3.523130917766057
-3.6588179846130826
-3.372133810689212
-2.6905961193898382
-1.6904377047094443
-0.48655087346981657
0.7824312996434829
1.9716659154539167
2.9483876441760066
3.6090496560554013
3.8923769710663496
3.78520463330792
3.3202004710573996
2.566971883016616
1.618599720116874
0.5758894715524076
-0.4673091551085695
-1.4339497361544806
-2.2667907489156702
-2.925972204999772
-3.3847844345581106
-3.626326462076836
-3.6418895117572276
-3.4308709410928153
-3.001144568514097
-2.3690811537668437
-1.5600493333950542
-0.6100300615842034
0.43283858264769526
1.5078880768825769
2.5430889594553325
3.459095363068172
4.177165694971638
4.628700099838884
4.762404324693703
4.547833795734284
3.9776119458336847
3.070516094169976
1.8748481254576417
0.46973579810446525
-1.0376088926202198
-2.519326905381777
-3.8386899016765685
-4.865393398939929
-5.492652406057683
-5.6529070440540625
-5.3283110314632225
-4.553267650402578
-3.408805705755464
-2.0111976517306953
-0.4977410412011056
0.9887582692842055
2.3158629492929537
3.3758106609091936
4.095481858511849
4.440329976337369
4.412872673051898
4.04710900137922
3.400094542405247
2.543514144260475
1.5582564492142639
0.5311164122513516
-0.44953132719496475
-1.3002036835206643
-1.9501931119168558
-2.3495130531649564
-2.4747325267724523
-2.3313238925550763
-1.95318824523391
-1.4001101072683269
-0.7525091566552262
-0.10274371514360943
0.45644849752610356
0.8444440754320032
1.0036776584144804
0.9073542608241659
0.5640589807269177
0.01975793015191888
-0.6441198841238837
-1.318542435719017
-1.880905348532504
-2.213515701502976
-2.223841731083024
-1.8633648413228199
-1.1415207738380921
-0.13087612440562746
1.0392374972121425
2.2005043463667415
3.172360160914275
3.793653372784141
3.952920325125999
3.6098813987155403
2.8030700612185226
1.6430893009712206
0.2949422792773606
-1.0465928731221106
-2.1862750988307242
-2.959622494372458
-3.260662344420932
-3.0602378292965864
-2.4111920478947115
-1.4396380860296218
-0.32370862852828414
0.7366882246274391
1.5534053158461871
1.9809949068481805
1.9410054969261397
1.4365828545162282
0.5544656847140177
-0.5471817861412444
-1.6644579500081909
-2.583481787544382
-3.119372044220162
-3.150227122747322
-2.6397304690312198
-1.6447182617394833
-0.3064293888635136
1.1730424070763097
2.564632274555182
3.6501535717445184
4.257589586989074
4.288698223523196
3.7353663148517304
2.6818355007404344
1.2912212121437525
-0.22162795868496313
-1.625325637755606
-2.709129204437702
-3.3166482247494176
-3.370065782204351
-2.879978553142271
-1.9403698114589145
-0.7119224297287068
0.6029938095249177
1.791058053736181
2.6605394096586132
3.0699433050684433
2.947714652546258
2.3007100552581363
1.2114710506458362
-0.17478486377850452
-1.671595978715198
-3.077440897414537
-4.202306127425121
-4.891551803451606
-5.044777309183364
-4.6270780251363455
-3.671091949096368
-2.270506117389687
-0.5671279656336656
1.2661511627018818
3.044580563472737
4.591300887674987
5.755501290298362
6.426850985218849
6.545324524627946
6.106366822642963
5.160578601464371
3.806530207793534
2.177014286594438
0.4218891369992789
-1.308426766429848
-2.876339783526598
-4.167006466087686
-5.095740458395081
-5.613510747765591
-5.7094601675624626
-5.40893920529863
-4.767749455306309
-3.8650927297324085
-2.796142534258529
-1.662608499573635
-0.560644394519623
0.43114586614541217
1.2601825047255741
1.9037028693681692
2.367813954377697
2.6815390874087734
2.886611028596305
3.0253817200465827
3.129576968545496
3.212032411419837
3.2629281338810103
3.2512665503506266
3.1312255015001402
2.8522513589945078
2.371689788172892
1.6683328631391694
0.7538453568960855
-0.321945781517457
-1.4746082608257878
-2.596882166084677
-3.57518501266087
-4.30687484779688
-4.715232877846374
-4.7598329252473945
-4.440958056344525
-3.798401964388139
-2.905778418804952
-1.8608969989914914
-0.7726736628286712
0.2537998353327662
1.1312750871280122
1.800686801547043
2.2360604104391664
2.443490775878848
2.4550247560968943
2.320102075209799
2.0975945100490327
1.8484956586114247
1.627119597364125
1.4714310246129272
1.396254312171328
1.3918494304209512
1.4278003673557709
1.4609809438658756
1.4451544372253555
1.3392055940794603
1.1125966635168023
0.7485684929585806
0.24580187909662846
-0.38129485460891255
-1.1031716766984314
-1.8759989264445736
-2.6436353751660864
-3.342117453589377
-3.9062583091563012
-4.276585277169429
-4.4054965873893
-4.262171509120046
-3.8356022536194803
-3.135130473366758
-2.188741539144823
-1.0405480536075253
0.25132475555518047
1.6166523403315716
2.975347982045441
4.240077628602912
5.31964263973891
6.123788809510269
6.5697758004745985
6.590928142595774
6.146653289673024
5.23178694584339
3.882805718344305
2.1797259181548183
0.24309056636181886
-1.7745884454825362
-3.702435403324656
-5.3681992354972925
-6.617302285432508
-7.33244261398493
-7.450260941965604
-6.970588420654867
-5.95579095883952
-4.5209883058147105
-2.81789909955147
-1.015164155102574
0.7222442878777737
2.25148562576446
3.4653478467015426
4.2996826983327034
4.735329422046053
4.7951031277434195
4.535864968792356
4.036346895589368
3.3828074772349845
2.655266567650204
1.9172451048772572
1.2115234205041314
0.5623021878892831
-0.01848667301177194
-0.5242904236416772
-0.9499519712076565
-1.2920222537364405
-1.5516081757035496
-1.737012210818627
-1.8641768004253099
-1.953554738459773
-2.023961569982769
-2.086594470697291
-2.1422928785534987
-2.1824529468133935
-2.1913799562632734
-2.1474194088778304
-2.02285532575129
-1.7852276599049672
-1.4020995327146153
-0.8490071485801285
-0.11859626139245483
0.7717407544931227
1.7755257008646164
2.816859239075677
3.7951174587886283
4.595472675333041
5.103819939224828
5.222931843644472
4.887461492122781
4.077182146040811
2.8272464538757585
1.2317234860202229
-0.5629901055953557
-2.3744017668362463
-4.006639237726465
-5.27623728996077
-6.037353899670014
-6.202726397178995
-5.757266113872589
-4.761561796000489
-3.3438260618217917
-1.6815903622557138
0.023589626224712636
1.5747522546368642
2.807282184930136
3.61095658937256
3.9420489794742246
3.8235823142110825
3.3350067642805676
2.5946721482303965
1.7386656115689914
0.8992122537983371
0.18553184436768513
-0.330490307393576
-0.6218974562744165
-0.7062908614763155
-0.6376222649672142
-0.4914766210608941
-0.34648037763419137
-0.26605806540821225
-0.28453202060719673
-0.39985428012865804
-0.5747938489830585
-0.7476326248008702
-0.8500244753395416
-0.8267430153188782
-0.6521983626810809
-0.33988632091604504
0.05763184378219906
0.45819047169084154
0.7664904324114964
0.8939898863521759
0.7783212692191117
0.3987837949454366
-0.214507341002455
-0.9796223355539605
-1.7713924305952324
-2.439561213326687
-2.834077711318
-2.8328312211521607
-2.3662290323583646
-1.4338457285846506
-0.10995327866018031
1.4632880148365954
3.0933753900152325
4.562142960515635
5.6544810499728415
6.188736587522332
6.044970760690272
5.1855766462736135
3.6641278342505883
1.6221206241928374
-0.7246547904300029
-3.1094301149190917
-5.246983533661687
-6.872007286533463
-7.77712240500741
-7.843926967495309
-7.0616356905995605
-5.529964389717661
-3.4455779597173484
-1.0740166776662698
1.288742122734973
3.359329280866872
4.90777818708419
5.788592674695732
5.956206518247791
5.463406962614672
4.445509988256332
3.0945289916479184
1.6277156010627185
0.2552521327414946
-0.8485522447007721
-1.5678689650096607
-1.8597960751233373
-1.7577312047680997
-1.3610084140248295
-0.811814363860939
-0.2651819697359093
0.14053299590662874
0.3073969334196638
0.1930770130863435
-0.1840538277263309
-0.7502896742636954
-1.3917400803922895
-1.9772653769296842
-2.3848517771195987
-2.525236331184576
-2.3574663602520776
-1.8936821586225905
-1.1932517993035447
-0.34905132129631555
0.5301125538344984
1.337568940010856
1.9847078340611304
2.4123349737576087
2.5958256122997256
2.5442530276131277
2.2951814430807675
1.9065982959583672
1.446472172557221
0.9808337823973537
0.5625772388846494
0.22340148596173562
-0.02948217381200876
-0.21136783552365954
-0.35363499525290853
-0.4945952386979445
-0.6694440916685239
-0.9011214004463685
-1.1936734814462016
-1.5294919909727858
-1.8713589765286724
-2.1683941139455425
-2.3634569869824587
-2.4010596463766896
-2.236581867891281
-1.845876955836227
-1.2321621018719033
-0.4280830447932447
0.5067457833030278
1.49141405876115
2.431551594899354
3.228584435662837
3.789878902002219
4.039355413320164
3.9274555322562676
3.438743252778538
2.596359525306613
1.4631293766830213
0.13813071582893732
-1.252186220089932
-2.5670636781931124
-3.666225592498714
-4.424701505695477
-4.747456720319613
-4.583514211740041
-3.9367861456282336
-2.869610584225238
-1.4973111187624955
0.025386266428959327
1.5243396361958574
2.8295440006767825
3.7981060204653674
4.332396438966138
4.390640316201011
3.9892618808689457
3.1973251358283235
2.124237209527879
0.9034867759548348
-0.324841783905717
-1.4316677013228534
-2.3148482556109085
-2.9096078513007133
-3.1907808783887828
-3.1682071431659624
-2.879139567951752
-2.380399674746202
-1.7403160064521095
-1.0298851428494125
-0.314398661470443
0.35239981304752827
0.9309598659369777
1.395954263204961
1.7343815734949353
1.9427425663962898
2.0246049142726252
1.9889252482031623
1.8483295865641423
1.6168569199892533
1.3080491773574368
0.9349033899681801
0.5115699596949366
0.054528117371638214
-0.4177426584810425
-0.8844245485048925
-1.3198447357347871
-1.6907668400499292
-1.9565221369342727
-2.0735242455434753
-2.004047686289868
-1.727280239589283
-1.24905318598775
-0.6068757821522135
0.1312045595301643
0.8735993236895012
1.5172079142035073
1.9633747531916208
2.135108477868209
1.9916371682951501
1.5376651979099452
0.826503440450983
-0.044134451094228436
-0.9449939732524257
-1.73524656024959
-2.28516492402157
-2.497269663826662
-2.3225948222238784
-1.7689143765884718
-0.8993977412836309
0.17705720786936505
1.321214098507565
2.382030203202742
3.2159136264400865
3.7047318985844613
3.7711096118762235
3.3896438272700387
2.5926130738324877
1.4684069074611834
0.1507249439452296
-1.2013622787108582
-2.428573497435698
-3.3958247155153747
-4.010755393351788
-4.233358386389978
-4.076061780792868
-3.595270133088642
-2.876255893988389
-2.0148607066022124
-1.1006165413615328
-0.20452744858949273
0.6270188685697389
1.3712579119865362
2.021782356084361
2.578770447039314
3.040921184234275
3.4008088152917466
3.6431127123489957
3.744830015259546
3.6772191609907523
3.4098238363349758
2.917047474340118
2.1866489424434143
1.2277570135916052
0.07598597368773395
-1.204934076908338
-2.52483296372327
-3.77283537962131
-4.828010430631531
-5.573797092513003
-5.913122680840437
-5.781838571283124
-5.1598630150301625
-4.078708584227595
-2.6222898238674057
-0.9189666835728717
0.8740243685761415
2.590332100928216
4.074457149332851
5.198697038682995
5.875284486927646
6.063011171354463
5.768333036543009
5.041704953716403
3.9701587067772186
2.6667125375114544
1.256970626783598
-0.13601475718535197
-1.4060638180016425
-2.4739604049983623
-3.291240509878066
-3.8382121816495935
-4.1181331021219085
-4.149575300410587
-3.9590928565681796
-3.576035686201831
-3.0304331640416264
-2.3537211093389767
-1.580762419925101
-0.7512606355656339
0.09025168051084237
0.8963138134308246
1.620910758777862
2.225122503938588
2.6812813863365292
2.974238913702484
3.100278372846781
3.0646428146105147
2.8786646978959287
2.557497812457793
2.1190397036936393
1.583827485462032
0.9750384169095978
0.31820514032318903
-0.35884026181949047
-1.0256143404434903
-1.6487374925624991
-2.1922610760190246
-2.6191595311358316
-2.8944012622620137
-2.9888311903120215
-2.883021015854377
-2.571322608336735
-2.0658160947469106
-1.398777493746394
-0.6227780820801619
0.1926840976838248
0.9693355859243525
1.631041444482337
2.113271242128981
2.3706357233124074
2.3842342469089957
2.166919897663813
1.7628795406612716
1.2407396993778423
0.681706036792533
0.16562460661659764
-0.24138731509833608
-0.49584464765449965
-0.5821468126473431
-0.5135441109291603
-0.32836776310440635
-0.08246567228945699
0.16070492549783233
0.34111546684104754
0.4128751390233279
0.3521170215823636
0.1593518706689243
-0.14390624230837779
-0.5213808928905721
-0.9282059553253001
-1.3161132012529115
-1.6379586443481826
-1.8516576369897337
-1.92341709650293
-1.8312239400620949
-1.569353979217008
-1.1516572175389987
-0.610358623979444
0.009405020949234708
0.6563278333908028
1.2787662204579016
1.8288949397238428
2.2651046601653433
2.5532857731018157
2.6682425529996854
2.59631396168391
2.3389854904346814
1.9156576068137745
1.3636233385390246
0.7346461828896133
0.08841543788021924
-0.5163596412472609
-1.0309980357393462
-1.4230008545849593
-1.678421858489926
-1.8020370516506228
-1.816100269846893
-1.756578095627712
-1.6661871230226408
-1.585436743495175
-1.5440148954985202
-1.5543340357252007
-1.607548464283329
-1.6720203815815569
-1.6952462590653397
-1.6104147105017266
-1.3477214186831639
-0.8493875099720116
-0.08593296014372911
0.9298280978645086
2.134293886616526
3.412606961606348
4.608784898698804
5.54731321078019
6.06179123627421
6.022886963899292
5.361097086725156
4.083520696922884
2.2825924524781804
0.13291597545215245
-2.12676967712348
-4.226610128564352
-5.9082485337084165
-6.967231729296153
-7.286963330685608
-6.858864587486765
-5.783907425797759
-4.2532437336117415
-2.511130110486754
-0.8082199691316605
0.6436099099290106
1.7044101495969777
2.321886498563592
2.5295862072080477
2.430818668974785
2.1734520084275433
1.9196362492709989
1.8127907234599479
1.9466266742700897
2.3442008333104525
2.9523524498751614
3.650844493704611
4.272854384345447
4.633927120630793
4.565934020133626
3.950697935591482
2.747156203119044
1.0070852899786793
-1.1236287471551958
-3.4197832362258214
-5.607501249559325
-7.406273300061149
-8.573407566876913
-8.941424047644814
-8.442524849324652
-7.118278871146609
-5.114285827618715
-2.659460619736501
-0.03182791220913739
2.482077884599973
4.62543697886541
6.201960483877971
7.0967180959547
7.284172724915421
6.822846962844586
5.839753142323909
4.508426879896979
3.0231805244673167
1.5718143433666478
0.3097500964024501
-0.6601908411879481
-1.298138683591764
-1.6260915015945296
-1.7170166091989463
-1.6769282697247838
-1.6225667123917782
-1.6575223544479003
-1.8506167320809719
-2.2210200134180407
-2.7334933372465655
-3.3043182031236613
-3.81584773847232
-4.136646029078502
-4.144056227935498
-3.7457550246036644
-2.8974318883647663
-1.6152451490825452
0.01822232576560882
1.8570656336513143
3.7064121822086324
5.34758020720466
6.570311623248769
7.205939487816692
7.154995429927814
6.403958416230559
5.027802629496286
3.1784042228728353
1.0621678401645802
-1.0890721019681515
-3.049847134849752
-4.630460885477692
-5.699145192493325
-6.194212394347525
-6.125071330472838
-5.56232903039521
-4.619807196241154
-3.433230043452839
-2.139348222622376
-0.8578041054478874
0.32165527482932127
1.3445993897272264
2.1901108953217108
2.8628532131115163
3.3809847156738293
3.763730269527103
4.021743568117888
4.150991778731324
4.130815180614777
3.9272225034911834
3.5008724288404944
2.8177360080611176
1.8605558650163305
0.6399348591609577
-0.796377757802604
-2.3592905313495893
-3.9230714774200286
-5.339464054936693
-6.457350052606598
-7.142184346028955
-7.290934750008993
-6.84201362462578
-5.782138019637784
-4.150981124234545
-2.0424584029679784
0.39855536953247006
2.984301636948418
5.497170792745531
7.707786907187878
9.396631504983292
10.37641085455758
10.51282683344338
9.741559060808935
8.079357035685486
5.628768890829542
2.576294037287802
-0.8183010435088197
-4.243504407724367
-7.367187985300082
-9.87373369046476
-11.502430713836786
-12.0812787030419
-11.550214027022909
-9.969870518268042
-7.515315876174593
-4.456471351116262
-1.1274267695428295
2.1128246685778973
4.924672478867171
7.032044563645558
8.25957515798104
8.555706059464967
7.996675095317156
6.7695987468469845
5.137100994649182
3.3902632448737213
1.7987300175066787
0.5668873512035808
-0.19607698694848738
-0.4880102021051291
-0.4071971025222101
-0.12794411680749332
0.13931460323716424
0.1954439297985957
-0.10407650927705574
-0.8190357239141591
-1.9118706811804138
-3.253457762535293
-4.6455201876691055
-5.855444277880494
-6.657571928747484
-6.873581027374487
-6.404165436554681
-5.246433338936895
-3.495328731118461
-1.3304499761918829
1.0089298459875389
3.2573897665343243
5.161736519393348
6.518864919386302
7.205602118128382
7.193679681891284
6.547271673274857
5.405324736672598
3.9537651067884214
2.3936484234450046
0.9110057648675426
-0.34691899499213374
-1.2862549254472306
-1.871813025930843
-2.1244457374026293
-2.1112484517881898
-1.9295230930456848
-1.6871424696328687
-1.4833011946635184
-1.393482660437746
-1.460541530570731
-1.691152130708444
-2.0563012925209936
-2.4958732374463146
-2.9277264684747126
-3.26060638900539
-3.408775105554695
-3.3049906404232674
-2.909313441619059
-2.213638787999387
-1.2423271265468079
-0.04874708818204665
1.2907438075060944
2.6824606807645286
4.020105725131682
5.190748027078881
6.083705547358122
6.601656322635028
6.672000042940096
6.2563677161366025
5.356817580671193
4.018232535727859
2.3267846711916196
0.4042431447851291
-1.601452424152772
-3.5280386832735506
-5.212231615066109
-6.5045671419594875
-7.28550172937398
-7.480570780003438
-7.071304406432698
-6.099498199194649
-4.663880492256877
-2.909456222732566
-1.011092284651715
0.8464843901463706
2.489896256003628
3.776281219486177
4.607122332870448
4.935562133262989
4.768331985615743
4.163904301456388
3.2270607409994185
2.0984405576952874
0.9384002406846389
-0.0929424448326795
-0.8567517255532644
-1.2555122563150178
-1.2493964892459921
-0.865197202863263
-0.19469577369668942
0.6183446647021329
1.4006337664388417
1.9771628599397697
2.1996837246961602
1.972301263773878
1.2712946090604798
0.15495362867797965
-1.2409477144054382
-2.7225274861798607
-4.067991301786095
-5.063145976087745
-5.536510143142702
-5.3877340856568985
-4.603967216025951
-3.2618639626240973
-1.5159710837844864
0.42408078455954323
2.323894229057113
3.956939071601247
5.133942308546342
5.725067258779882
5.673229365556565
4.998656328733196
3.7955539140934595
2.221480076926602
0.4795047272783983
-1.2064423520933907
-2.6207633126731906
-3.5851758912499854
-3.98236664643051
-3.771537413022357
-2.994936912628395
-1.7741179490097319
-0.29460146139562277
1.2201123321728824
2.541243242183725
3.468522359283709
3.859192288649341
3.647346602366632
2.851153741130737
1.5680330138865524
-0.04062711810781447
-1.772503484150037
-3.4115515691274236
-4.755353631234095
-5.638276041014803
-5.947356610929792
-5.630968357062274
-4.702129094438114
-3.237399110057605
-1.3709728884329915
0.7166134929941965
2.8149289167542326
4.704171536921807
6.17880158847783
7.0728347302426355
7.283012203796597
6.784859107832235
5.638358407100542
3.9819574149931065
2.0148748386306012
-0.03019347351111831
-1.919407161307016
-3.449824606885545
-4.476882026798287
-4.93404461710733
-4.8412203105354745
-4.298968011221901
-3.468326077428873
-2.5396859712390523
-1.696590641513257
-1.081476871037852
-0.769748571123435
-0.7565922911215641
-0.9594310979662214
-1.236763818769755
-1.4193921646268384
-1.3460103241578936
-0.8960134443833975
-0.01573958881771793
1.2647666861349316
2.8284316038349973
4.4837365571309835
5.991259799274601
7.099361980650796
7.584231798347239
7.289000540434159
6.154865883229688
4.23734144803045
1.7039993925775099
-1.1856030681578518
-4.113723168314539
-6.746131809234515
-8.775488253053654
-9.960582060643018
-10.156671406121474
-9.333432087214621
-7.578305116534557
-5.084734010384057
-2.127127146698152
0.9735054816627905
3.8882555015545877
6.3181534517858875
8.026462217173206
8.862398776167943
8.774729860866211
7.813983159490194
6.123077305326322
3.918273492811088
1.4628177180221777
-0.9647142884511247
-3.1038431570245404
-4.7422594435953735
-5.73829577918276
-6.033547906157855
-5.654529348340001
-4.702724383525937
-3.333997187541744
-1.7318633958071006
-0.08182091438068499
1.4477095630703307
2.7168575558509467
3.6202523290187902
4.089606445059896
4.0945611706162355
3.6435087600022893
2.7849160475928523
1.6068428149093124
0.23150740068807532
-1.1955730286100807
-2.5199864894079926
-3.5948201264181847
-4.2976961346282145
-4.545726577855347
-4.3054326447409
-3.59643045467613
-2.4890085790275718
-1.0960369287565368
0.43984102102580647
1.9621812143357888
3.3180989121116466
4.375117030192661
5.035274691780535
5.243954244156564
4.991796741800536
4.310422976821389
3.2645198506329987
1.9433174302756797
0.45389422034805704
-1.0834739891512344
-2.540347080517047
-3.7882368844441645
-4.710565033358987
-5.216889896765208
-5.256178864049803
-4.825912791196991
-3.9748991206803392
-2.79834428225042
-1.4249345609690114
0.0015575566407392213
1.3412498397674446
2.4732013907904404
3.30495425639416
3.7777199321877277
3.868761269296696
3.591737270412276
2.995355028357886
2.159855505243323
1.1899157204579496
0.20338626184900904
-0.6827598596325217
-1.3673064038594327
-1.7788364758404904
-1.8863251889729888
-1.703082681897725
-1.2831312159981145
-0.7115227416418203
-0.0899684916837039
0.4805364228520918
0.9163829785580179
1.1632602229597593
1.201069133137852
1.0416008512571748
0.7209180533153293
0.28972680674465817
-0.19591006366835215
-0.6826399656096513
-1.12604743157508
-1.4942353305225649
-1.768222519503171
-1.9394029158259556
-2.005044662942851
-1.963094227215162
-1.8080135215273012
-1.5296964726408784
-1.1164395849349853
-0.5611901785597102
0.13078960864216368
0.9350759460597777
1.8039077634772769
2.665960521538429
3.431352941540989
4.002319977633848
4.287567864999347
4.217015929227919
3.7545744967891954
2.9074876267172143
1.7305184278898464
0.32318914239804497
-1.1806094549553667
-2.6292232261077926
-3.8728432117735787
-4.782870957074082
-5.268590008300184
-5.28828986009306
-4.8518220219105475
-4.014517593718794
-2.8661484008094718
-1.518633504651682
-0.09399372735093997
1.2863637003292987
2.5098381015819573
3.478692050536314
4.11566824492339
4.370321929283763
4.22566693841371
3.702798242426293
2.860550848908261
1.789628693140809
0.603203473865569
-0.5742920856597031
-1.6195290246780274
-2.423044790813143
-2.901473542698881
-3.008045579118061
-2.7394540955917774
-2.137557631220542
-1.2854163585343312
-0.2975371701590992
0.6946906294482176
1.5598851005956402
2.18397470102468
2.486697760040047
2.4344216744944887
2.0456006158927704
1.3872271674179548
0.5626284124036912
-0.30778515791295724
-1.109001054817846
-1.7512565110018006
-2.1818413939715833
-2.3866918057202615
-2.383727080129425
-2.2117427948550925
-1.9179543822178864
-1.5468096962398945
-1.1326464102430425
-0.6970526159424415
-0.24964633834625666
0.20917455556735184
0.6840108174257643
1.1786417733223828
1.6885975932025739
2.193855022766121
2.655488048287083
3.019063006844784
3.2238895986866063
3.2150639638152048
2.955318748039213
2.4341047853853564
1.6722229187926019
0.7218943801928605
-0.33725394982917334
-1.4063043794150738
-2.3791215036482316
-3.157105840688807
-3.664031679242445
-3.857522738056381
-3.7343738659632666
-3.329145170210442
-2.707259026259482
-1.9542066515730852
-1.1626370974664801
-0.41945209147318624
0.20538293939220437
0.6675353030141761
0.9539560195545097
1.0843169858333956
1.106882702892235
1.0887570386141647
1.1022852519784598
1.2100988611976424
1.4511884403479962
1.830470668100281
2.3139115762400433
2.830183833056835
3.279197348866039
3.547255504122842
3.5269574401691832
3.138216370374681
2.3462201943428274
1.1728913040242848
-0.2999645244670415
-1.9363181690436688
-3.5608134321189677
-4.982336382456611
-6.022214676843677
-6.540710077962213
-6.457251836461449
-5.762340835965019
-4.519551005368238
-2.85693316707711
-0.9495051049235549
1.0036616472627409
2.8038528998642867
4.275255648996528
5.283307891034376
5.747522981861161
5.648225717468631
5.026936245688174
3.979977240169938
2.645561768382912
1.186085207419405
-0.23217484015865347
-1.4597026708244305
-2.3817139755085543
-2.9302489858190555
-3.0883535405459606
-2.88622308694596
-2.391227823157349
-1.6944686035953886
-0.8961366692931934
-0.09244799313331835
0.633124759400564
1.2140818943885054
1.6025596255742107
1.770313685032663
1.709724215370595
1.4338940136303842
0.9742810944186733
0.3762985731652163
-0.30499522877089086
-1.008574665064121
-1.671512235681017
-2.2330748810926657
-2.637746696906566
-2.838069613300584
-2.7987413210139436
-2.501291860213341
-1.9482215334311705
-1.166704857797225
-0.211034299014481
0.8389152240090665
1.8852582614927362
2.8247298297705523
3.5627680624793543
4.025749081566161
4.170049799228331
3.986682307433731
3.499973096678951
2.76120294418161
1.8398885284176507
0.8141809773853138
-0.2383448367917554
-1.247027716458614
-2.1506397265543513
-2.898161725475397
-3.4497512113650393
-3.7777063047321584
-3.867066363916586
-3.7163420586827187
-3.338207691466913
-2.7592598398187067
-2.018607398776098
-1.1657362467982673
-0.2581111932878238
0.6413999828474723
1.4679705270478418
2.159933133774556
2.6651941382079305
2.9473538283469334
2.9899184883909804
2.7980853459065655
2.3984661377168957
1.836791400470862
1.173385771879719
0.4768809321213499
-0.1829765021647108
-0.7425830491233788
-1.150723037967145
-1.3728284479081467
-1.3931735555631608
-1.2160371111835517
-0.8668375013057097
-0.39244431184801226
0.14126185857421902
0.655255118550905
1.0660102368495246
1.2962128937331068
1.2867772537112925
1.0089465449194928
0.47405104052980623
-0.262623802874098
-1.1061048719068214
-1.933790779458076
-2.613792851986019
-3.0268915727335646
-3.0874728918683916
-2.7590604951280557
-2.0626111399374456
-1.0767990524370192
0.07113868572475053
1.2242105740979359
2.22088476094509
2.921236428171479
3.229171082565305
3.107700773616227
2.5856161243300058
1.75448841707348
0.7556383679520448
-0.24170179273860795
-1.067781216591466
-1.580401798600078
-1.6886594024674533
-1.3690211930490108
-0.6716668069404444
0.2847100244196333
1.3295646363919404
2.265977257746499
2.901608383037651
3.081039189959362
2.7138999673780955
1.7938851850960107
0.40563125833725977
-1.2829091347552803
-3.0433060902312588
-4.621160281950171
-5.775012014525841
-6.3125462352393615
-6.119755833376188
-5.179952482084463
-3.5792712329853886
-1.4971566575871138
0.8167460063878764
3.0764692983508697
4.999765484966954
6.347288042078926
6.954507739938592
6.753022554657626
5.779334923297248
4.169273473012479
2.1383529198268816
-0.04802468720199917
-2.109289837290896
-3.7853355227546683
-4.869364423909378
-5.233636195001285
-4.845126477435579
-3.770061434439173
-2.1662366102680397
-0.26246518277826647
1.6722673773649448
3.3646732239084622
4.573220271861955
5.120371318798804
4.916435069029451
3.971128800159472
2.391756910720971
0.36898557504926344
-1.8479952000679791
-3.983555984472256
-5.769972247620281
-6.979249457985156
-7.449127903880058
-7.101486191405208
-5.952060284489056
-4.110073678027967
-1.7667990673103573
0.8259674521324694
3.3848984437130283
5.628152398995071
7.3083104245457475
8.241331248015507
8.328370570569792
7.567746616152807
6.05562003965039
3.975753502892527
1.5789536634308736
-0.8471109857974475
-3.014674035551642
-4.673604744730329
-5.644486963410943
-5.842604844771901
-5.2888803174241925
-4.10521738353253
-2.495197824342755
-0.714010604117541
0.9676554796794551
2.300807690146513
3.091650747098978
3.2273637749016255
2.690677819208234
1.5611252468160475
0.0034478631515682022
-1.7545594011211103
-3.451781700178526
-4.827445952371233
-5.654958825217329
-5.77219557333907
-5.104403004258398
-3.6768804101254533
-1.6158998683658228
0.8629118088054095
3.47805734914532
5.915522088204282
7.869064231414351
9.081871656721962
9.382119633528465
8.706963954953595
7.1119170302456975
4.764029042071966
1.9209791952984634
-1.0988902792119417
-3.9523807279619625
-6.311649457373403
-7.905222234382788
-8.553984897227442
-8.196829492112109
-6.902210092622665
-4.863493353797386
-2.377635979806758
0.1914632386132092
2.461289822714535
4.085262197389579
4.807050659909151
4.506452709472927
3.227120016349313
1.1784226566807452
-1.2910520571916069
-3.7449009547405336
-5.726668161246217
-6.833022819150124
-6.781636160063176
-5.463519938939842
-2.9701782932853047
0.4111167249834697
4.234693437027745
7.960447798294078
11.033931536178411
12.970767675779564
13.432775147625579
12.28288933289097
9.609224913845598
5.714626657644702
1.073738612999613
-3.735218087658649
-8.11250526449858
-11.520126009153097
-13.55534033285344
-14.00525359981216
-12.87421423974368
-10.378473840269645
-6.908850768946058
-2.9691453933153613
0.8982009369859084
4.187831439097467
6.499289731612736
7.589243967972444
7.4009873703635005
6.066446738530724
3.881393714187418
1.259125748936987
-1.3309970701640967
-3.4332546194504525
-4.6744587371190995
-4.8209861877950715
-3.813845256783393
-1.7763892070380147
1.0048411143600113
4.122105794181491
7.105364968561026
9.489720618896762
10.88141203417135
11.013275376755425
9.782424910221632
7.264990968823399
3.7063149125935158
-0.5108441585397984
-4.914943551048081
-9.004732594207143
-12.311311250318077
-14.455381822612415
-15.192994437240346
-14.444617925954338
-12.303812405802292
-9.02431920701592
-4.987529576147941
-0.6540597891116852
3.495288146144372
7.021001221252091
9.579275863056491
10.962112241212354
11.118531581426167
10.153959435243939
8.307346325301262
5.9098434878857455
3.332769126098049
0.9336642113863307
-0.992529343941942
-2.2515270823741678
-2.771250858195381
-2.6028518663686664
-1.9018631257479934
-0.8942529760409005
0.16592618438950116
1.0395438221462325
1.5385332681895936
1.5501860557343037
1.0479076068017654
0.08908018628808721
-1.198038654198776
-2.636117632387001
-4.026709659961522
-5.180286517795064
-5.942811662159552
-6.214408302261875
-5.958513041507523
-5.201827895250199
-4.026096975621437
-2.5534192925734853
-0.9273849090870783
0.7073938758540167
2.2240765471151764
3.5272695390959834
4.559976446536667
5.30389993469757
5.772884846413365
5.999898725138185
6.020855168901924
5.860673699160473
5.52613795496424
5.006950513195334
4.282920779418105
3.334160310400183
2.152255168195361
0.7509568150745789
-0.8255689119094795
-2.4994129351369896
-4.162428790935203
-5.686336826682237
-6.937399653298404
-7.793487604713378
-8.161065900560535
-7.98909984748561
-7.277372503078486
-6.077561763532463
-4.486788988454156
-2.6356430884327167
-0.6737439859754106
1.245083882884903
2.9772789290070096
4.403470124367743
5.440890179150926
6.051787675696331
6.245369285805478
6.072436472346755
5.613479356174906
4.962327974660653
4.2085777192954
3.422491915193389
2.6459394715583424
1.8917381476710737
1.1511156306715158
0.40600062104964924
-0.3584175884291433
-1.1444307961500848
-1.9378486443045329
-2.709958819782887
-3.4239610180526454
-4.0426796760195325
-4.534852296105338
-4.878615855048006
-5.061117757760306
-5.073836922289151
-4.905560835022514
-4.5370686618032865
-3.9408660136346034
-3.086847335448051
-1.9532813456647453
-0.5415915529858386
1.1084978829461563
2.908470668583515
4.719921101240722
6.3652605459985345
7.648891548125035
8.38507988880481
8.428761820196737
7.704678888818605
6.228358774018236
4.113738960438224
1.5658996660417592
-1.1405389311432332
-3.695437769176375
-5.795086211718911
-7.185488063186016
-7.70030690280675
-7.288003043243238
-6.0239186209056905
-4.103872946783871
-1.8180114000181768
0.49170161285239833
2.482993030955132
3.865559747256758
4.446085970416722
4.158508474804123
3.074486912432281
1.3925129208300768
-0.5930314974479126
-2.5386842362640256
-4.107236871922609
-5.022109270936694
-5.111522540055585
-4.335576054562013
-2.7920146467844638
-0.6993963020260315
1.6392536371297701
3.885146480890804
5.716256661525695
6.8756342948271545
7.208687306276527
6.6842600736168105
5.396104680215096
3.544330646638988
1.4007330664011317
-0.7352843363660546
-2.5832112100270552
-3.9236984215622455
-4.630071667886047
-4.683873512480728
-4.172488577198131
-3.270178285664634
-2.2049442260325853
-1.2149257147737558
-0.502006177950187
-0.19302091727807308
-0.3166237774712755
-0.7995230385931889
-1.4827389687195964
-2.1551864233701594
-2.5973430140311256
-2.625339179847739
-2.1274119418489104
-1.0872090176180222
0.4101820759379544
2.1909552093582443
4.020781636622725
5.641683694623056
6.810679980815896
7.335170284668222
7.1013784719890864
6.092285507821381
4.391919946841572
2.1748078655158727
-0.3177084393715172
-2.809705669167366
-5.025372984474527
-6.720762590354261
-7.7094547509581135
-7.88146684556222
-7.215599373518159
-5.7841736584500625
-3.7485643819311067
-1.3451674630194403
1.1379172454313369
3.3926313125402356
5.128180580568238
6.109533301308947
6.192968773884328
5.353304524767612
3.6966982507355532
1.4543817511594221
-1.0448683239772907
-3.421548681180322
-5.3036528469964
-6.3848958880811315
-6.472302921666863
-5.515619160113497
-3.6148957434909574
-1.006210238159672
1.9715443206710996
4.923073859441565
7.449307500137104
9.199953836419327
9.919819264177972
9.48223108341191
7.9048283133750195
5.346670467864734
2.087900718998714
-1.5056883666464174
-5.028802912778805
-8.086999771852366
-10.34469078700881
-11.565393013615495
-11.63895736048856
-10.590687317839382
-8.57023275891817
-5.823734822459219
-2.6571486257226304
0.6015190386257853
3.6369210462043675
6.176510390347983
8.01485625606312
9.030576221010866
9.19419311043375
8.565571875377675
7.281240184308484
5.533895456432515
3.5468222072188618
1.545314204336893
-0.272102203326764
-1.7576802890812273
-2.828086966252367
-3.4650257988520003
-3.705323469950471
-3.6261133789098827
-3.3289415562631675
-2.922786989571341
-2.506204324938169
-2.1521252969108713
-1.8992042100589088
-1.7506928321461899
-1.6796199364331397
-1.6383560542121154
-1.5703599891834816
-1.421608979146745
-1.1495705618220051
-0.7293970221007894
-0.1584250230341861
0.5409611710520505
1.321368218837801
2.114254526430019
2.837535571732526
3.405877514311284
3.7422502546825447
3.789852788155373
3.5230832862038457
2.9548698199467545
2.1381747400085613
1.161107209069811
0.13571051938417833
-0.8183591569168063
-1.5920969020289175
-2.1040122626309286
-2.3132803583741186
-2.227063124863228
-1.9001933056077935
-1.4264766441447934
-0.9219778916368485
-0.5025137280880745
-0.2598480548489063
-0.24198352235239604
-0.442499755587238
-0.8020365740755456
-1.22144636621293
-1.5832795268332165
-1.7772274909887322
-1.724192808654641
-1.3936341617420933
-0.8109220389211264
-0.05352051074453511
0.7638231752510604
1.5126043200061796
2.077763765896355
2.381515453598411
2.3976507728952963
2.154337680212338
1.7268719895774562
1.2221205136497824
0.7564449300767215
0.43078196311353906
0.3083340487851833
0.40003178278556906
0.660979527156734
0.9987487166211588
1.2920058949099096
1.4157420047476328
1.2679859812223244
0.7927462472259507
-0.004798435494841091
-1.053256686025457
-2.2223732994019465
-3.3439145026667103
-4.242265721796472
-4.766411348026417
-4.815961412110848
-4.357735017183676
-3.431686178144092
-2.145378599336004
-0.6569812367850373
0.8505725383482018
2.1989577171027266
3.2419545973841735
3.886607482732459
4.104125904015917
3.928650570741956
3.445532847230436
2.7725560290346527
2.0368746811713176
1.3506325947875994
0.7904967696074059
0.38704689703849576
0.12666784294817005
-0.03596658385053757
-0.15956807925077027
-0.29759221955689014
-0.4840397772074334
-0.7267348443634413
-1.0087998323932075
-1.2968505489339466
-1.5532276583383915
-1.7485560238989315
-1.8699941902639095
-1.921982090285682
-1.9199392975591103
-1.8804028962165715
-1.8122743872405058
-1.7126673779006458
-1.567802893246691
-1.3571931867273155
-1.0590997531254318
-0.6557006241404335
-0.13719958518656372
0.4947773535243382
1.2235565100281096
2.0132723610160617
2.805786253951392
3.521724701556748
4.067778473167993
4.3496451329390275
4.288032161851721
3.83507433019637
2.9884424868415707
1.7993379907103964
0.37116430068024253
-1.1511347274781447
-2.5987850609021996
-3.8016613314347976
-4.613044148858216
-4.932511286764938
-4.721628666931503
-4.009083751298016
-2.8861666370857897
-1.4954569779693807
-0.014369132282856896
1.3655086769598808
2.4618935885713613
3.1264031356935167
3.2673883979015677
2.8662912845314836
1.9830331973349054
0.7488429461218369
-0.6518092814734219
-2.0064593885051645
-3.1024848508642187
-3.753927839374031
-3.8263245837143254
-3.258969783498922
-2.0808358112167267
-0.41440404767461425
1.535932735966333
3.5100915381778544
5.229154145957264
6.436979599733894
6.939643843215403
6.635713447661924
5.532341324512685
3.7453362592395956
1.4833160374344063
-0.9824809025239477
-3.3581735784693163
-5.369298678292047
-6.7966183879746165
-7.500077500697174
-7.4297147846251255
-6.625176158014862
-5.205802562821375
-3.353294604208091
-1.2894589381111827
0.7488820880774659
2.5365019045375674
3.885833514369203
4.6690387888182014
4.83268745031466
4.402787976270393
3.479357200454708
2.2217432170586418
0.8273803537817684
-0.49349119407371755
-1.5447697132630158
-2.170215369265848
-2.2750479837343787
-1.8405741054553355
-0.928895846531462
0.3239520165345962
1.7256320044032813
3.053201996376184
4.0832040736899415
4.622415031191676
4.535997853681812
3.7694671324957354
2.3605312049762976
0.4383836758586758
-1.7896793613651625
-4.062873326595636
-6.099740084557942
-7.634733180746188
-8.453972985200652
-8.425487688257805
-7.518759091216429
-5.8095858383309364
-3.4697418036215195
-0.7443786977569355
2.078399859456378
4.701814456716776
6.855055813767917
8.324231163734144
8.97548744076766
8.76793318121297
7.7559167035830106
6.080940258422439
3.9538236926437302
1.6285423660769112
-0.6299286501558591
-2.580530715014856
-4.038903311944564
-4.901579709461418
-5.156362402359535
-4.877513535795234
-4.207729127177844
-3.3304991083013142
-2.4372409763663025
-1.6936469824810123
-1.2097606439633735
-1.0193360823943758
-1.0742569036825131
-1.2569414683212377
-1.4085625531272536
-1.366322007134464
-1.00123301076811
-0.2490858232158256
0.8706995972447186
2.252169287760294
3.717286729237485
5.045095257077119
6.009595317460572
6.4193471332539165
6.152273766977187
5.1797384142617275
3.574884576928509
1.503081482640321
-0.8029081906297745
-3.077063735648512
-5.057474380807565
-6.521730122759216
-7.315328911054145
-7.3688269455869
-6.701709836138081
-5.414035830788853
-3.668923234451956
-1.6691419400301002
0.36902262529111995
2.2413060892180408
3.777675824486248
4.8590522332104795
5.426390397057869
5.4810811423437515
5.077552323038531
4.309911240762106
3.2951145461639424
2.1559480502761947
1.0062855207619554
-0.06073379504539099
-0.9806751571817182
-1.7195710047525268
-2.2688281831799237
-2.636396285446358
-2.8381740919631455
-2.89155211054715
-2.8114112280248444
-2.608759572064901
-2.2924676776371413
-1.8737535994536452
-1.3712122560345468
-0.8141281431490353
-0.24345430556244899
0.29024099558839095
0.7329888950300273
1.0369455617819379
1.1709100258608252
1.1301297058042687
0.9433553931004172
0.6739525745831244
0.41268193640355455
0.26240293701486744
0.317722628637266
0.6439757811257932
1.2591181537814666
2.120953381459346
3.1224235476607958
4.098070951350373
4.84352380879774
5.147171510927895
4.829436946683461
3.7815603745796778
1.9953276807161646
-0.42227858182851796
-3.252809410865339
-6.189195807614185
-8.874378203214999
-10.948571352234373
-12.097796815292044
-12.098494990200704
-10.853432646075325
-8.412772150469078
-4.975257333135102
-0.868634093709186
3.4881920390900154
7.636886641307906
11.137977845334639
13.625656731704149
14.850285099071687
14.70419551951695
13.230030299648773
10.612311268225893
7.153034568430953
3.232738030367046
-0.7384763675125601
-4.371704103177889
-7.343237478482784
-9.426642114802377
-10.51066852982523
-10.601814696121496
-9.81210343563274
-8.335775584530431
-6.4200203686648125
-4.3329139785780875
-2.329962609326227
-0.6223098878537127
0.6481062554253775
1.4223750586406516
1.7267489815647172
1.6643435871881833
1.3969785171433422
1.1170964914246841
1.0121447996567963
1.2278429333944583
1.838170259997891
2.8279627402721412
4.091047457432065
5.44446327251395
6.657282757282911
7.489593514301622
7.734145997775388
7.252843659180659
6.00229005014241
4.044573667731755
1.5414499057592277
-1.267362179007272
-4.09844083713758
-6.665407210120656
-8.718112682075674
-10.07308724586153
-10.63134616736659
-10.382688405457156
-9.3972661359311
-7.806719063480565
-5.779253691752615
-3.4942158400403027
-1.1210007312351962
1.1944925163009994
3.3346692039081436
5.207585558665284
6.740366194852512
7.873029508267188
8.555670306090565
8.749637599406057
8.432225661065816
7.604153770208871
6.298260287151424
4.586669127456822
2.5832162147102147
0.4386687080386894
-1.671790283462736
-3.5671524891194206
-5.082240202941035
-6.089092194667946
-6.51471123596929
-6.351773286798582
-5.660231404290513
-4.5600399698825775
-3.215499067019596
-1.8113671739884096
-0.5240110635547243
0.5052736940209036
1.1883311346659327
1.4971466989234248
1.4607516600228847
1.1546931934696325
0.6857758201926577
0.17407710286015754
-0.2657189285115607
-0.5408885690633838
-0.5924886077552644
-0.40128254525152746
0.012160129344062518
0.5930454558814584
1.2631232821143628
1.9350131380318993
2.527378010342375
2.9774710593770255
3.2478577622084686
3.3260641571302116
3.21830461132836
2.9401635997908593
2.5078145913274312
1.9327492128068773
1.2215215632296554
0.37992992912049717
-0.5809848295427376
-1.6391842174995208
-2.755879864833825
-3.8702675968303466
-4.897938965102623
-5.735704813637148
-6.27287158278416
-6.407314923533795
-6.063327906674721
-5.207341619694807
-3.8587009922628064
-2.0941156753335024
-0.04469815052907901
2.1149248254949162
4.184364529281971
5.9595673666202345
7.256460734405934
7.934059047133554
7.914810139129954
7.198551345540721
5.866366643894928
4.072683304560914
2.026017228123754
-0.03927320818870831
-1.8954876711770627
-3.352679751372312
-4.283892906583428
-4.641318863534485
-4.4606067202205635
-3.85172910410064
-2.977651433613894
-2.025049739671192
-1.1724590987221486
-0.5608967051713881
-0.27165877974579655
-0.31525904546043343
-0.633308104442317
-1.112222772386918
-1.6057433181575396
-1.9625340133176743
-2.0542999254154
-1.799201751779319
-1.1763559301060684
-0.22894029418504383
0.9448596052468355
2.210684715294157
3.4210020427353443
4.436536679022859
5.142455528532239
5.457564670533302
5.3371144498581815
4.7722033361087
3.7888327084094464
2.4471186623227923
0.8390381902885982
-0.9164331684912594
-2.680691572360886
-4.305401039231591
-5.6447059524210665
-6.5679646314386835
-6.9710769448609025
-6.786515314328325
-5.993175383639969
-4.625628955332911
-2.779816989803143
-0.6109265462511718
1.679028839442519
3.8624352607537893
5.711901365764431
7.0265529330807475
7.655942050774308
7.5192702248835195
6.617199978838988
5.0337390543045
2.92774397980655
0.5158211646615686
-1.9509019345358922
-4.213646406489682
-6.034079979567662
-7.221376636640123
-7.6551109215979
-7.299840247415853
-6.208508043670359
-4.514494805228774
-2.4137733603370597
-0.13953304313810427
2.0672023443962355
3.9866127585280613
5.44430361904879
6.3271320942137645
6.589827296195673
6.25463106216347
5.4056823876459
4.176698002467145
2.730678458978592
1.2349636493552065
-0.16211270559843036
-1.3486115390887834
-2.259451324520751
-2.880336166371927
-3.244658210503383
-3.422120023396753
-3.4995690514241984
-3.557772435966032
-3.6494460445770596
-3.7834267438401334
-3.91918341318033
-3.9740900488202424
-3.84154402550231
-3.41432003687409
-2.6083333381368643
-1.3844085638170975
0.23464436841675904
2.15583372329578
4.220201600903098
6.219792087418876
7.923867829455873
9.109384373894637
9.591762445881805
9.252084064511049
8.056097709116132
6.062224640455296
3.4187911134441586
0.3514490091208111
-2.858746543962768
-5.905160947497653
-8.489829187172768
-10.357409006374136
-11.32411396669094
-11.297781715297345
-10.287028629571997
-8.399436603052669
-5.829681781510061
-2.838938046219659
0.2724120414276336
3.1964277886841033
5.6512569927956795
7.413400702389975
8.343707118517253
8.402358865965537
7.651012868030445
6.243640569156314
4.408052967788602
2.418407149550754
0.5591664143575692
-0.9161908642280627
-1.825270647271717
-2.0877479550972007
-1.7406141089851501
-0.9341948363551097
0.09162301457932814
1.048309849717125
1.6501242063197639
1.6671675585252679
0.9714261279383847
-0.4321978736953765
-2.396464792963612
-4.646926781235696
-6.820264013872672
-8.520906495425033
-9.38717659981331
-9.155130951986546
-7.7085382014304935
-5.106554218852122
-1.5847119121508997
2.4708463881197464
6.572167268470729
10.194936111642074
12.851897005787414
14.163645965116528
13.916176999755972
12.096447375397434
8.899940342899376
4.707777844903928
0.03542356531118579
-4.540148690314175
-8.463320778609605
-11.278494618105583
-12.691263482219897
-12.602838239841933
-11.114097834955148
-8.501381059614596
-5.169856062440014
-1.5916680820693225
1.7628811577543573
4.491431511367816
6.312604369127609
7.097428276214947
6.875456838345302
5.817013415939987
4.195604103016172
2.336725164521194
0.5624539432159281
-0.8578789327033892
-1.743531146661058
-2.021467648164814
-1.7282133882276616
-0.9947531945177939
-0.016672577220836603
0.9839759608441107
1.7962905207999116
2.251493009483816
2.2449608020607648
1.7484860150247012
0.812114896712192
-0.44423121225097567
-1.8476336809307252
-3.1952738392752518
-4.28202100948504
-4.929986282950673
-5.015469223209191
-4.488740322296515
-3.384099702767298
-1.8188395825521695
0.01964232504189966
1.8979048209997356
3.5692289201339307
4.810582247701365
5.457404726064656
5.429921312503681
4.746493406633975
3.5212705096359684
1.9459505243091217
0.25934582214961815
-1.2893353556701261
-2.4782624053927025
-3.1473417258063483
-3.2242358964507125
-2.736938023088587
-1.8090758595526977
-0.6374069638367804
0.5442953176553855
1.5071675318449194
2.0665463718942734
2.111618637158478
1.6209968768971228
0.6631795087263663
-0.616299814314029
-2.017978076411404
-3.318275554476114
-4.302046035232021
-4.793753945140895
-4.683200070993179
-3.9421202882023305
-2.6291661076500636
-0.8824095970070518
1.099543127191832
3.0847419490087
4.839259099635164
6.158461478824429
6.893891776558018
6.971720114137716
6.399366000636373
5.258685927964897
3.6880806252001963
1.8590863809653797
-0.047715917719629033
-1.8646462197811535
-3.454322992450562
-4.720392704991716
-5.610377737777112
-6.110825412160997
-6.237355568056283
-6.023369447705509
-5.5094006290783915
-4.734108752636508
-3.729361942305119
-2.521476562090153
-1.1377805147497764
0.3838866275346053
1.9852997968238941
3.5809213239505886
5.057329292046171
6.280996507152712
7.114458040040633
7.438339310119344
7.174362809065786
6.304136531634968
4.879483661573161
3.021098505924727
0.9046548518422785
-1.2626218320631186
-3.2693116214037063
-4.926290346879098
-6.089688177133891
-6.677804978043286
-6.67875435468936
-6.147112071015875
-5.190710898470404
-3.950550265970516
-2.5774080352165387
-1.208934309140928
0.04845704801874518
1.1286854598141367
2.004932129053662
2.6812593375344025
3.180679076574486
3.5322861205628184
3.7594027437750364
3.8704098454839646
3.8543816724577336
3.6838276538261625
3.324478711062628
2.7489936667752444
1.9505477221130725
0.9526341374397718
-0.18730178184853263
-1.3804227243682246
-2.5144446023831586
-3.4672111103310166
-4.125367893015789
-4.404475648752111
-4.265402799366942
-3.723569126834228
-2.8497654533897863
-1.7618270827994056
-0.6070662023369224
0.46215419655421214
1.3145196480594155
1.8616436596965815
2.0713062329088774
1.96999844775568
1.6350550071881833
1.178395719837611
0.7251235899759667
0.3912189205884398
0.2643450061646859
0.3897656579406033
0.7617347955892002
1.321191959294827
1.9613527255481047
2.541911178654552
2.9109371189169226
2.932021170430494
2.512306283280243
1.6252373259667254
0.32197192941855557
-1.271816137798073
-2.9729273615006804
-4.567461970732939
-5.842371534837617
-6.6167176806397165
-6.767874100114897
-6.2483839202216735
-5.090713596852606
-3.4000511375623748
-1.3382386989891208
0.8972277972762922
3.0961804960902213
5.058194897897545
6.611611355913325
7.627180236594171
8.025898496265716
7.781494332090014
6.918795304760485
5.510103970242005
3.6709135900925673
1.5535434410836313
-0.66390754369568
-2.7932380209851164
-4.653601561543722
-6.088392664879999
-6.9803912927571155
-7.263663976915806
-6.930812608491773
-6.034868743387503
-4.685055355369403
-3.0358433982659565
-1.2700171767422663
0.4223790289842198
1.866965990173482
2.927230234245182
3.52219186901254
3.635311134032655
3.31341290110953
2.6580796211460522
1.8117912552527948
0.9394580080176002
0.20656543513168063
-0.24386358392657972
-0.31314414148684583
0.035451028385947866
0.7670123030893268
1.7755833681670103
2.8948584535469215
3.9175885554519754
4.622732900862175
4.80872065342992
4.328387096923084
3.1194829261909636
1.225306939366044
-1.1991830900009797
-3.8989196044565197
-6.547538159340394
-8.789671518500224
-10.291277519599939
-10.791328786487401
-10.146703943486823
-8.361526922918017
-5.594460519061961
-2.1426624393123554
1.5942984870555048
5.165718218819489
8.130622198413057
10.120762139093754
10.896625264973878
10.386979211642675
8.703786429115134
6.128100820271055
3.0684332110737724
-0.0013330080569891934
-2.614499471898967
-4.384333356763735
-5.066762538797632
-4.602320746289833
-3.1288373288537836
-0.9620232144084846
1.4528667031841958
3.611195776824788
5.031266400326406
5.336831083131994
4.326500564786141
2.0177533361121207
-1.343047812249698
-5.307638588354346
-9.286716463306133
-12.636063071939443
-14.755162893515669
-15.183247470942996
-13.677467788861042
-10.260038527169437
-5.226138005898771
0.8886304493162442
7.375691001394942
13.445784749314221
18.333591345941567
21.400993618226977
22.224846847591277
20.65620570248549
16.84202577747959
11.206685991466898
4.396699624133833
-2.803404891952752
-9.572431647060977
-15.157045977450505
-18.964742258242907
-20.632144572061097
-20.06034369133537
-17.415841020662988
-13.100407884857361
-7.694076691005299
-1.876852056586931
3.660880603323531
8.306061092973719
11.596277315371859
13.268473057553745
13.276587049807178
11.778409402321579
9.098149210952776
5.673012978397945
1.9913776094296385
-1.4701285622459994
-4.303667116567525
-6.215629322239115
-7.0557286102293775
-6.825715960161779
-5.6664012488313205
-3.826358403406679
-1.6191401786741675
0.6233952552329879
2.5949394591016928
4.051056940735053
4.835079549697874
4.891104327644258
4.262646822778951
3.0784640025186483
1.5291379247273809
-0.1621923456545991
-1.7714085660939105
-3.102501003237182
-4.009661763217805
-4.410500907287348
-4.290787800030266
-3.7012468869757122
-2.746660284008663
-1.5687735442703494
-0.32568078547317775
0.8300422656398966
1.7720629847841607
2.415897093760987
2.7256699809780462
2.711796853593929
2.422375059391689
1.9309002427528423
1.3219412194125806
0.6773194187116852
0.06603337189789671
-0.4606722937894097
-0.8697617049008083
-1.1435397737344848
-1.2751213458983017
-1.2644325465980717
-1.1162784096519343
-0.8409343387473501
-0.4565829965106241
0.0081683997882208
0.5131222247610392
1.0072206982740846
1.4320353022800643
1.728714066408472
1.8471607449836276
1.754675151328857
1.441751960716259
0.9245046962943715
0.2443836225232524
-0.5346869332712573
-1.3324316476687037
-2.0615209620256127
-2.6385580840881353
-2.9947793348981255
-3.084646391716166
-2.890773446936415
-2.4245737177648112
-1.723687401196547
-0.8479206090206407
0.1255442125263567
1.1078099616135548
2.0053916463174715
2.7294991692924335
3.206524288053047
3.3871077371509806
3.252508169121843
2.8184648760192648
2.13526806213758
1.2820515012668603
0.3559811006368097
-0.5406846018487071
-1.3133917389963767
-1.8868145636664713
-2.2131826183473335
-2.2753339858159625
-2.0852711999847484
-1.6810518964554177
-1.1229623615864077
-0.48787632113102336
0.13888286290336732
0.6742060403255917
1.0495495688072813
1.2220358721599336
1.1807333675488807
0.9466778990170414
0.567323629657203
0.10690544878229494
-0.3652851166498501
-0.7863556271185689
-1.1089660354705047
-1.3067734672349607
-1.375055208885966
-1.3259349820874473
-1.1798252097325654
-0.9571030444890299
-0.6731088116027936
-0.33659006121658724
0.04896246264184888
0.4812771116378756
0.9539909255711532
1.4517179714536175
1.9458467755298907
2.3922345089612906
2.733393299177626
2.9059575422061954
2.8514740457092893
2.5281038465332557
1.9213288712717038
1.0514187545694011
-0.025047739482953458
-1.2206256042584083
-2.4265801419579383
-3.5225131945145822
-4.385333938985286
-4.899451245315475
-4.969082871496664
-4.532576607057222
-3.5780369816312736
-2.157182217998378
-0.3922193317635703
1.5290573143740562
3.372339710133463
4.888366458746011
5.850947073029794
6.094118942253408
5.542636548185488
4.231047516869184
2.3068918381382963
0.015551965393350107
-2.3317270319620342
-4.401544321988891
-5.887105298568263
-6.5551685607769095
-6.284307761987296
-5.0876918325797815
-3.1150136801895916
-0.6323117401164627
2.0164897227700704
4.459892770488246
6.353862591707601
7.432947152135123
7.548295706596524
6.686604585505079
4.968610426119503
2.628798364844375
-0.01977303778034906
-2.6300441659465736
-4.86943855606104
-6.4666411176379786
-7.249512900820843
-7.166837920483836
-6.289805111248411
-4.793595273392608
-2.923173044984611
-0.9501974439868623
0.8704612530232464
2.3363598817659885
3.3196627013188102
3.7746855241890263
3.7330585220211874
3.2896339907382037
2.582227178469689
1.7681986858271421
1.0003607870470317
0.4046618676099863
0.06287189438247709
0.0032823329253261497
0.2003214574233001
0.581773502203771
1.0421752684825756
1.4614026323791602
1.725570848078457
1.7456398449029018
1.470943001268518
0.8970573731680909
0.06707480954225348
-0.934644188076874
-1.9950924078142103
-2.9886780923505616
-3.793870339044335
-4.308823709907736
-4.464721428754714
-4.234579799071436
-3.6355124260656964
-2.724633851055786
-1.5903864539360704
-0.3412146756529722
0.9068957590499447
2.0428610264669578
2.9718035243600975
3.624321725783289
3.963291542156655
3.9872339353180344
3.728628267441471
3.2467523598656878
2.6164596381095127
1.9150330492391425
1.2097942966230404
0.5496970338127849
-0.03684674569993853
-0.5382761078578641
-0.9531818709654016
-1.2840606855513457
-1.5335494410954056
-1.7035016528136735
-1.7966354665537327
-1.8197179428319836
-1.7858544428378142
-1.7134969661654562
-1.622103126746876
-1.5266852772084338
-1.4336900548482792
-1.3390588242302157
-1.2279935300181952
-1.076511102817297
-0.8559725498581314
-0.5408064636343998
-0.11732800049073555
0.4090513240956132
1.0096367603112975
1.632118909122
2.205353276681504
2.6495135838639565
2.8895925420381334
2.869435071751088
2.5642093120733884
1.9893033414469494
1.203344240003008
0.30364380758717696
-0.5864307972335279
-1.3371859942484796
-1.836172074010107
-2.0098119012179136
-1.837143893648101
-1.3532525437441196
-0.6437483287706336
0.16773673633645578
0.9377438008033898
1.5247292690038738
1.8107432991728873
1.7193721594421087
1.227990685749019
0.37388068542235003
-0.7468044121575744
-1.9889471819934164
-3.177390242244825
-4.132330845409238
-4.696387254141391
-4.757779729408734
-4.265901587031631
-3.2381560650962617
-1.7581527570707332
0.0337764495956855
1.9560327664438746
3.8056299801213895
5.380779706678601
6.503710180100398
7.041278585513881
6.921390917529668
6.143399063286405
4.7808385513125495
2.9752214623283817
0.9205014306446598
-1.1603863150738498
-3.0437622763032923
-4.5343369110634395
-5.491461724906765
-5.8485830734325335
-5.6213900067856075
-4.901384990374247
-3.83608136351605
-2.6014244286191714
-1.3727472525297746
-0.29884791101368263
0.5176029850488459
1.030927699540407
1.2532327171064737
1.245207426076569
1.0990264537674115
0.9175785212387535
0.7945772972922455
0.7982979086626057
0.960404507521237
1.2717181014558336
1.6860849038857668
2.1306462777790416
2.519103514089238
2.7657205459256518
2.799089105727899
2.574420720954452
2.0824695739052177
1.3528250665436337
0.4499871617702729
-0.5369709994769045
-1.508174422997019
-2.3668952160741727
-3.0311353155495886
-3.441785581360135
-3.5681180274468076
-3.411029755941073
-3.002513279604156
-2.400162375386057
-1.6781800594143743
-0.9175243464353102
-0.19659360537362477
0.4172102573809335
0.8747613238132749
1.1512564643035665
1.2505406038915614
1.2057005139093564
1.0738905899707796
0.9255425704259331
0.8301976892704644
0.8425821110605073
0.9927418788086474
1.2817768072563298
1.68203855119008
2.1401526906707917
2.5819854861854057
2.9196085283390953
3.060961372638695
2.9225193349744334
2.444248518604181
1.6045684207955733
0.43104007849366854
-0.9973606982476103
-2.5574643876860974
-4.096898339275866
-5.453818207426239
-6.477417097376183
-7.045408679395707
-7.076639908119695
-6.538713109318174
-5.45025679331202
-3.87709919039722
-1.9233937895664655
0.2790428524616634
2.5802262426768943
4.819587688337772
6.83301980644639
8.461460543602708
9.561619306655457
10.017739244997296
9.75353423364676
8.743654007809164
7.022608572939807
4.688272361164108
1.8981704658486929
-1.1413686009291948
-4.191767543728412
-7.003238765255252
-9.339189107985135
-11.000724938702835
-11.846645942844056
-11.806636367374018
-10.887429295012584
-9.170923148294657
-6.803314154468416
-3.9770755324264564
-0.9100830864983502
2.173777089636424
5.060292578042496
7.557366400286514
9.505750805257136
10.78834783993593
11.33652948330216
11.131915527975938
10.204101310391017
8.626288297748689
6.509999405022922
3.9991495285654746
1.2637750241394572
-1.5073321738325165
-4.117532035194768
-6.378180431336789
-8.12719549392488
-9.246014393541424
-9.671757878775642
-9.403392200209636
-8.501093003820253
-7.077914145545665
-5.284312023043003
-3.2885208851371774
-1.257100161818322
0.6606342796887146
2.342453971782979
3.6975067006270117
4.666581820272259
5.220579685183568
5.3593997939729086
5.112324401755737
4.5392452492726
3.7308830249524685
2.8055010721288705
1.8995668983405032
1.1513582483398275
0.6790959448583124
0.5570294965251931
0.7943799940774979
1.3236968328577894
2.00431358768981
2.641813518932903
3.019531186038096
2.9362563490355096
2.2440320372908933
0.879930737438238
-1.1135694017287239
-3.5837568845500876
-6.280251108230672
-8.882665816015136
-11.038415511269877
-12.406893844437032
-12.706938557136542
-11.761717035055357
-9.53287792127953
-6.137095106669168
-1.84160903973986
2.960741441719975
7.7935336695846775
12.150848964406272
15.557288930742155
17.626475497366773
18.110203335726293
16.931471671924903
14.196640062960604
10.184411062493812
5.312452822028187
0.08618277759763417
-4.96296553931065
-9.341311943831952
-12.649818785541887
-14.625965059944662
-15.165619656157126
-14.324058648711592
-12.298354723495612
-9.39515101046585
-5.9886314779085685
-2.4735737543332537
0.7816375967299269
3.476876154893591
5.411712005698248
6.501756707325365
6.777170972681207
6.364166855210059
5.454430506885822
4.269259170730192
3.0242293796726014
1.8988258290455575
1.0149474123490205
0.4274389874455414
0.1275664647910078
0.05701672737436706
0.12795804247342296
0.24528447275747414
0.3279224244923764
0.3252287981877993
0.22436799834266535
0.047147184993295836
-0.16124745070142754
-0.34670709546198036
-0.45960769404434026
-0.46549852421399857
-0.35323675671529464
-0.14053581390367717
0.12444444376945406
0.3671961805937225
0.4970126773784437
0.42192908398938916
0.06621952885232546
-0.6122196394482102
-1.6072385758757624
-2.8554604412078755
-4.235749831684315
-5.5775673092322675
-6.6765021611067334
-7.3163275004731725
-7.297922793568032
-6.47285505713841
-4.775497355027787
-2.2458831419971883
0.9623040962471728
4.589517242748706
8.291844316448003
11.67435653365321
14.33474056254277
15.913778637072696
16.145938213326268
14.90115346106476
12.210191401240833
8.269456999498662
3.423770518316508
-1.8716700571821774
-7.1050081562637795
-11.76920343240559
-15.42286237071188
-17.742041416372842
-18.555259745435368
-17.85676365821134
-15.797175553497436
-12.654365184788833
-8.790245713487502
-4.600487784118639
-0.4637770647985278
3.302870814546535
6.475472198823005
8.934962633057468
10.658446004968937
11.695010406912443
12.134626042250636
12.077795120885957
11.61127496947189
10.79338675830322
9.650707406875078
8.185618584774138
6.391739772590485
4.2725368640736185
1.857916437556833
-0.7850702707428998
-3.5485210805781664
-6.2862934350579245
-8.822917036614378
-10.969121106140385
-12.542013340805006
-13.386043292474383
-13.39196864515975
-12.51277485485885
-10.775483493339575
-8.28675892990337
-5.229380489598415
-1.847068672074815
1.5819426258683424
4.778067859469933
7.4936625385681275
9.540647245953037
10.80852660988002
11.270845882166666
10.98016817445623
10.052993264135683
8.64673491638244
6.932426436813689
5.069065220697558
3.1855635278421177
1.3728085564343284
-0.31558507123151713
-1.8564191412905175
-3.24604626002437
-4.4876293497903355
-5.578847603024759
-6.502033083847453
-7.2185328108206
-7.669127599792611
-7.781697303962218
-7.4854933303772855
-6.729091366142689
-5.497902235641764
-3.827561725773906
-1.8106035393444608
0.4054229228078253
2.629734831064239
4.6499602752525275
6.260592021512976
7.292442508335331
7.637359431200606
7.264793753780494
6.2286779941120916
4.6632134691851626
2.7664259094243224
0.7730522337309518
-1.0782581216341744
-2.57764934724225
-3.5716548478927184
-3.9810396121756373
-3.806278857579267
-3.1219568883653004
-2.0630846029965544
-0.8052108485147438
0.4600659643109836
1.550980848288259
2.3185492957015215
2.6631124354455316
2.543534697294107
1.9801324171363848
1.0515416835609475
-0.11610797185096144
-1.3677868928637211
-2.5422289919629772
-3.4937959173840616
-4.11004857728193
-4.322730613358656
-4.111181346696219
-3.499381897247136
-2.5495520381471515
-1.354871687266101
-0.03156493214706873
1.2911264754337721
2.4835530722457384
3.429671886807485
4.041044868618923
4.269112235849025
4.1130394944349495
3.6204280949086383
2.8798409008327908
2.0065499609665967
1.1245870641289946
0.3479783060306935
-0.23671249480526704
-0.5839520895391925
-0.6957480632107611
-0.6192148758036412
-0.4359442274225699
-0.245801238510858
-0.1482907677193842
-0.22464344077739215
-0.5231844238504461
-1.0493780186860002
-1.7618194972600052
-2.576283859591124
-3.3787038504872298
-4.044144141843751
-4.456367564097593
-4.523896038574405
-4.191219896102007
-3.4450025144707794
-2.315261280116471
-0.8722724279953777
0.7795651755767969
2.5104938756863486
4.176557795775222
5.631775409383547
6.740212736054951
7.3883817674201895
7.497560796931521
7.033568946742539
6.012190697803182
4.500122443932712
2.6111255528980295
0.49706424010995753
-1.6655918101351168
-3.693168707190638
-5.414620744359841
-6.690045381419329
-7.424242553965705
-7.574397260002067
-7.152199464531321
-6.220294965791671
-4.883692188887069
-3.2780894996183796
-1.5563447010206715
0.12752606914173223
1.6361968518216838
2.8645464262472493
3.7486533605563275
4.267847803544284
4.441374028658529
4.320654213282366
3.9780895950959914
3.4939730009739427
2.9436618961373373
2.387600547701276
1.866074011201451
1.3985535131652354
0.9857729456760834
0.6127736922983839
0.25296654788204376
-0.1256872145514447
-0.5527702716152998
-1.0479009449855532
-1.6152899204082576
-2.240492810239321
-2.888501279023656
-3.503006658561895
-4.009145731144603
-4.3225840528515596
-4.3639480429659265
-4.07405820587349
-3.4260750947176017
-2.4326649882488405
-1.1474135254556537
0.33893336381045036
1.9061022972177937
3.415290831322617
4.723206688580672
5.697595922602361
6.23185546867705
6.25673322920784
5.7483310931393135
4.732592196123415
3.286024431278981
1.5313280742787985
-0.37303961437521077
-2.2483904091506024
-3.914146744023094
-5.20720627855013
-6.000936605130877
-6.221210213470961
-5.856121807902135
-4.957450696075744
-3.6339203856692097
-2.0374577665102485
-0.344326406744329
1.2664423364467985
2.634191508842727
3.6341549274475295
4.1897384625711975
4.279307768990328
3.9369319854124654
3.2465606815908257
2.329844075511175
1.3283450080144028
0.3823219402156683
-0.39030936126780236
-0.9116579601005681
-1.1552425860562385
-1.1476565992066032
-0.959274512642101
-0.6869900234252242
-0.43386709797179307
-0.28952408824548126
-0.31392572529354473
-0.5271014507536421
-0.9065221472520357
-1.3920617038093475
-1.8972432701111843
-2.3245189883230593
-2.5811337283710185
-2.592744471182895
-2.31375250365949
-1.7333480820778049
-0.8764047861463077
0.19959247643543993
1.4097949013443174
2.649235517250276
3.8021990053333186
4.7525563872973695
5.393581914110399
5.6366407023350265
5.418789851563277
4.709573777165079
3.517504981922559
1.8959064398158074
-0.05419254963235863
-2.186692711643728
-4.318891797996488
-6.244802556572617
-7.753404772289311
-8.652113092304761
-8.793344271238519
-8.09941662922248
-6.580719255195487
-4.343569906197758
-1.5855025123796307
1.422902778407741
4.368213292687431
6.932484146113258
8.83417427487725
9.865179226381706
9.917782343777178
8.997140619794843
7.218082207082788
4.78809873651653
1.9799293401663638
-0.9022748731644599
-3.5586014983003893
-5.726670912526649
-7.2096103043414645
-7.89578620472438
-7.767187646319895
-6.8952799048616695
-5.426195040546436
-3.558552098983029
-1.5169054750393982
0.4760236165996331
2.224260748843802
3.576989344406634
4.438939796206284
4.773188035691215
4.597779111746914
3.97789196943752
3.015054430202189
1.8346173744882157
0.5723950135010037
-0.6386699377354388
-1.680240075152482
-2.457254650557932
-2.904127785208637
-2.9898967057349632
-2.721784175214968
-2.1452998352994497
-1.339643086581411
-0.408140154637489
0.5349752816943014
1.3785394748077742
2.0271056521252064
2.411993723966791
2.5002761291392503
2.2999205560609237
1.8589114216524494
1.2569603783444225
0.5905210109697849
-0.045323828435342065
-0.5731003353517966
-0.9437874764750757
-1.1416441055028634
-1.183645961502817
-1.1135955163547282
-0.9912868616264647
-0.8787796616652107
-0.8270835855890181
-0.866407263190479
-1.0011880610156074
-1.2089489962228013
-1.442559966156069
-1.6371115139350234
-1.7214048449261525
-1.6313532137543785
-1.3219381782608968
-0.7757992854574041
-0.008245620679781521
0.931016288724741
1.9599606034145518
2.971113897521735
3.8435708498843204
4.459441733466746
4.722364245922501
4.573735668759829
4.002050825170768
3.0433694527637662
1.7747941949615107
0.3046027108290744
-1.2388360242168583
-2.7192835775419506
-4.005820056725032
-4.9855796290666285
-5.574450486914916
-5.725055760773587
-5.431624866505683
-4.730636659821907
-3.695962270850962
-2.428670173261106
-1.0435168872083758
0.34509816532521503
1.6352967047116076
2.746068245056831
3.6203762882805934
4.223147600076218
4.5365536410199665
4.556133053313172
4.290278567193049
3.7628890522960203
3.0162774228388805
2.111166498696532
1.12270840682493
0.1331150808601301
-0.77790492259175
-1.5428134345734354
-2.1137328837343907
-2.4668344246365166
-2.6035241061843486
-2.5480216959150606
-2.3415472505496404
-2.03470645912856
-1.6797090341037288
-1.3231415509998297
-0.9999559754646747
-0.729855590625494
-0.5168663092937201
-0.35174787164186344
-0.21648222433944028
-0.09021554540789624
0.0446223190514328
0.19790019842371437
0.3698598533456444
0.5512023379138516
0.7252228385038608
0.8725967455892621
0.9780281376020897
1.0362156455116418
1.054681742525163
1.0526164079208966
1.0564164347405034
1.092940239834951
1.1809459617342088
1.321744770781322
1.4922902137517957
1.64462147566383
1.7131287525229553
1.6281941135767777
1.3329826734930217
0.7988123304411103
0.034736973250548045
-0.9104984391378756
-1.9534018410770886
-2.9857412345844327
-3.8876820360777673
-4.542739140314588
-4.853792331863141
-4.758666705719562
-4.241876563668265
-3.338235106504654
-2.1265088637198724
-0.7158483391874444
0.7699717489386805
2.2065505655672117
3.479511560107517
4.492756153948423
5.1760918262203885
5.491267756536786
5.43284070072312
5.0224780333118355
4.299677998694169
3.3133037151902194
2.117056169116437
0.7704576805381717
-0.6555455023150025
-2.0727035089945476
-3.3747417846551646
-4.44454901169048
-5.168461168060297
-5.454565736303591
-5.250898813506531
-4.5593405500037365
-3.441489940111043
-2.014316516138654
-0.4368103301840647
1.108649900052735
2.4375977341269413
3.386157428297484
3.832728752085235
3.7159557202638234
3.0474848765151155
1.9175923292521435
0.49027169365687157
-1.014229673759774
-2.347394873586601
-3.2667181338528377
-3.5729872415378967
-3.147158762262452
-1.9806059169221897
-0.1909570487332223
1.9826826322894406
4.2079404091273895
6.108323719373778
7.325177388268856
7.581403009829136
6.73496310160493
4.811268406411224
2.008532482779852
-1.3245701416591975
-4.737201390723766
-7.744926801559937
-9.906526129895118
-10.894275638952333
-10.545590246693132
-8.888848777593461
-6.140868380819697
-2.6765866440265804
1.0257694813103204
4.45666031608158
7.153029476689103
8.769043535351143
9.128111802768922
8.247809556043842
6.333644354156487
3.74271276570428
0.9237840614879634
-1.6560027136580084
-3.5863840449094657
-4.57920610305213
-4.512762115843703
-3.4485404596833056
-1.6191238775972103
0.6100028596380404
2.7995064734732473
4.508437114451773
5.3689269096954515
5.150676093026232
3.8035345864055903
1.4704963370625992
-1.531029942138299
-4.756467048562148
-7.701767584499493
-9.879725874500176
-10.893296781348345
-10.497702584247202
-8.644003109466425
-5.495741591174424
-1.413308388570197
3.092637848255108
7.431749305944683
11.018115983757422
13.355462472944827
14.110484585638549
13.16248770770909
10.62111358097174
6.810295499099477
2.222541496137954
-2.5495083429462073
-6.8957650470200464
-10.274008489170877
-12.283802675391607
-12.717572432147191
-11.58290160463299
-9.09390499358261
-5.633393730236118
-1.6931922307784775
2.1970874381386754
5.543466443664801
7.9540642650353774
9.188305426094184
9.180184878496517
8.032575276402861
5.986482902012299
3.3738270306407956
0.5635385835720067
-2.090040062442215
-4.289434385499996
-5.823018292427965
-6.57958666472707
-6.549302735485252
-5.812993775025501
-4.521956004635221
-2.8705097265673385
-1.06536719213222
0.702139999027798
2.275886654782912
3.5448976370863576
4.444131889353277
4.94843023269052
5.062987547356096
4.813821262067351
4.240436523793301
3.3910767695579693
2.3202114396111195
1.0883249285702745
-0.23607214168199375
-1.5736383136791794
-2.833145497249801
-3.9143612421943716
-4.715630350786617
-5.145425837433902
-5.136309989819921
-4.6594822370697395
-3.7372442853723866
-2.449280594952002
-0.9290362709157136
0.6505354242075145
2.099685053973759
3.2395145573354327
3.9300259308210257
4.093243953543338
3.726678259405958
2.9046171376203387
1.7675537936135535
0.5018709064924661
-0.6873281659168714
-1.6065380881824258
-2.1032691644933617
-2.090949020162245
-1.5652852381682019
-0.60784458827836
0.6245999136049188
1.9226321052309816
3.0551473664664472
3.8049594960322275
4.003853710498451
3.561094475243729
2.4808089970472262
0.8655912228799245
-1.0949110807133011
-3.1495356569884208
-5.0212723146917275
-6.446841828577839
-7.213957697719031
-7.191428209296745
-6.348730484276398
-4.762740211982482
-2.6100271534536295
-0.1443425915366167
2.338285506694972
4.540971451875553
6.206696299911973
7.152517301264694
7.293116307228943
6.650453664017397
5.347737391594249
3.5885232975183983
1.6248918049319054
-0.2793100448316893
-1.8848165973261906
-3.009140691617785
-3.5505669448129895
-3.4996873673085704
-2.937001828290563
-2.0179575504777376
-0.9471765192856187
0.05551689291554891
0.7919757529285589
1.118760402423769
0.9703985799725777
0.3688666860250389
-0.5818410908060941
-1.7141093951604554
-2.82456660988699
-3.7072886882977643
-4.186961140011825
-4.145958251802666
-3.5411264672073894
-2.4090942169394682
-0.8605896172566314
0.9352381382169067
2.7743361983241677
4.445358453764382
5.756924318782878
6.560625222706459
6.767353830863225
6.355821176156082
5.372407228676161
3.9221357061788047
2.1524334253824655
0.23291244274279266
-1.6649111921750226
