Beta
-0.053834964539766335
-0.2467279332593441
-0.24261416221942383
0.6368001470571802
1.703085271878471
0.7542602213335913
-2.270826380401195
-3.9319986078245104
-1.5777260120516918
3.3438144710890176
6.193540933437987
2.6529882571863483
-4.99834599581838
-7.2403643346215
-0.11739531776488824
6.706164608845596
3.9108958633755524
-3.2015849844690067
-4.106858431354024
0.683010885311399
2.068906189121946
-2.4490227196327203
-4.475231876774347
1.8477090270678387
9.151670997029271
6.973930497383617
-2.9294310432328348
-9.840994968234718
-7.9686489578471065
-0.5994677191781435
5.461348438010959
5.91369360005814
2.1430017945337987
-0.8125643319246056
-0.46453079983844353
0.5547888693647315
-1.130655346759138
-4.353352298329562
-4.026663839769723
1.7470150960007915
6.855118826750817
4.369822030982287
-2.7955780511104944
-5.9484495240287325
-3.2807579745762117
0.5201145246307524
3.5422378698522605
5.598966686367768
3.1637671928011546
-4.15111079861517
-7.856540351343023
-2.061480322556563
5.451710818055928
4.804991058079085
-0.4109045998138194
-1.5030469286675492
-0.36731346034031176
-2.8935178800276122
-4.949402741799719
0.29711425978759626
7.6511641474096965
6.541248888277934
-1.9358130221029304
-6.914653710885453
-3.727447818115008
2.2209683100854645
4.428676422686139
0.8952411767019767
-4.6075894815394465
-4.282411841486274
3.2888425984710614
7.540385328157116
1.167936375545586
-6.57983391181412
-4.3333816460181795
3.1349806278008874
4.174715527679399
-0.7997051383283189
-2.5204531999455613
0.706500638311679
2.044931618428107
-0.7911759650383028
-2.6059017044701904
-0.9455940745378923
0.3149846493867447
-0.6186384086642562
0.5635936416988424
5.738836178671359
7.671005258351951
-0.5773977083874431
-12.400597686471935
-13.654632348768462
-1.5514433908579923
11.872722912812598
14.791671361599024
6.379425378758831
-5.515126802206581
-11.34166600422887
-7.055908509887228
1.6182369105831371
5.002749824718386
1.160341821417205
-2.723665134195196
-1.3239588562360107
2.8801865753037292
5.390064399809043
4.337826491217085
-0.44058518026509413
-6.1432337247993996
-7.163070134675682
-2.5474925515874207
1.6554401369255247
2.3114772352935664
3.4134701339687514
5.85285609430801
3.6835773401747227
-3.7039134078739657
-7.300785011044178
-2.9339809971452993
1.6195559659379128
0.5556677828754368
-0.736914689160862
2.550490772142217
5.000879821405813
1.2421270625296585
-3.676050081767469
-2.8156392241875143
1.0798726807337626
0.9606223642853903
-2.6856045225494336
-3.1281085550376604
1.5787392657692676
5.212109235666309
2.4022761250625875
-3.235310391515574
-4.071967905141907
0.7145564136713833
4.3434799413444924
2.0278880943419444
-2.6657494858902813
-3.1129431327590495
0.3066956318591312
1.0921010523148071
-1.4487374748098114
-0.9513040702949276
2.87181001859792
2.8929343135079435
-1.3848339910130536
-2.69315847463471
0.19742951415750648
1.2045183635777927
-0.821815391632376
-0.8969086039915589
1.5154473402647852
1.6865528865939021
-0.8106905253878299
-1.5772079509464492
0.04401744593070504
0.49571743262002876
-1.0917671320646776
-1.8773997872159414
0.32337605081204973
4.172498122632317
5.069266344596309
-0.06898568276359864
-7.301838759959856
-8.644159448784738
-1.4200777233181705
8.03483775736489
10.67225068746364
4.260663303838496
-4.4632195938391055
-8.212554986394627
-6.6813843482911714
-3.031741335390649
2.131880099792286
7.862393703211226
8.481119702347392
0.4584113310042903
-8.27537089288787
-6.2564284553841745
3.8819056957995612
7.527163893528214
-0.13436760698706438
-7.293174028225865
-4.585148663270163
1.514576633238356
1.7106629833307991
-0.12094746199644571
4.413515316617812
10.059263005087445
3.867588948893751
-11.595162644913163
-17.203913395365884
-3.8910963275028068
12.91230979884922
13.526831142928067
0.2030414135751368
-7.885355354368569
-2.6543366003819275
3.6798030903976984
0.5151449929743648
-4.895811205590387
-2.2750924212081345
3.4837371096490783
2.0258665342082174
-3.379407599626005
-1.4456549652525874
6.380034084513142
6.529006618859422
-4.010789677458189
-10.798560884632982
-3.5849218780554453
7.990183635434549
8.70840924800775
-1.2919328924181221
-8.453276272294973
-4.5000960772423815
3.8345915104320962
5.3101728911084
-0.1010497759010657
-2.833108921262583
0.6856696562684222
3.7676202578197495
0.9914228525439086
-4.540685971484725
-5.936816638036687
-0.6384559493636004
5.522912695756047
4.4157204444919165
-2.347831426725662
-4.436066701689431
1.4901668393954852
6.5940286968351085
3.469824503722098
-4.1609960333741185
-8.239834094991902
-5.7666567320685465
0.637060750733293
6.497423734610996
8.336736188400142
5.15738037068745
-1.777618309892815
-8.799220553512635
-9.532172451747963
-1.0642067863174438
8.48497661530689
7.83812815604522
-1.0704707138427445
-5.50931247589906
-1.0541657507853492
3.3635193565414663
0.8744149643891206
-3.6307211146976304
-3.112492931150492
0.7309284507505436
2.4291340106479513
2.4115467793442766
3.516196836997052
2.4247980264333497
-4.732301050563584
-10.691576527543761
-4.406712323751554
9.197573081066011
12.185366897094982
0.3661546151876751
-9.168433437353897
-4.263606630980869
4.670278798632969
3.2108633503643618
-4.977096571891834
-6.554890853408502
1.0005888628059716
8.228655573596999
7.12511452961126
-0.9282004761338838
-7.447415810623988
-5.720125515525317
1.056058792868079
3.9780494487066003
1.0881310096297008
-1.2011735514612367
0.5606259958749079
2.6056442344182456
1.759646527391429
-0.6105516813261957
-3.2771907488004164
-5.900833604465291
-4.860943980186394
2.8699007520261444
11.349935816627653
10.153220528901747
-1.5915790174736626
-12.389526950361109
-11.329730146199296
-0.5175914614659879
7.957602928043332
6.994546067004874
1.691242288033082
-0.46367393244199523
0.24844106344130854
-0.40309561918738734
-3.0822401267264783
-5.245525671398213
-4.607925822645365
-0.4935893329447973
5.207326416267763
8.411684947379351
6.2667406691563885
-0.10935708118290575
-6.597972830596377
-8.83004491013953
-5.094122907302701
1.7489707717655643
6.4838411907812485
6.4173901917191465
2.4635593284372224
-2.915346197082379
-5.839722211334417
-2.777579705867069
3.589958565160597
4.841842308353731
-2.0547702319884906
-8.45771442010194
-4.37884054340398
7.369949037151562
13.323786713828907
5.998098831987824
-7.138982108742831
-13.393929605225827
-8.615299356589954
1.4825182677159
9.11518031618525
9.65264107112115
2.564138617003303
-7.153249526560398
-9.7188248766285
-0.10647273695879647
11.809140261902483
9.648770698356543
-6.529657943829139
-16.265233315771688
-6.157549911897548
10.054616641837892
11.65259585443707
0.21178985563145838
-6.911372462771169
-3.1632313106471726
2.746438164384116
3.056767505242666
-0.5725925750749525
-2.824596860736474
-1.9852735592926865
-0.06927372632977565
1.6833048384402063
3.3989295906940846
2.831291763357961
-2.426529406640109
-7.4030674755102055
-3.441989692435048
6.72161786953404
8.925370643363486
-0.9179237558640825
-8.704054347671809
-4.17951634611727
3.715729198866209
3.675406719213671
-0.3595095952362944
0.47550545458986504
3.7026823616503637
0.8927392619807254
-6.966519226826134
-9.188744983778225
-0.3188148018108242
10.503159017444927
9.935885379603567
-1.1189735869313986
-8.077262527171614
-3.901248032579677
2.133914712166886
1.4815508771719665
-1.706989170024006
-1.5350839658403737
-0.01751298718649017
0.28110084475565517
2.0822304219268277
5.6940701983808015
4.716687970369304
-3.3882306119683077
-10.179482199750852
-7.400264360583446
1.6784865259996313
8.340385304014355
8.484005155129628
2.7267568992028903
-5.4573884784293805
-9.404977770557503
-4.648339826753722
4.0756494953228986
7.619680425047134
4.185447031178819
-0.3725590979034808
-2.9641128812972637
-5.372604103835503
-6.163078147868276
-0.5951812526289917
8.7458070282405
10.490824690786962
-0.137839944635667
-11.069073513124632
-8.042743761698109
4.174758287340421
8.04675773377824
-0.038864574726963454
-5.22606951893146
0.3698238837030791
5.222575767974404
-0.20551850276274516
-6.408433857473118
-2.0020743915566994
6.048081642584349
4.38093196584842
-4.468068150538188
-6.413084409329928
2.0958098366360334
8.481177795976672
2.328527659275611
-8.570203774049363
-8.288523218594138
3.6576384055976203
10.642545696636269
3.613439176506272
-5.773034611404233
-4.54670634127706
1.3301801365144683
-0.736303825914502
-6.450635242732593
-1.4963464503938524
11.444633898564424
12.97471030751091
-2.6031454682292865
-15.98679694349062
-10.026242359104023
6.310932071284891
11.774815550554857
1.6923433744033967
-8.326892804061776
-4.935444654555544
6.056530820927206
8.802608016949705
-0.727017619318707
-9.201706938212608
-5.007412355616539
4.765669882962712
5.493044462310025
-2.4175688641615998
-5.3134927112172745
1.443318702297751
6.9632306557014605
2.388080197694708
-5.931574555767115
-5.765191929134312
3.31418470924816
8.095574322042143
0.07451587772354057
-10.424388669711153
-7.532559009081756
6.159344532189204
12.172002820996411
3.274302885323721
-6.977616921031406
-6.237787051458588
0.33648225535325516
2.899477481661479
1.5975873945927168
0.3138163534417521
-1.6259544610458123
-3.9425540271761093
-1.983570263346738
4.537738508784102
7.538013565772092
1.757252282243132
-6.258878830980461
-6.939358763990454
-0.5098397022765063
5.047612379626695
4.5442197988859245
-0.5062647397825993
-4.6756171896169745
-3.1384134740760015
2.8762009482336204
5.580321691572436
0.2416979379680849
-6.500103314389215
-4.439779614605342
4.94044356720065
8.744639580210945
0.4477240283231664
-9.377983352676356
-6.704473764657662
5.082058122648415
8.889036584682255
-0.2962183523657215
-7.519439486745882
-2.1260597392117844
5.41262482262083
2.35437975995311
-4.577272899061203
-2.1003216065831105
5.678986244604109
4.751279834750091
-4.249551388276543
-7.640622599538466
-1.310235156407151
4.598383868080448
3.056781140271956
-0.7293212044502364
-0.06252941702413596
2.8694252606996113
2.14478687698806
-2.6467674808127377
-6.4778712263098335
-4.548678524927141
2.3636304547554574
6.712720697336585
3.128192101156565
-2.4189369881787104
-1.3342741478844982
3.113968821897353
1.6751198336979962
-4.487309363101252
-5.882864622564603
-0.755737287326091
3.0148160605623193
1.6938039731882784
0.42526860435378633
2.964533469993854
5.3849448754104365
2.107983329504844
-5.972716492963499
-10.714928320749983
-5.431343388783737
5.179914870817887
9.413754918019897
4.2000008253967405
-1.9090605222149752
-2.653166431514334
-1.0856496508816635
-0.8202939252411159
-0.16532409062649786
1.4996066819064036
0.02181536453487695
-5.162381814413831
-5.832314342867401
3.3396878094371845
12.77412427107058
8.748994565242425
-5.912620276881797
-13.741932128694138
-6.082005842561919
5.863836865066537
7.269769102610107
-0.7784379981052648
-4.961794588522848
0.37683717346472234
6.09307956989962
3.295710847112161
-3.2436073067855613
-3.965894134491174
0.005927478777506875
0.5330873302795174
-2.8975574327714115
-3.2774637990488196
1.5189899111485976
6.03808623282288
5.851260443742316
1.6187815491283204
-4.1454241633224465
-7.992304258579898
-5.364670511294501
3.097109988638026
8.006222471364136
2.752707551625254
-5.11863707006746
-3.885259000370283
4.387561950461528
6.533797305913099
-1.6403538663470274
-8.684611962431248
-4.685070245082696
4.340037211343657
6.358197442613883
0.703857211951785
-2.8678191570187144
0.18396631039832873
2.681523552302037
-1.7065897738690494
-6.395382255067983
-2.067045054528345
6.249930583592025
6.071206343940568
-1.6195876186849885
-3.999884874108328
1.3158133614078817
2.4175855601923293
-4.8125631285509645
-8.007144507675276
0.5683019463085779
10.004437877829169
7.660392937370258
-2.1443174770783955
-6.175089890986917
-1.6625280713191004
1.8080156347856844
-1.8545625657977496
-5.911567182094415
-1.2232808865255784
8.59568914132552
9.95072032541111
-0.981542409155057
-10.39046566929529
-6.8038748325190035
2.036561045703477
4.38316358385406
2.7704761288271698
3.21835035641311
1.6570950277044958
-4.81663374842348
-7.4879853034887764
-0.2078027192203246
7.449821114179246
4.278790850507976
-4.204428496773743
-5.120194711764269
1.2421042163846105
4.332820145703035
1.1356042605120866
-2.130932499810983
-2.0496223529731252
-0.571299611296227
1.3460314769328185
3.1132167238027986
1.1709630919063994
-4.3171923687488905
-5.164685749816662
1.9213326963743804
6.594171174266801
1.110698678447692
-5.151590996169909
-1.1010909420806805
6.408410555256834
3.432017889999744
-7.56630211262841
-10.412787827372325
0.24846898502784662
10.78558154476682
8.540187301930121
-1.1433990934288354
-5.644138782365964
-3.6800887152373725
-2.026985282947477
-1.2916033882904834
1.8559326246860597
4.335136056825225
1.3341381830913042
-3.3462364690082733
-2.3497503012343652
3.0873206423278816
4.694692771017582
-0.20559610106043974
-4.782616826066168
-3.2044885946034016
0.8346852940345586
0.8230590293627973
-1.7026962098418692
-0.2160728364093873
4.919681044323176
6.050720608214136
0.24999745758034103
-5.905980978485616
-5.664196083315253
-0.8726506635666823
1.3619643574820286
-0.8261202073877348
-0.6717756942533704
5.906873780039349
9.95455324529061
1.476052254166552
-11.4807375835397
-11.505745406405053
1.5817049263472958
9.863571174417393
3.9830723957299843
-5.164909182085436
-4.699002940874069
3.094173295645106
7.180618502239592
2.8397878183695973
-4.874956721880704
-7.877766488883279
-2.7300580149285927
5.108038223899591
5.997566699257466
-1.254701211369773
-6.204425582843389
-1.20660636005911
7.171086584541178
7.259432506884418
-2.0999433437428427
-10.358853586640787
-7.814667784591505
3.050287423565585
9.7752915192985
4.806294471723954
-4.406096021203849
-5.1992385727279435
2.4773864267610284
5.949474563387066
-1.2757591424158823
-9.103243580111217
-5.283073461572941
6.073472797976033
9.930966443666415
1.8357644834892086
-6.7783640943062
-5.849008365028462
0.9854117052671274
4.5361578713789115
2.168931269662653
-1.6511705219353192
-1.920841967665426
0.8148468785154327
0.7950415840382343
-3.006479619807122
-2.756747042335696
4.041171072913281
6.860835310598757
-0.23119561974918182
-7.179357818001047
-4.65946061702483
2.331959784193929
5.013487677804166
2.34743376411955
-1.8334767550627897
-3.976641959367359
-1.7877017604001497
3.3973007897098038
5.252966059634972
-0.2309994494558701
-6.454133859521396
-3.818629732205632
4.350512285230997
5.512156418441822
-1.582889831664579
-5.009774874942951
-0.47471078698525543
2.6919326629794997
0.2787424020950285
0.22079346905934566
4.556678692246214
2.683889045736799
-7.851223929356832
-11.837582586564022
-0.1907929097777781
13.063130167667591
11.32227142763176
-1.0725450016812805
-8.613722649919946
-6.428351690410778
-1.4547627288212475
0.7583429535116788
1.828591256284267
4.029555755599603
3.9602403352912345
-1.1153991676501795
-4.889470420017569
-1.428493856582144
2.4904344435598547
-0.5988999102327971
-3.2511105482318245
2.746513494625914
7.90318337347883
0.6790248057383392
-9.631261720885679
-6.917005446682348
4.209569817279147
6.680366117623091
-0.0767042023763728
-1.813489641830501
3.5206575848640482
3.1947542883110716
-5.262923359611997
-8.399908729478357
-0.5755894941598795
6.690828522453434
4.860437166765461
-0.3693334058577402
-2.536583696876652
-2.420310510268773
-0.7463882515724496
2.427209117224426
2.801426289283762
-1.6691098464822862
-4.674311037737748
-1.3465586573002681
3.426018925327976
3.5971561495415356
0.711528407795049
-1.0994166440576032
-1.5583900421821273
-1.9411434798445881
-1.6816360738792915
0.02434533320974311
2.1982816649356267
3.170613965338079
2.0455169856073248
-1.1349304087548548
-4.416495012550453
-3.7957393683090404
1.6557228625115674
5.532825702800713
1.6203432811554286
-5.085346734290933
-3.8020998737383933
4.846660882771768
7.615989085103763
-1.3822684970196282
-10.017869955794882
-5.504615235945455
6.0426944013171004
8.667722603537044
0.21514687505401175
-5.998230270965668
-2.3508270663460813
3.222075216275876
1.8935717686709774
-2.8117940502756817
-2.754937312396954
1.8996962804626913
4.413135893649959
1.6245757623276806
-2.979883288852902
-4.481581006479747
-1.7259256068226234
2.1655278352366936
3.251340441629424
0.9856340732280853
-1.0509309364429418
0.22701335720062724
2.420139593280032
0.37928305273633345
-5.178359166865146
-6.666339732704024
-0.3326111628466818
7.436541772211285
8.71796466416687
3.3720147910606246
-3.8271476420182924
-8.800685954234785
-8.227518843976728
-1.3569895137796557
6.360275278238456
8.124390207361865
4.124282429754716
-0.7949115963755163
-4.514772179972797
-6.176742792049939
-2.7482328365047586
4.969976464682278
8.359299806341316
1.4717192741046952
-8.679874091543338
-9.8905608708237
-0.22978658937880644
10.058497053609932
10.703020492211355
1.61408947915592
-8.093439998288284
-9.352249428818109
-2.3877290615731743
4.0173782511018645
4.170328839569748
1.8012572031939846
1.228737304035011
0.3860514981268404
-1.9973853625753453
-2.3474218180486788
-0.2192480145101171
0.34548718754711294
-0.7669078086159073
-0.394708055159851
0.9236077083729402
1.4071282238310676
1.9396204983827459
1.855517386129185
-1.230062451869265
-4.941517055127218
-4.05481545822811
1.0355894537082957
5.004226055973828
4.987392063860307
1.7264971002738947
-3.247558107098582
-6.5266194547131615
-3.790278938964523
2.8458909187789967
5.040773452165419
0.9810914779364902
-1.3797981796384702
1.2867462046922307
2.2141349129446195
-1.5419699763015997
-3.331214766098639
-0.6758092829482739
-0.9520671417676786
-5.902596505921287
-4.201549938363686
9.264290711786249
18.98508981074024
8.951289541024474
-11.925611124940763
-20.928201045262373
-11.755043330345833
1.9428209098696287
8.748022876165852
9.915367242159123
9.065699426665246
5.464820620821331
-0.8664395896370304
-7.325279863797194
-11.721379950561326
-10.51923392194086
-0.5075798725515751
11.278907768310395
11.270686918269352
0.27016880391785825
-5.108926117905284
0.686674595132095
3.1960044382081696
-4.929213047266759
-9.309093159428235
0.4515208784811046
10.532328801317796
5.13472607090576
-7.0399751228769345
-6.913563800738893
4.614378255847404
8.6426603278037
-2.1811327951842525
-12.106141967370545
-5.609942028584645
9.52795338584416
13.724432352726462
2.905601243731682
-8.718251718749508
-9.270916352369488
-1.5829332017456714
3.6658645602196294
1.2357682222551984
-3.0040129557112327
-0.6970586836131584
6.050078972791128
7.155351265428459
0.07590086469415025
-6.209596219334191
-4.858162524284887
-0.2622700906568664
0.6622096983569771
-0.895183032145804
0.10595193044550273
3.1335151715864127
3.758759397936311
0.9051708730282193
-2.518860421602526
-3.1716308200080006
-0.41674123797381857
1.5841839259751604
-1.078367195351881
-3.555928067663926
1.225706558321545
7.261951436737066
2.909409916190118
-6.300279006762532
-4.326493279343953
5.127741942267374
2.8896960468360713
-8.74694300464107
-6.900630145062987
9.169030958965243
13.513428213440404
-1.1053820974820034
-11.041952639482512
-3.7279908686103833
3.661449775274827
-1.491292263647126
-5.4673078368527515
3.793698425518285
12.12133010572351
3.228151055542727
-11.117533469829446
-9.11853441426761
5.248048771684265
9.456565962155553
-1.0190555622693094
-7.6275654305353555
-0.6960710628017256
5.817620142949095
-0.15383158349697415
-7.545585347344297
-1.7462328513671426
9.126533236163779
7.510995945771484
-3.6286981076346976
-6.626616212178441
0.16845594123722796
1.6278748887878132
-5.115195265898873
-5.58769419891908
4.733149711805916
10.94375381163131
3.448752292942529
-6.614454220479701
-5.814040208184553
1.986303016031318
4.442750834532551
-1.0887764220124314
-6.781010193465653
-4.9809371775400555
4.309529180691333
11.706602224002301
6.582982642271367
-7.71695233730912
-13.72254715254118
-2.50200890587525
11.416035558199843
8.915765084647022
-5.606299327385605
-10.535484326154366
-0.06888948964877901
8.419513683412635
3.7269465044189074
-3.491216886179997
-2.3103028685681366
1.2275350287836135
-0.9392776198610937
-3.6817544474682764
-0.0951291012876251
4.682672023217688
2.7322185665240433
-2.368106476198509
-2.1025956027164163
2.0176806170737356
2.0766229542248946
-1.9446918665774557
-3.6941827927121924
-2.097608003217106
-0.2333211881892016
2.2792662011365135
6.021804861142503
6.218905848053488
-1.0745665062144407
-10.133919639212785
-10.020628950634
1.0218244960952543
10.97504561100232
8.454215790355326
-2.0374333510114573
-6.742407116545032
-2.4642057000601936
0.9568972433904454
-1.2687740153752027
-1.853892564849053
3.1675846735481032
6.0976666256343535
1.305368811776275
-4.798317226614245
-4.428708758336892
0.0807711325562539
1.907879454138593
0.470196123044258
0.026794423490176304
1.4727210845192158
1.8870463232916386
0.29534169597723026
-1.414059670330004
-2.358465398710571
-3.063619908024781
-2.158228128627403
2.4470951319079033
7.396826708864565
5.220259336742231
-3.8351997525253694
-8.748698070624577
-3.0839115846703677
4.688197199332902
4.269555610409003
-1.4610410692340006
-3.456731749811646
-0.3647451951811939
3.1298937870641654
4.184169773933986
1.89364516270336
-3.0299534047720957
-6.012833898107227
-3.2498214390227997
1.9401003515430773
3.510795987383186
0.8817585754801723
-1.549017949075147
-0.21295701709789797
4.026899309580029
5.987737010432184
1.1756819974697215
-7.4499832692929395
-11.020511562069665
-5.314518898821128
3.9977076993999767
8.926164666699837
7.9285186087036355
4.445360930252652
0.5093823655793924
-4.458631542013651
-9.79299818224006
-11.24183694922529
-4.376757400985473
8.326998445376704
16.24003945760784
11.199807009512323
-2.0694848947697913
-11.734831273783366
-12.202160328368128
-5.440001779735036
4.609981671233686
11.082674654543183
7.125438213455139
-2.908420278913543
-7.098404424174901
-3.655418128794137
-0.10428233829880897
2.3504649264293556
6.197725883604099
6.005128334449815
-2.754484531764925
-10.795808287525935
-6.976206583866076
3.5694317456024334
7.166816145161871
2.1719607829377323
-1.0140383247206401
2.174178593539233
4.187157251913955
-1.3815689715295787
-8.765009393549132
-8.061634688201927
0.6524742824342934
8.712927633936316
9.742881022534416
2.6893638501743435
-7.92923070344643
-11.216930864246825
-1.4790882578792681
9.884632625629978
8.055732954611896
-3.6513341666379002
-9.227700941030458
-2.674131082347397
5.7557427177095155
5.443926877610901
-0.638732206355776
-2.8753153309528616
-0.3396555822875185
0.3778525748381386
-1.7579271031534809
-1.8103979154466128
0.6378193244237965
1.591971737016819
0.9791510237101884
1.3450764119198948
1.6365099801872798
-0.04136333391486553
-2.0056854260738706
-2.4684239562446497
-2.2564234105653913
-1.4930228580381497
1.2586512601373667
4.959288751980634
5.355614140469114
0.431821527354081
-5.735082826941389
-6.953872969949446
-1.6941950668922332
5.173340622521313
6.6366852293078304
0.9712734050572936
-4.823012326579623
-3.442633303484944
1.9793722229124318
2.8560411491930635
-1.3799448430106835
-3.573846146396808
-0.5506899882414522
3.4450332601476408
3.922293197917578
1.0296170434118828
-2.5614306444322295
-4.675867384211533
-3.725959933203592
0.7444992681960729
5.579197153586179
5.635338461650048
0.47449483669305753
-4.469675771101452
-5.044112788309917
-2.0150640311967445
2.040735548642907
4.084933077108046
1.778781713579452
-1.6502443514430445
-0.26304023807143556
2.8357566307207427
-1.334178473227201
-8.592286822927614
-4.114341260818699
9.880868435056192
12.149929429128607
-2.800956904949725
-12.959126038311853
-3.829264286665267
8.382865197928236
4.133207613482446
-7.752530067414663
-5.615983506156258
8.683215147638123
12.149552862215918
-2.2419302250358353
-13.909077952525553
-6.486018807092723
7.89594124785656
8.298909519757506
-3.667948155631807
-8.320698937157673
1.1100405708534724
9.701496352144614
5.235850139405926
-4.780655628240729
-7.311641460234569
-2.711394716634325
0.2653078664133858
0.6195441481929645
3.6878895859027923
6.855656057341955
1.914450065772861
-7.72497043879678
-8.272414493767544
2.6031936247928305
9.910541059185313
3.13455253648294
-7.864128652310912
-7.55412363234235
2.404779516202112
6.943538786852867
1.262523022003082
-3.2325438101013844
0.8040769902599236
4.5205422355046885
-0.6037581490384637
-6.68147474482502
-3.3603258049733906
3.1513202748539237
1.8237233833233901
-2.644460456084931
0.4111415972965067
6.655270360198553
4.529024882147093
-3.6512782326116735
-6.447393126959267
-2.7621315665316692
0.1671060465042211
1.3753857141175343
3.3517149222277287
3.109285528384504
-0.8484446461086357
-2.878616348809057
-0.5744533517181017
0.7388211666552732
-1.015054830252028
-0.7951098985037044
2.9770555560342684
3.930276910945819
-1.7352698811377079
-7.354532912077522
-4.708887195085408
3.5578274337663927
7.807155252601214
4.895401977142803
-0.05576474081017262
-3.511738879565151
-6.271070246582086
-6.453470106593406
-0.11483344848390928
8.382954098424552
8.083290537831703
-1.3264127529512053
-6.5903152996327865
-1.8421381029307065
2.27511353997182
-1.1401034499979708
-3.133309048506889
2.2882186966119584
5.745714062735625
0.6862932142878043
-4.289255391261382
-2.11654506225854
1.007348156986244
-0.2968909455157634
-0.782457296487512
2.700198692798315
3.232328054698457
-2.4249650835941305
-5.606952195823782
-0.6962140174066799
4.810149629509927
3.6333434303014354
-0.5808791488480732
-1.8779878540333645
-0.5613425337868384
-0.1685349780878729
-2.2343786560917422
-4.081957378631416
-1.0970943020098982
5.967457341166944
9.071825949861386
3.0748218038579793
-6.111305721199408
-8.932670139983829
-4.452872157706439
0.48340666261444043
2.196480360403994
3.770498408885201
7.119963728739824
7.354263752168536
-0.4372032799285408
-11.070189330010882
-12.758657460359471
-2.5075119452348624
8.710746752628165
9.670283808510305
2.1660502033754265
-3.1468844877263913
-1.0357509257525122
2.1241032911520086
-1.489646257806299
-7.7698591068620235
-5.649527275797321
4.6618749321645785
10.08748088587356
4.148719775888085
-4.047973941023147
-5.009761320373129
-1.7472426593993835
-0.7184248779009464
-0.05251091236737893
3.6476790413922524
5.117222337979894
-1.1602840214634926
-8.382988317609287
-5.3782992394998335
6.084101486231201
11.82333398933194
3.399220106379689
-9.862280581409278
-11.501828820532689
-0.04674424125735656
8.529507211995933
4.552260119849243
-2.112187728777816
-0.6421385821250123
3.472987932911206
0.819910693016879
-5.143491314059294
-5.520344542051732
-0.7332768198108033
2.593866428209775
3.063304467340969
4.0316455432705
4.857302202906602
0.43943454977082674
-8.424985982054526
-11.02065521149733
-1.2559873211730197
9.773698566325725
8.705858219360053
0.39507240615114647
-2.4688046534323984
-1.1045349360079553
-3.9949987327529035
-7.612542779667121
-2.1207044524267333
9.20047765463569
11.986421717928874
1.4439951185502282
-10.46695479652017
-10.9437827624698
-1.6235542268146752
6.238537534618167
6.671968489163665
3.4673482307188994
1.553445587778765
-0.12774204899454986
-4.382651608816864
-8.24115142164755
-5.504155115912122
3.386492768920555
9.570073617430452
6.27673917063756
-2.150772942701282
-5.7051233700111945
-2.2866225769161956
0.5536042170151975
-0.7966661425750319
-0.4182558982437565
4.110202907593984
4.917098693147282
-2.258891473872811
-8.490797705369113
-4.546739246263533
4.864859654214748
8.154544637278404
3.2978747624719857
-1.897822186722567
-3.735402515079983
-5.338616798235184
-5.514097562902917
1.1268867108497538
10.568635638800863
9.913801734454916
-3.3476059215098113
-13.647092272153404
-7.160826347527915
7.491715963965968
10.283484730149304
-1.0470131997532781
-8.359422575490337
-1.495253976361791
7.56655070659205
5.139982937811127
-4.252118645832754
-7.642692611015029
-2.921811555631203
1.9799919499908327
2.9865081864681717
3.140259564103526
4.447605389589561
3.598713123906332
-2.836986568445113
-10.591817908704678
-9.336986778951307
3.03235471829716
13.32163521005215
9.279156113756716
-3.2607789087684713
-9.547527579857192
-5.591599694975628
0.927972864902743
3.670966466902866
3.0276910466009612
1.4639303966990593
-0.2596405495763075
-2.0619655740634557
-2.6157564013895684
-0.3517379895153431
3.048017951959768
2.8108079589279007
-1.8013268266286977
-4.177554170113222
-0.27942118350629264
3.38774335513773
0.6026789068763111
-2.549387060257032
1.4472820256828307
5.753533484102063
-0.11907461376556164
-9.531689927548147
-7.194735282148194
5.0254620679151945
10.500575038871059
4.077705453961777
-3.2069386077309168
-4.107279332949178
-2.598412405213516
-2.333012405456948
-1.5380435678284832
0.8977400157758911
3.4173507118599313
4.66295781537295
3.216375832054869
-1.6325425817910508
-5.810237878173991
-4.025246998959045
0.8174624078607771
1.3739240130419919
-0.6905189598683246
2.203181280938732
7.1450891424071035
3.255267934476893
-7.69024711831168
-10.35399907331029
-0.20954481344792986
8.30451788118332
5.205287667366844
-0.7131346430976275
-0.6191569703429511
-0.7170389846594929
-5.963242304274783
-6.75378749632507
2.970837066762146
11.072167388151383
6.185908879875978
-3.8846929059906032
-6.672020537864131
-3.5151293286367533
-1.368278268593727
0.3234936883461398
3.662202615064686
4.817073378318677
1.4017171664429486
-2.2883075726840367
-3.006613818878302
-2.4469439926648424
-1.1435209623420302
1.9429787592965562
3.7686130856992013
0.859890012787356
-2.896900896438841
-1.4079015963756765
3.069624979556936
3.160324320174964
-2.076097242970544
-6.170915256167184
-4.256433395411172
2.0757765399260255
7.298657827094043
6.331563843294549
-0.8671636202026577
-7.164017090592504
-5.101929675994643
2.4489857763711527
5.0432935720667285
-0.008827802296790449
-3.969623290693184
-1.2345111088334202
2.646570346376284
1.8154074198814225
-0.7481485612198405
-0.46807302782010773
0.6539393515035741
-0.5261990533509455
-1.5819504310705033
0.19916296844001208
2.042276761014575
0.8917587254618864
-1.400246149631583
-1.8387310711033573
-0.44490057131041266
0.808755210696356
0.5905434763474906
0.03092274892886801
1.2050251547830104
2.3639242359945305
-0.4933215596544296
-4.65656070549575
-2.2019416948413824
5.070319300833775
4.632128826404869
-5.625108413449282
-9.95938992384526
0.9724357085842054
13.055353483939566
9.368211966183702
-4.223699192368779
-9.659373762318435
-4.354971605349604
-0.7638692779249953
-2.4959698144158176
-0.019673106141137396
8.69999746821638
11.307841566977524
0.8920400871307687
-10.823610530313752
-9.354289111799416
1.629747288435947
6.407188449692414
0.5235227920351362
-4.66088054431269
-1.0268832073936627
5.121925977505966
4.694623442675694
-0.8996872715487286
-3.9266002086106946
-2.1380830660698367
0.2714300220290525
0.7887434088897369
0.7145978332193514
0.5286854119080493
-0.4870616471952053
-1.4108203861311754
-1.0567877004074555
0.3632743129173018
2.603433621058263
4.129943250646401
1.236792369508561
-5.3109110277723905
-7.175743597036816
-0.13444822194723838
6.909834217796066
4.288167854915129
-3.027350417664793
-3.5881870687801514
2.0957693740264114
3.8109573704366384
-1.0636801537440828
-4.98768734590424
-3.165753407506687
1.5716834401009065
4.880787997737477
3.8850680036288376
-1.7746631033988873
-5.940572909517296
-1.3263176203169524
6.413498739755031
3.8371401991526515
-6.605132320077266
-7.28927202329425
4.477142718212338
9.421008607390943
-1.7665367687400324
-11.059753881927492
-1.5752372112605764
13.473599273653663
9.867360009817052
-9.342781596859876
-17.67010226427684
-4.340811240757613
12.643836040838195
13.960467917237818
1.5925648089205642
-9.311597348157083
-9.16839433584546
-0.625673054067963
6.851061065772307
5.9876256182779946
-1.4563764716830436
-6.500772632487512
-3.9898276124402283
1.6365601026203855
4.600759024925598
4.798974121326232
2.9073817016132533
-2.3089179775155837
-7.808273222354392
-6.742629151271345
1.0772997782511124
7.22714469548749
6.110796422759146
1.2221958753256588
-2.2104526028929112
-3.66460861978683
-3.958973191958596
-1.9644925175036851
2.214810842572874
4.783926082811405
2.236056920041251
-2.864606252623747
-3.7783377760777785
0.6176546499498744
3.4913173167380878
1.1307134246713355
-1.771250564444151
-1.3894319396797357
0.164370944088376
0.7045863555628908
0.34027174702771096
-0.9795887249020132
-2.1430171089622996
-0.4175155058388231
3.4386699746873046
3.929729159146404
-1.031775612836032
-5.035001366734236
-2.13697219278218
3.328972523648502
3.545586307994466
-0.7535801172278148
-3.2091397398988377
-2.133291645139001
-0.37284679943202675
1.3685637045712429
4.05002815611893
4.68438597379769
-0.865345691004466
-8.014056372989904
-6.38056552450163
3.397173594924144
8.111889923126318
2.4007024026941095
-3.708621912133154
-2.8496646402854235
-0.11717850477339317
0.004110633855951118
0.5939001721335584
2.17677096678525
0.48391588299222793
-2.981265873089027
-1.5306430558534059
3.685409141912484
3.4893535843372354
-3.6466817261346223
-7.0191252928773995
-0.2181557982786626
7.842659367480629
6.193177089577563
-2.46344705772108
-7.3334599821251825
-3.9996722557629485
2.680305666256942
5.4460817366152305
1.8640811022101058
-3.249113820364557
-3.7085204248039245
0.16409466568271097
3.2915179749194325
3.191692655919297
0.621426893337915
-3.3358040585555218
-5.584511541461605
-1.918825161031651
5.0295347154112
6.25249227098012
0.15335543925213102
-3.9641723068323516
-1.4696733674213496
0.6843884924238679
-1.8080015663711912
-2.7499011068061554
1.7615301906331615
5.069292473116331
1.7714337596559777
-2.609772002341777
-1.752403044441393
0.6815410155731928
-0.6721949987452542
-2.4401348976077455
-0.16316998038123814
2.4705399309509053
1.5329808855154394
0.30198384986757343
0.948213715296833
-0.2868408464812295
-3.6764195787824105
-3.2128065358506084
2.413150258828885
6.068980258002572
2.3953818708269567
-4.920935649305591
-7.580308284739522
-1.7960653922458563
6.905437974027304
8.661378810960995
0.8658338763243605
-7.319963585456819
-6.224312287806372
0.807015214110364
3.2911656894779067
0.9371818506181601
1.400484572330941
3.091852883728889
-0.9984186376610107
-5.9298437467399046
-2.3457671197414665
4.419141277913701
3.1819385197326993
-2.668366290438822
-1.9684055283654527
3.9607735986064165
3.975906131249345
-3.619656713578566
-8.000763563439207
-2.592983115469467
5.598257998632042
7.001442043574913
1.9304737122197473
-2.8186293129159696
-3.652743819228329
-1.6703814562219734
0.5987151935829558
0.8102477036427687
-0.8507772040958953
-1.0176318785220502
1.5990958261994388
3.284380037399167
0.9074299103894605
-3.071600097035579
-3.596249121522382
0.3841905436956181
3.8513102309689216
2.377242128116778
-0.931407164235618
-0.9839802910806809
-0.11313185754408116
-2.906149866850007
-5.533019196899141
-1.120451090364577
7.257933859452919
9.451139294310744
2.522256791836262
-6.090724446823207
-8.608921002215437
-4.306083346066601
1.8622943654946051
4.651185933936416
3.398090424667504
1.3643665952363822
0.09256770592631473
-1.3812391186574586
-2.1536659443823036
-0.9108246200564402
0.12438544100368876
-0.6049056251540244
-0.4221869855580126
1.4637496011406606
1.5931952625878152
-0.24612910800522542
-0.12504031346263011
1.5191394875539472
0.11339343248634277
-3.427053106962796
-2.9222675914739478
1.938484400046862
3.796335718025035
-0.307379233735669
-3.532294170825067
-0.43174087738046524
4.179317528028446
3.4111071406596216
-1.2203033933601273
-3.725091790326037
-2.949179198797616
-1.7068045296198548
-0.016912200851489367
3.6597051428109117
5.760036619694297
1.1643715629062992
-5.879504808797216
-5.144811205287253
3.091681493315006
6.493905554457564
-0.7621164487632932
-8.114425511452065
-3.6048851622350737
7.472393887438135
8.812721256327174
-2.2329603011604666
-9.353469656796861
-2.6225986397582157
5.78830395122878
2.7865925388189767
-3.83824295839113
-1.2961080532496172
4.404905192411249
1.0593725781351748
-5.483449594740235
-2.318600320055875
5.76405247720614
4.944541565321458
-3.0541212346341955
-5.414400829538465
-0.3845517109965407
2.6699016192872875
0.6019321239228094
-1.1791548833556353
-0.3302837129378568
0.7040895111300375
1.1617909345609403
1.297141501776063
-0.03197145476310338
-1.9155608827677761
-1.647883845200988
-0.07117666795123503
0.3551946580113955
0.9647335002345112
2.4788411118007394
0.7812270238781222
-3.9005305239857506
-3.313930263304507
3.5060755639448122
5.157661632775882
-2.098655658394031
-6.099173261942978
0.16200478575218374
6.297077925305596
2.301920032897469
-5.4982076472610055
-5.2380345323232795
2.668843099499064
7.069724411376049
2.1394467326258555
-5.234246559898978
-5.676328733828814
0.13083381726198334
4.188332248420514
3.1533798730107456
0.5628636371026
-0.8936343131268817
-2.2018905486528335
-3.307339220393486
-1.2215875526058195
4.086043640506236
5.784574971968352
-0.6431832011500689
-7.586899993038077
-5.021111174280383
3.8598924575470415
7.660040270834353
3.0991033226707545
-2.8536495144928438
-4.237318507784866
-2.653850816788622
-1.744682011381419
-0.2899015430237104
3.8807097887171067
6.821244676650095
2.83740350630073
-5.935491029364877
-10.148957281469713
-3.6684793436740577
8.010683483291052
11.789067375994005
2.5286933408087746
-8.837837202934361
-8.902509411829948
0.5966211584102491
6.314315608304244
1.9271036231804453
-4.10431600672894
-1.5974408681036083
5.471849932426238
4.724620003143575
-4.012945467166316
-7.423257690245879
-0.6137679438127833
5.253525897150693
2.3206291367810175
-2.1218291575238966
-0.31393357355623897
2.9032576750378807
0.7436200447253869
-3.3197374594767974
-3.3893804977925406
-0.9838639950982793
0.5083763972029858
1.9102535144101755
3.8315543794746247
3.605586392743362
-0.18282240551619716
-4.264187851128868
-4.1790460477840305
-0.20589815642786746
2.44473759614488
0.34492273286118824
-2.9641851569572886
-1.0589822944264469
5.5023906984424995
7.511071310564554
-0.1829297211007603
-9.096350328009374
-8.0000567131793
1.0594029422701006
6.663598478073169
4.461132874411945
0.33741321348246367
-0.8993886142479158
-0.7265465808186131
-1.2399696615052103
-2.1967848136866643
-2.9362669728701563
-1.8478159943110797
2.4354193887008857
6.135259886282595
3.7488906765301193
-2.006738838334031
-3.314900635087819
-0.5644854052739186
-0.936200422311803
-4.193744253367751
-2.8311447395061893
3.7787882624537237
7.582078602523656
4.168415916632518
-2.1559423940143914
-5.02327180807973
-3.0248581825637957
-0.5662976622988101
-1.265749305431522
-1.644756008884348
2.460372872128777
6.371911215955215
3.839419634088189
-1.3237144079104304
-2.7076954761546665
-2.8410842893366723
-5.289926586370489
-4.558252745714363
3.5076076494105455
9.908352319598084
4.831522557646987
-4.576539719834098
-4.50004217246531
1.8165191467156367
0.3090242421699257
-6.584315476209204
-3.5297720166015303
7.550828275494472
8.73005412100163
-2.038588953865042
-7.856588102496874
-2.294495503081025
3.1102050243171804
1.5167106522683151
-0.25727461130307266
2.2308021367860236
2.7237354059856114
-2.8536548332123313
-6.968018151536073
-1.9457384758139233
6.339589481920551
6.126377331370179
-2.3261620234518467
-6.852846733665129
-0.9974028640546581
7.194070804049834
5.787285765559765
-5.37282240842367
-11.858210342256143
-1.887237057078551
13.772555115932022
12.207259073655537
-7.343316027436409
-18.61243293614833
-6.230547055968643
12.120033612791342
13.800752479131791
2.4746465530318065
-4.5534236520673685
-4.592795227367955
-6.03181837644739
-7.367806465844082
-0.23049188237107227
11.16007063659999
11.761735906227887
-1.2237105810239788
-11.270590751271893
-5.8770153695087926
4.705259719571463
4.474117325991602
-3.1680529865652294
-3.7277128457217232
3.2443583439619155
5.385780871758708
-0.36599431003285116
-3.8985123522079337
-0.21569517260715598
2.7971117095579237
-1.7781759414960485
-8.021361542820566
-4.257135928596612
9.622743149855763
16.86824749716002
4.107559383119577
-16.314889315009044
-19.395530744540174
-1.685402580533022
14.472131438106464
12.266811655711289
0.8580757755589471
-2.45431024581035
0.6488552521822012
-3.960213897224034
-13.46894413514555
-8.858851007662174
10.239613448435408
18.249438495287013
3.886435747276142
-10.035085129488857
-4.936714976224668
4.295791523548866
-0.8006679690576997
-10.583234539925774
-5.893188114997068
10.712462349242927
17.779381433772997
3.8192116476149947
-15.239206782744095
-15.79847891507282
0.5687179805921443
11.258634696345515
6.466206304247232
-1.4468277525681144
-1.4428712713222411
1.3367876619936676
-1.4568095114729187
-5.721737714396559
-2.555429805956367
4.687760967352593
4.892176604414489
-1.9123739405129532
-4.609743568680244
1.0294776896354287
7.035754551197894
5.1069770197040505
-4.764997708944949
-13.80911486967327
-9.244865420871532
9.365606748464474
19.832792729451306
4.598532747661816
-16.519858416651566
-11.701469091587603
11.276086462773618
15.898532267288289
-5.499470139201037
-21.656053420226915
-9.929292723390759
14.305643687008414
21.41882507966756
5.411123896971929
-12.093945180216757
-12.721225382228635
-2.546594072220823
3.317024820268651
2.2816510283643945
0.6516521489437495
1.2947547597115676
3.2153194298675953
4.591321299364893
2.542896584463806
-4.209061323900462
-11.07463321479147
-9.597124904673716
2.828670484320776
15.414985729114157
13.155449768183772
-3.201002323042007
-15.48747892944769
-10.923827214662204
3.1943842873897563
11.663434455580122
8.987461842913975
0.5692526255072541
-6.940355202291747
-10.34992259589
-7.085198426598905
3.660811025064886
13.68119747647954
10.318027088995072
-4.814713400842159
-13.602007262791494
-5.937139766625256
6.445403858913141
8.429079877088071
0.7765301455112906
-6.287097559459844
-6.660937975195276
0.5337077068094562
11.37006041792303
13.553148686358647
-2.815088900987934
-24.316546727923033
-21.832500394380812
9.643895022537189
35.27871345484215
21.2536256812807
-17.966765367242036
-34.40803168028759
-9.715321147772048
21.213660423629022
21.174345332896824
-1.3858682896937449
-14.574588880850559
-8.951026889578646
1.2748910449053505
5.889544990730899
6.3450699486609174
4.201570486221109
-0.9215057714594379
-5.3866303834432925
-6.156809961659191
-5.78956093384152
-3.385208896903877
6.731019798184369
17.922365130585536
11.842304412676052
-11.416693497493135
-23.941533271887508
-7.863994664183575
15.268463598761759
15.44578722915623
-1.4128237168205247
-8.746298126344136
-4.2032331366685565
-4.069355422778183
-4.939742641278444
8.778051545982969
24.439104425295966
10.95505680629352
-25.774671391191827
-38.17758213346309
-4.434240965446355
34.4373788283158
30.865260850627045
-3.6226910115060007
-22.4908408593657
-12.755541864554878
0.7387524331288395
4.285581459365694
5.4663805414142095
5.133481908484999
-1.923694740484624
-7.700074375465953
-1.9896576934465333
7.478295668579915
6.984985107261088
-0.8880373022652194
-3.697473719696695
-1.2240702851190532
-3.9944711611566075
-10.582425412622214
-5.843847740417547
11.629867695359271
20.233042331083155
6.873223851252374
-10.240169339344625
-9.628870609301659
-1.361240483278143
-6.356123029657658
-14.344670775674233
-0.666928874243315
23.686678155056633
24.238082749967724
0.04403440982577488
-17.153683380825175
-14.86239629710462
-8.729286803705131
-5.809647018646603
4.0615236598266495
20.160300514701987
22.335615042840217
0.5453798884382761
-24.250201171304184
-24.281823223507388
-0.7406197239998189
19.443927790276756
17.259719496874958
0.6787949066025751
-9.856466219566762
-7.794803868201868
-3.6550249462283158
-3.2934868980351304
0.9302281625127904
11.46599621869252
14.757665721562812
1.1174277874938567
-16.20094807822165
-17.065641351283517
-2.7640786630803187
8.586471525427575
9.690961036368385
8.357040666858191
7.28832875638596
-0.6179635972022073
-14.027252019923509
-17.218284064315583
-2.3380623144738037
14.199848261786382
12.570260733085043
-1.3542083703027732
-6.489351076541151
-0.0731345594512746
2.052209662280219
-3.901380783024823
-4.098628859308601
5.01657841811312
7.73020103630733
-3.6925458384471566
-13.284930421257743
-5.447750490553061
10.777542588402218
15.747095554411377
5.58910561465781
-7.997111294488057
-13.337332728063572
-6.5330561991471185
4.994855911359871
6.534265226372643
-3.9748367234418653
-8.19671707672311
4.9646711004225486
17.656940799565938
9.517252863697044
-8.792845375048508
-13.506227127763957
-5.621674404831717
-2.786242536122404
-5.100183251173536
1.1503826329702473
13.008628060978147
13.163175430302797
1.3886718397230187
-3.5248671572223547
2.301526436799008
-0.7892946690141655
-18.921994796093035
-25.34388509035612
0.08217862716969541
31.340482476040844
27.361969679680065
-5.514753934405017
-20.784632488703462
-3.2117497432483733
11.79761119207788
0.05714481480215357
-16.27833014186897
-11.502420593098876
5.169253883462511
12.507388004569224
9.127392970493602
4.153366409446509
-1.3926210741109932
-6.913786488970287
-5.8154421444887845
-0.11523324608487608
-0.903201813545466
-6.486885088244574
-2.8546325079759702
10.248920441775713
16.051193066957236
6.249586336729801
-8.236488171643611
-14.339292671028845
-11.010753612106834
-3.730359033188288
4.175074817365356
10.877568815238012
13.7529667421126
9.908029338138826
-2.6426016995415287
-18.470092568227965
-20.498851539210232
0.44935619491293094
22.00230502738817
13.815148156784543
-13.10576022991386
-17.148050603417584
8.053790354851241
21.383511348095226
0.7750471924137918
-21.43004514930171
-11.60527880711217
13.193711534348072
15.597625309654385
-4.018252928304601
-12.953615647087725
-0.19660393285551953
9.021066662198054
-1.4300438517351235
-10.915107254219544
0.8366048328803677
16.242100686837496
8.248074140182256
-13.02863550409379
-15.184926011462148
4.154303624907826
14.314717524953753
1.4441668531594911
-12.818556049452194
-9.353974993178333
4.25613404155468
13.721159114422207
13.092424067160122
0.6444961836527616
-15.452770554916782
-16.583296398858895
0.5462053204055927
12.612719096892025
3.5159128919776177
-7.763761954998972
2.0887842293110914
17.61559527775682
7.705100352273099
-18.5035299748918
-23.11017872308721
-1.0379108981860525
16.273681650572115
13.49234018383978
4.125984857536385
-2.6683655093632814
-9.520357500197287
-11.872811026010616
-2.7121996638581063
9.887619360211326
11.879804181056553
2.8947709610794545
-6.321764056964247
-7.763252356936711
-1.7199411787802394
3.786675238047844
0.7113451472148727
-5.875466180027901
-1.9687049488076807
11.038003019538014
12.508915174154518
-4.632052179408029
-17.080077581734106
-6.396938664614857
10.031186204901207
7.820481634541414
-5.698343284411524
-7.400359084055581
5.15558034274479
13.962352307091372
5.718453975740097
-12.569604828581893
-19.596963845251537
-5.288279363023868
13.59944064953431
16.29252590087785
5.433343235263469
-4.391830200528264
-8.756853789855366
-8.699155311295153
-2.9094863751973272
4.100731937613965
4.3975918239541985
1.7100512415848543
4.711486976778148
6.841505300710487
-3.204378032937646
-14.95659527610095
-8.997341601160844
8.113067923695432
12.742825137295346
2.773369459125641
-3.635178314097063
-1.9461816914273076
-3.7360153332763777
-8.786718463997708
-3.41582905049653
11.314412680786434
15.665960668689737
2.266493093055876
-11.622019848778892
-10.902297039507838
-1.5159731120100812
4.191938706778294
3.159151813438047
-1.6375478158046002
-4.877458540813096
0.7847373050554957
13.194079213013186
14.891665202997636
-3.2039936185142253
-22.12515349061919
-19.019558291822673
1.4812585531774933
17.447761294240383
16.873829725814673
3.3211986394377564
-11.343103492301575
-14.032736063482766
-1.9446043691516424
11.201181162762344
9.940785895980712
-2.568209237415967
-9.923527154712225
-6.27538460526887
0.3375372240709353
5.25306684609709
8.757292385158236
5.402019717062206
-6.788649683733257
-13.210017540895334
-1.8208491563654954
12.755985335428894
8.981680574142647
-7.110078308859676
-12.315271184322887
-0.9315648053841574
11.738108173515204
10.490934571813925
-4.936291065973334
-17.60208541480676
-9.960477689011567
11.391258574374195
20.91952414689378
7.299957723319654
-12.767519803298576
-16.6345720887197
-3.1729168444589155
8.504335974063268
6.828941823848104
0.6832987662057303
-0.5969880943747918
-1.551209701589039
-5.822237395567523
-4.908018771906706
6.094984193817433
13.685073288600732
3.424823710310099
-12.715488586466345
-9.925941920238856
6.769319040335125
6.461126014261684
-12.15315192627142
-12.516865104708462
14.78503497435478
28.54296810626361
4.089232569051219
-25.47772367532067
-22.702640932868036
2.6106107532122302
17.796258116772126
11.279293579089645
-2.9362313450406066
-7.797214774689344
-2.5516778592078637
0.4176032086973806
-2.370264725437003
-0.34662110461772827
8.025555855445454
8.082733675524668
-4.307595131395022
-11.86611586113825
-4.0986159008758625
5.945775063931075
4.577205297527811
-2.597840588335907
-3.10771278984016
4.21992176313215
9.667298438862177
4.368184631701717
-9.177421989165955
-16.940495386107735
-8.682579146026432
7.629014200341581
16.017819952590912
12.994620893703154
4.660527533517478
-7.201249308899707
-18.616833295590983
-16.779431740973926
1.177318514128572
17.366857128113146
16.115838014765536
3.6212694514334953
-5.798434873750785
-9.32181189945692
-10.56743005155386
-6.733181926582069
4.757828601152705
14.699005260265361
11.753945225450508
-1.2859536219832721
-10.836609589110088
-8.7426221056361
-0.36633029891838087
3.2659536392515864
-0.5114698359120614
-4.164686215453068
-0.8261748053554644
8.831151187094235
16.402205639027276
9.659373954499566
-12.536986029394694
-29.695967827237524
-20.48614899818525
8.197527118751134
29.635441353178365
28.034602274882246
6.54906208606675
-20.83862405664851
-32.234302306166356
-13.826824720282278
15.4940495738415
20.551276722930872
-0.2647113894997852
-10.393977998525319
8.032844506351708
23.22917960180815
2.569396114604438
-32.252397755291334
-33.331214720394584
3.1350128573582605
32.22767807411179
23.83296226131556
-2.81483832161274
-14.434360050452264
-6.722628386238593
1.7743197572956568
0.762882835038158
-3.8243799783158305
-4.167719906934805
-0.13258127590493424
3.5894693781628675
4.543938072138282
3.7039291722939205
1.0181999955371295
-2.323710529595212
-0.6075677848098342
4.911846682163163
1.3524071869288534
-12.633817823024375
-16.663818004055756
-0.6196381218846633
16.192643188180455
16.84276406919498
9.278245184384714
1.0322074962011052
-12.601168561776644
-23.32138452240437
-13.849869333632803
8.00057065482872
18.378628325472548
13.77555536007815
5.868159954398246
-2.8872716091233928
-13.086165313613458
-15.956401916469623
-4.670530228108135
12.216646459302837
17.222576710870833
3.2612771781439744
-14.52596521743746
-13.54895222162185
5.485755995677042
16.15563272704703
3.678672199652883
-12.683621620635412
-9.290310049633677
6.26330755528297
9.343391396748267
-2.043081807704405
-6.284779783149508
3.4556469726798
7.216196652007742
-5.522460569487589
-14.36976031926516
-0.9737638739541558
17.599439411332437
12.728987758418306
-9.410415916467363
-15.616683211402288
0.21168886993799418
8.308924941870897
-2.628861551767071
-6.428485848377551
8.938581105619008
15.790809838991228
-3.7119925116027916
-21.77312620645437
-9.516393048468164
13.975585965179347
14.244873332092409
-2.7910175796829897
-7.750039402022249
1.8434306527173971
5.190994642567798
-4.243111706742393
-11.86273267179458
-4.914528590342182
10.796589551907982
17.09310618834144
5.00826365484186
-12.833796202868864
-16.695860617262912
-3.7582836765938303
10.777016565028132
13.699465251444536
4.427333584854657
-8.952469138853571
-13.905728689323842
-3.7348736122400075
9.999461049293986
10.239329701620328
-0.429149529628947
-5.599013827539805
-1.616815545681774
0.8870635143285527
-1.7883167942598375
-2.0712016917666918
2.1443216072651787
3.2254572535911628
-1.0980567065081903
-3.4964227639606618
-0.4404184320396572
3.2122788095414476
3.66916505814453
1.8772523387870703
-1.211499199230359
-5.092852788588104
-6.527698884197133
-2.1534500808861385
5.402513491774859
8.48977779375867
3.4308742318374104
-3.938169445989073
-5.183678970812668
-0.625284845592452
2.0676404829386974
0.04485497385929208
-2.2905979380627515
-1.9951199168282738
0.1471861364762247
3.234556804492849
4.8976145781012885
1.7357763885438369
-3.929296895224786
-5.0861031024378685
-0.9797142754969886
1.83766016117439
1.4567023958799785
2.335718621146311
3.3061299573659446
-1.5137914011640576
-7.882446619035428
-4.892946828147359
5.154407932415298
8.63892010880876
2.6250785888044903
-2.7332991995706792
-2.694456022831488
-2.4535742691029556
-4.029365082922443
-2.5681496180634245
3.2520158931608267
6.970203413096545
3.3043410021127393
-3.6227561335286693
-4.845907592463938
1.1032408584543796
4.960380615364517
-0.28896212148765504
-7.754781833797647
-5.637185914831435
5.020486666834845
10.911854929014384
4.7495426864586054
-5.580070354916299
-8.753185059588928
-3.8868882602339956
2.035346743892905
4.699364193462983
4.219520011844054
1.0484494275665146
-3.445647624508508
-4.963422489472461
-0.409272544211819
5.95831018783339
5.597464195914018
-2.4767025697644196
-8.583809915003144
-5.284969561526246
2.969108045666334
7.139308069054602
4.6223013745123325
-0.22902944867670627
-2.824941249925596
-2.6535119408030052
-1.7702994150568756
-1.6361134890286082
-1.6714233378435641
0.34602863840576303
4.696218930813277
7.058778471983548
3.287488671930607
-4.872102191333055
-10.930928065487615
-8.367678874841404
2.900801884423498
13.024356733067831
11.52721245412541
-0.2974784790044289
-11.666242034860508
-13.068380612946147
-2.7774146986427524
10.707852181299572
13.343582537715342
1.0994616383879303
-10.444275420744516
-4.697927578096687
7.752104588016732
1.9407251353655446
-16.492620449460286
-13.523435521266519
15.518592322555254
31.19755827392463
9.358693091789123
-22.252206769105253
-25.75749553458135
-3.6409048056044924
12.696765516106293
8.976770920622737
0.6418586034209096
2.092311808781345
5.238438131909195
-1.7586509507751813
-11.362112435128717
-8.460401868357096
4.461150188033813
10.69619887515243
3.9420750080369324
-4.594532046254379
-3.8830121072812602
2.344969364456131
2.6466891368033183
-4.812196315966602
-8.514178748805366
0.18345397475172087
12.877209774312796
13.114104072866548
-2.5227188141680648
-18.08914901477287
-15.316426493995476
3.7091807815226634
17.43881049217338
12.926653870650465
0.6759119793777357
-6.835975537672215
-11.781881686101004
-14.278909539644806
-3.726487360717249
17.536885831405346
25.163640764003166
5.004305501073549
-22.22417487913873
-25.37398930917743
-2.385034837124254
19.649189612197183
19.23542295961958
2.13215822195555
-11.395930418529915
-11.210157024020882
-4.202594384676598
0.4232417911903558
3.4310395080850142
7.866494153032877
8.527348140645573
-0.21995431622569708
-10.947579598722646
-9.328964256887078
4.184179586692313
10.597888728245406
-0.4032372174033988
-12.074869099280804
-5.152774124242498
11.953683751096719
16.22543646580798
2.6998534842702266
-13.090165110439672
-17.548362066782467
-9.691724379670639
5.05021315804121
18.302623180026035
18.750003834438107
2.434923878679939
-16.457350462509837
-18.078136653183215
-2.491804612914165
9.723735226756585
6.239992981325
-1.6411832533421866
-0.16196958079836304
5.173233544553519
2.2790472870406018
-5.500038823959015
-6.199771514845141
0.15962129450268858
3.579117190934255
1.5845190242556029
0.1480193445121478
0.589566257710628
-1.0392186677098634
-3.7905532285700416
-1.9119939546580011
5.479273238735216
10.165689777664342
2.460194933006826
-13.635423250015734
-18.014260877555323
0.02909320430373396
20.678960449076673
17.51511943577225
-4.538193856388551
-17.26975437246964
-8.998265222816668
5.017998352747046
8.378046670104538
1.8265637400778785
-4.245166961592374
-3.5125862762992033
2.019879661637243
5.527462285093796
2.3589175883801103
-4.159581911080581
-5.872414399587484
-0.5201012483802249
4.535263074232521
2.3860168709281004
-3.3389331680942114
-3.5220358938463345
2.8885713310539423
6.936545623793939
2.541604168478185
-5.170501740422525
-7.395258314219677
-2.727846584927249
2.776103287484913
4.599688243480856
4.089368385456226
2.4137077720893103
-2.2808425278521054
-7.18714151617701
-4.675385838147232
4.0793208956883715
7.0095164275317074
-0.30334733305651485
-5.307016811603689
1.9894289082467522
9.370271506877872
-0.17241688691967877
-16.58548990916459
-13.526986984171522
9.294772538551152
22.72158110673764
10.500322670635923
-10.257526362731733
-16.38323194835786
-6.867787444411593
3.6064894220548993
6.362955307506932
4.394458297704053
1.9905985895138831
-1.1931721579996581
-4.036953725076958
-1.1536539752617945
6.0190622328337104
5.062572460108314
-7.561631324099371
-14.573880642072352
-2.4249473109141073
15.501700498128248
16.824975576969088
-0.2121944407641303
-16.885270783566007
-15.912076766739862
1.3057259224455298
15.64664300376881
11.451186875027386
-3.2815617563382897
-8.465865601560864
-1.7549441611698793
1.2579018707551473
-3.8956188621806582
-4.253516158406772
4.4622200510157946
8.698450790240337
1.307549839729921
-5.380818504913
-1.0425484517764425
4.7076953448747725
-0.4548348398174366
-9.007034217719982
-5.682931983631772
5.815841092817237
8.577944627159157
1.1002057289931648
-2.3130115367816004
1.364406432477654
0.5069558164519116
-6.379373908561508
-6.538351299613659
2.939002212917431
8.183109549449167
1.697917909180194
-4.889364960094825
-0.7073317682812755
5.586878665238879
1.067632672896739
-8.067971709495339
-6.370110607713827
4.712726034856928
9.329200049510344
2.262602789176912
-5.343449694759665
-4.825283928109371
-0.44060575790220374
1.4551616747444611
1.809155890114474
2.581142460649637
1.0867000161766078
-3.048002076775272
-3.920094546136114
0.7515117029870504
3.7947579460371528
0.26964330815139126
-3.1261581065817885
0.3335223263028235
4.474586316823539
0.8173322522713823
-5.141604817485945
-2.743472180655936
4.353572368992692
3.8349837299648817
-3.760039105480384
-6.016891713577737
0.5409451218722221
6.222619725262701
4.475164268401451
-0.6773705259408547
-3.8145591649184603
-4.223496568280058
-2.2255325178236838
2.033647105027231
5.1378006066586615
2.923475569018805
-2.3488603889782045
-3.891888508902662
-0.6543246140065491
1.360800545104133
-0.2975326056828619
-0.7396250018415107
2.4026455691636843
3.7067247427108376
-0.694726704067447
-5.447303818496108
-3.643729309733417
2.305532603686848
4.35453475685589
1.2464756723989545
-0.7702083851988515
0.6810129311450098
0.8779560170825734
-2.7438398791636187
-5.809460828420131
-3.1538317211662235
4.270466202506571
9.183676947802029
5.01714407568289
-5.003626220912256
-9.274942128447448
-2.532372151580589
6.00625679804455
5.3530727359132175
-2.1494867872562518
-5.893077371025693
-2.038163435686189
3.8821485495154793
5.646683982248506
2.046333430735118
-3.4243511117660352
-5.4216582560198034
-1.7557297551926312
3.228593985839639
3.304169837579278
-1.1309213066299986
-3.1765887322883732
0.5792612608752526
4.5051971361189525
2.0277286762986453
-4.060387233584085
-5.408713083897776
-0.31714124975125474
4.755299234568368
4.5498971281674105
0.22072269286966903
-3.245689377244664
-2.550080094095639
-0.41357795623852656
-1.430360965044748
-2.8294285805406263
1.9626106873591485
9.277331257635549
7.011469001814153
-5.738893439023544
-13.319710418786048
-5.127003475014932
8.021589312776378
9.623277983358143
0.7555887880371797
-5.21946890981056
-3.777511111283648
-1.0651972507428606
0.06186139211750605
2.3296742497833565
4.7329210694404065
2.5296742812101725
-3.0732270098027903
-4.9365286578402205
-1.7183827435493728
0.09841793305435272
-0.8273269786991179
2.1716762886954486
8.05813507722327
4.893859330198455
-8.243809325879822
-13.1744241993693
0.13009589379526001
14.130626470084586
8.415148052353421
-8.52393587919753
-12.071079660873389
0.9153022372043483
9.70196058073824
3.8741102563860763
-3.7483540649765352
-2.449975957753205
0.836344051743884
-1.495688601709293
-4.232254400827559
-0.553053352975236
6.347435866287569
8.124608538884113
1.0880227207073576
-9.155375016061907
-11.031771299394466
-0.38528127286921227
10.426711051552745
7.350826654302861
-3.5921277296633214
-4.814124221200065
3.64802278251317
3.9568843943865515
-7.208547721698873
-10.264085901455068
3.5211468933127614
14.345092026998987
5.267477579615298
-10.410232041040477
-10.846256648939896
2.2096198413118824
10.031353293229666
4.531272342722142
-4.878141350195557
-6.800607066083513
-0.6288750159797549
5.505846492845314
4.898310105021332
-1.1973831218441222
-6.126287970496047
-4.967676845649346
1.0292328479284205
5.872635137590536
5.164162200085723
0.6726493411189438
-3.191848779623832
-4.6760282219079015
-3.4767380124072185
0.796810131170133
5.358761327519028
4.810628615648199
-1.5980896428207803
-7.021765154063876
-4.4226780383531175
4.092745271783958
8.567490590304166
3.4307117067546598
-5.1761895099821675
-7.549441255148097
-2.4111491361402506
3.1911055578945824
3.8188590400573577
1.1736038401910838
-0.5824213756150409
-0.5031911654205855
0.4396961622453193
1.4968324865545855
0.6491994904915817
-3.243997065545712
-5.886289022562457
-2.057344892825308
5.42687569458054
8.029556308475312
2.750232945189491
-4.044797740849844
-5.271514886564402
-2.1681992936948635
-0.6111520467689602
-0.7303212418035945
1.8613626383676056
5.676256708988207
4.385375592269755
-2.1148245951011777
-6.6547724909894335
-4.329370990429378
1.934653481053605
4.619080581732879
0.6724797722741979
-3.0860317722911956
0.2510607411368596
5.139276810007493
2.216065278935802
-4.933252388083078
-5.655145430815127
0.2020444348310683
3.9074512163617623
2.214086395739739
-0.5576741097030171
-1.2038403603825905
-0.6828987131236632
-0.12768047314344674
0.882069651685925
1.9133322473369228
1.107242657642703
-1.7966945934959018
-3.8713819234605866
-2.022353168507234
2.513653516474994
4.491422415304459
1.3501289280570938
-2.7895563762981013
-2.926309744108464
0.3187194963651664
2.8540179958946035
1.9197988906226364
-2.1001549217185236
-4.981099861939865
-1.9524617224925098
4.976870306759635
7.370098750069265
1.3228052938995103
-6.386941484048609
-6.629598273106533
0.2420537002630215
4.822376624488131
1.3348932208660633
-3.9710989236250174
-1.4498049482252262
6.810235289233034
8.266055031842964
-1.7035048675125088
-11.57492404514151
-9.154449418178807
2.2314387884269435
9.356431930863215
6.073611210273678
-1.1366371867659757
-3.558596561344224
-1.3063999462791653
-0.23190003867691733
-1.1512294308698567
-0.06896736758995425
2.2969623428201276
1.060472095887962
-2.739989416146281
-2.5681351013193363
2.1925848548316265
4.49465267855056
0.7281303576136665
-4.210375578603023
-4.3639103450426955
0.2364668175669013
4.584118922354581
4.133795922179107
-0.17893100451270524
-2.843622128722043
-1.6091527037082816
-0.6953587754455974
-2.4954084731485127
-2.3923777822786687
2.342723321552177
5.9031838518923765
3.2276358874691713
-1.344511475684595
-1.713352482486812
-0.01439881558854764
-2.0239908437653362
-6.299680365654539
-5.089082389524223
3.511523696318393
10.859880104891076
8.606344230246965
-1.067566676108933
-9.33519838164024
-9.9403061802455
-2.804714022332458
6.289892180254809
8.961385565111115
2.728809942474365
-4.118384000195999
-2.973776782443842
1.6929462244752362
-0.23110208088330883
-6.254679104415702
-4.72888666977476
4.878465833052941
10.310174142203852
5.254764833735946
-3.2389638284627353
-6.957675397308441
-5.709329718051247
-2.804615198620601
0.39173637887466317
3.5163631098132155
6.147813938814548
7.3770873745459085
3.9503679243860947
-5.81497186859605
-14.253884789414268
-10.115130878039347
4.444270933399648
13.363375451807757
7.89924756491003
-2.002961663897173
-3.725591868893029
0.2695410750939664
-0.4142480828922556
-6.1655716379142405
-7.2757295897275664
0.5216932841784472
9.401797447034538
9.473976404300604
0.5785471622166013
-7.677213605142832
-6.793866094571584
0.4638900546886051
3.8355592294876466
0.5838020448380943
-0.9294540499800004
2.8457989389600344
2.964960101472794
-4.743843793807274
-8.422048683263181
0.6702535826862249
10.856422539224603
7.380428012516039
-4.171546981663139
-7.987281935963763
-2.5347251624659615
1.1588595509688842
-0.7137143927570827
-1.6339608439349997
2.0769715881184605
6.501838136900436
6.52747429851339
0.42766597763369896
-8.639398308617931
-12.438431914456519
-4.513023862424661
9.580710017883789
14.909988503442008
4.851884586016906
-8.793780297401584
-10.316562685939271
-0.8496045319505974
5.054458052480915
1.1680402945693313
-3.8364954343880524
-1.6422083387209778
4.6327773218657
6.831781501945461
2.4029737831818117
-3.982632348671377
-6.78283171987372
-4.972050854086551
-0.6834420403232672
4.027280924964702
6.365425010163987
3.533991905175179
-2.0647618009281237
-4.11504653930631
-1.5108790760641295
0.5722414049577852
-0.1873996034019475
-0.5848964448206034
0.8533794385196216
1.2570874301468777
-0.19910792727587573
-0.15308753752904294
1.6789150690794123
0.6897979362902016
-3.086603767648667
-3.184558687643042
1.25822298037246
3.3761954452502763
1.4846963287810115
0.543888220949645
0.23183731758945275
-3.2269957940859717
-5.440946203122083
-0.35577761108741496
5.910107774756187
4.0613589910098
-1.7461945682006217
-1.8862783081982395
1.648069767142448
0.7444834674612636
-3.486318210221739
-3.7541798920713725
0.5081388923462804
3.3811473892994974
2.146930403281332
-0.26609603051689973
-0.8465663008596709
-0.01672784656371869
0.44514335248877207
0.22745873262700297
-0.1663935051702218
-0.901553419182462
-1.7604206969792349
-1.4831434583549379
0.49706346380632305
2.930574565584707
3.3109216923972853
0.1569047898781028
-3.7190938389225576
-3.362868394698347
0.9534323086125818
3.6066587990120738
1.8566858738622354
-1.330606397450142
-2.5004846246857744
-1.4188972753635483
0.06715858631780235
0.6980602467477481
0.8535442592929371
1.1276929053343967
1.1385479948545418
0.5561453801590591
-0.07081301676805667
-0.4116786803699094
-1.1519888136022751
-2.5204163403830977
-2.765473254069386
-0.22895836424641275
3.2525858011043
4.030208910042235
1.7313227770404087
-0.7997268682432848
-2.020000130202902
-2.157510583086113
-0.7003769520822805
1.9137435452407427
2.0784335695897442
-2.129455781307878
-5.481440849638288
-1.5335934305080272
6.0594067935274305
6.572879917958539
-1.1907654511721955
-5.82214359554029
-1.2758401091240363
4.066971878898613
2.216951042365574
-2.6385578231803724
-3.7292458943770015
-1.9959164665340423
-0.2192358801988559
2.6260289735307336
5.046946719900929
2.4757305543291
-2.552346708290049
-3.0254607921885226
-0.6864757080021382
-1.1989837650560773
-1.2256739716422973
3.033587308052958
4.282116177893933
-2.52492160425698
-7.238029443799346
-0.3620203535037702
9.057233423387412
6.406917360771797
-5.0699006603131265
-9.012316776501262
-1.1646638298182814
5.415700761694496
2.018742008623652
-3.253768861951434
-0.6216289191569172
5.397106948377747
4.00352942084959
-4.7549963022013975
-9.606850060065327
-3.1097383313552713
8.2427527807347
11.01322739418594
1.4707736913112566
-8.741924443792566
-7.798501056466476
0.33010888120219933
3.6918014253735834
1.2364212405428538
0.9533744234668653
3.1151568478944873
1.324289525390256
-2.8351035532548226
-2.5925840245801934
0.3561379803374311
-0.22453473787845118
-2.827735271294836
-1.8106739615363823
2.6299853663426296
5.983498624788867
5.212211212500469
-0.1680304605887163
-6.90437550579627
-8.38525007483017
-2.309049742900203
4.742724543845285
5.8855417450211664
2.546564561269616
-0.14957708981385126
-0.9039686192385281
-0.9548489730062664
-0.6206441594894447
-0.6161093571403606
-2.2481780299083214
-3.6951174636947113
-1.127155484669493
3.928898957586547
5.01835470801953
1.6340167072890357
0.6512778275206483
2.788327019678483
-0.7026626205296692
-10.840439636612691
-12.941616238348145
2.313274035755045
19.263343736216157
14.805104980811734
-7.773141627509147
-20.05649029590449
-6.93935598253171
12.567728679726986
12.824766365928797
-2.757509180424521
-9.811663812998226
-0.9862418614192058
5.4374098008955025
-1.749176406376301
-8.057801465111183
0.4226605099730961
11.973094821671843
8.160148754412507
-6.320009879335427
-11.52767173503591
-2.3272593044474017
6.437664584971404
3.5172511271005007
-3.7360697221269685
-2.810607489195862
4.640577736310152
6.241824251382506
-1.7100655796285604
-8.401627124287543
-4.105035824687133
5.750382396841703
7.893023751010606
-0.5233275600017617
-8.426758558884261
-6.213132408188709
2.70783917248873
8.526881227368664
6.973041370824883
0.7607786881448518
-5.928030643626866
-9.265405104077237
-5.8124969652537954
2.7059109825771333
7.600350770276075
3.7090648993767656
-1.6441795610980725
0.8613901224250556
6.553543157152907
2.6959703857190798
-10.146498197748544
-15.299491673436709
-3.2379306094238527
12.851734029172407
13.743947657901577
0.3520596175115674
-8.184053876859828
-2.367112128538012
4.693371370409139
-0.5842444142142671
-9.746361334265025
-5.991483054703094
8.324519929415503
14.006821859241967
2.3256918469381485
-12.541435069740588
-11.789804818520786
3.6155488824095428
14.273797408454275
7.417201658501668
-7.717164489530585
-12.857715653997964
-3.4371314368764625
7.474830526908925
7.630209086909422
0.3731809148792002
-3.8793608968658284
-2.478461866345918
0.5708611589241553
2.598478446020118
2.326719377903452
-1.2460606307211526
-5.179292146004776
-3.907219181642489
2.002614639263865
4.957106486243127
2.2939822101316754
0.5440654354774543
2.2958680911053664
0.2391768248304497
-7.731925826816278
-10.08377139715813
0.7659495659846727
12.992705762287919
10.585300206012986
-2.7985707306645846
-9.640070936689765
-4.731174742352356
0.5679271548809869
-0.08376743187262829
0.37485812589400647
5.481790180903668
6.3244681655324095
-2.4329870327274206
-9.961835520148107
-4.084732474641648
8.476694942354445
10.203547395036024
-1.4773088898795992
-11.142899758998547
-8.367352452284088
0.8361359106337117
7.204392977008496
8.82287609020212
5.8170542480517184
-2.4274668075495
-10.369912534370929
-8.615384423279785
1.4367100198931073
7.036181176164277
3.3505612874086603
-0.2668096436372912
1.7114241898957108
2.164146978932213
-3.298216650406388
-6.918721159480471
-2.4593718277157164
3.56701542296511
3.025403736655735
-0.19133821568159942
2.243705647301086
7.107470289674962
3.2656376204240884
-9.106848647695003
-15.468858132429355
-7.028776263932929
7.4308597463438275
14.864644469274149
12.471708545904415
4.6308373556170235
-4.992518670627609
-13.6604161647546
-16.758986272376863
-9.44985201904817
6.190428137657508
18.223222526367717
16.360627590654225
4.756812212575262
-5.294023918248341
-10.504408898002406
-12.473484155503566
-8.443755945188894
1.2295195177741116
7.796174268379355
8.12527315503833
9.00611868658088
9.170227344899002
-3.0933081344036446
-23.071738259153804
-21.620823810548536
11.561499386066446
34.96701101009526
9.927529706738014
-28.90882804386498
-22.898959374557048
12.482852716273229
19.251164079427824
-1.675940398211142
-5.877115133576358
7.758742883226193
4.966714218328622
-13.135873749215532
-14.723695225193023
1.906828245236785
8.663889309066935
1.3221477433720075
2.5795923373334335
13.933144656930494
10.573295699120635
-11.854084257113616
-24.26520904807708
-9.180220323284821
11.0564262561492
9.829856556997871
-3.011415327264181
-1.7506676131337886
11.619113637454905
13.816153782555036
-1.3194290061619929
-16.861817575428038
-18.341892423554228
-6.77216426246605
8.754303301232364
19.202987550921453
18.069925874003733
2.3162850310404086
-22.206884613609944
-33.35877539336955
-9.169857693356182
32.96196833568346
41.65691143631502
1.6671928726557064
-35.284647512893066
-21.76363116744175
16.59520406544961
20.474685416664975
-16.521516045018803
-38.877251286672255
-7.5725681233805116
43.3771588662708
51.57174466660401
9.055982632098322
-34.44161880849107
-41.31344078194767
-20.552750236346707
2.7817837849622573
17.346429776304195
22.29395174065551
17.177840094774133
4.384199417160279
-7.072170480601478
-11.214160798251328
-12.75602497685008
-13.99358903158735
-7.318520512456933
7.871645041473045
19.468294016195532
19.65358697000424
9.564545008433793
-7.6769451866352005
-22.297821098873353
-19.71586836792668
-2.0022341669302604
8.941019989196379
4.053107224430655
2.9802156338524184
18.022092916727335
24.782404602554838
-1.882014163869119
-39.481827478430574
-40.94817116316915
-0.3198287635118112
38.74849707609528
40.08361446139581
9.367832529897196
-24.782263805253834
-35.41931077434933
-14.59106641593719
15.113266009297389
24.788924038701506
12.957578792901606
-5.792849142936743
-20.396963453426274
-16.58834052152096
8.448461578774866
24.683182318911133
8.494333848625569
-14.243473324903139
-9.98661557068016
6.283705289822972
2.021801009696045
-14.117070196527205
-9.673910275880509
14.071939252622887
23.433538090487072
4.541812502067749
-18.32137253049462
-18.069776855278963
2.4456878867824683
17.47516696066607
8.87113471383081
-13.39348843708141
-21.293177308596007
-1.051808222077399
27.967121169088383
31.28738830067373
-2.4393492384768836
-41.33609914631373
-39.294216232399364
4.683419212646478
38.633417527458384
28.892713446990015
2.279260904446119
-9.22495108569546
-14.63920182440918
-23.133470861995082
-14.286043027964167
16.196602810290454
32.083497546867115
10.015103289937969
-21.471524065721326
-23.236929666693214
1.7297324894788078
20.984671790395943
17.8737863198064
0.200047058329547
-19.33508743643479
-27.553832222854716
-12.361859836021248
18.54261239831489
36.283469356752214
23.23025180219471
-7.443009485658609
-30.58531774081917
-31.854086221153647
-11.102330940067173
18.359603961957088
32.900199064222065
19.150121418435717
-7.745891770516239
-20.55973254396341
-11.791947302000349
1.3929025877820205
1.9210269662470232
-4.062991152746903
1.675698483544866
14.965370026858357
12.013067093468146
-7.226880140698343
-15.650274068086098
-4.0155985953291085
8.080969975744077
5.443953016285596
-5.66574713862068
-9.573202361740353
-0.20761349889666092
10.380219753253934
8.816411021732383
0.4051809445243708
-2.896262594243015
-2.0119673575375163
-2.8746054128766545
-4.684255159639506
-4.873608491251937
-2.078959684475123
4.736491599884124
10.31925336955394
5.967122559757288
-5.23159242827864
-9.52421141132219
-2.3842894397610506
6.107313865808226
6.83888004221695
1.0614535616769698
-5.462128641245381
-8.190480506964265
-4.123958323234044
5.570735766845112
12.06688380331029
5.172769609240329
-11.682633387480774
-18.51153105298483
-1.6973009045633967
22.680892508815745
24.02239593458393
-2.245159273019032
-26.219529056802568
-21.75943923868249
2.3792231058283324
18.39780102777846
13.348561548926652
-2.473453919373277
-11.09806279057007
-3.9180537418859815
9.62773942505053
10.500748879223464
-5.431713583659631
-18.476513083976663
-10.65775507796476
9.341122400000188
18.439332643987655
8.709638384244721
-6.423083647419785
-10.985312346489305
-2.9969068631774185
5.538073673554012
2.366293601693944
-8.479608907198577
-9.200708476820314
5.476262856238229
16.527422960637498
8.043592926129953
-7.875257472466042
-10.084022539279596
0.31128532594617175
5.087078150457298
-2.4946723458490423
-10.299227472775627
-6.553009404482154
5.73914058377044
15.046202743566456
13.840903618734611
3.2869450425659203
-9.145036379694897
-16.005011928814742
-15.06498281917006
-6.673000137200993
8.332347582314991
21.44682582886124
18.409795750156306
-0.871805636871715
-16.643198087440652
-14.139483717823657
-2.1317933468248857
3.3099264091118394
2.438762728647198
5.068252293429774
8.095898273173077
0.8399665665392152
-10.252992440657483
-7.734301337112677
5.822040711465999
9.491366200929159
-1.1297401075432567
-7.318549916625013
-0.6747192320194981
4.019169987073683
-1.513137214977645
-4.449249176421317
2.7052784536187224
7.910757071327122
1.795192502717653
-7.7301348880958205
-8.730663497267855
0.3662380380874495
10.305234855354014
9.693472018950882
-2.557515605622686
-13.131697148775835
-8.679687342824119
6.046743224744598
12.773947556872907
4.226839631556671
-6.347667341302773
-5.863669936772728
-0.3387665317253138
-1.5940921812722881
-4.590305609975582
2.7757644099411354
12.764431460354201
6.755315707249511
-10.256428158456126
-13.475898074644402
2.1381990657489114
13.934564208738262
6.288219699550874
-8.879981479067743
-12.238301509644906
-3.1717293107150017
4.532144979496215
5.768415046382765
7.206484225122759
8.423747164765077
0.13444832693033895
-13.97285191458425
-15.153894578800642
1.1652365634443314
14.00546774678085
7.183833071831855
-6.339378640844733
-5.793657478525368
5.571268141269568
8.278527174830996
-1.9885014604379734
-9.783416740449104
-4.798070683024457
4.516539993262424
5.2017554345365005
-2.207738672992986
-5.701093863188445
0.7744730065915924
8.500168297384793
6.507632410585693
-2.8429433048144483
-8.346413256360615
-5.571183971727206
0.44828572367965436
4.536303932265111
4.956235064811628
0.7714500708046191
-5.589132572046032
-6.007770689012972
3.1652111118918884
11.46649817382081
6.441929998428848
-7.08873376154625
-12.789152550345907
-5.7661048612545
3.6074806585597403
6.963336050070831
5.7356221968082215
3.0470337501769933
-0.5057729598447496
-3.6304162222281864
-4.574985838962209
-3.444384855410233
-1.0202229916415309
2.3382761543061963
5.00209081691407
3.6437042664190398
-2.1870657871463024
-5.9404987172249735
-1.3637193026721712
6.101572428170919
5.580325690271847
-2.4490858900365207
-7.507208943575785
-4.777084736763267
0.9780123820800358
4.327830377833264
4.9285851481170235
4.570069890786315
2.019700215199438
-4.591013189019281
-10.587165934774552
-7.767429550546725
3.429148097897741
11.789463440892398
8.492418344066351
-1.6253787985904908
-6.5039998780146036
-3.0506841409136753
0.5718180798658125
-0.6800796389641997
-2.451537696838681
-1.3518091628426958
-0.07990486177392882
1.1078703692930394
6.024958220272573
11.124970407096944
5.062195705350574
-12.65199837779883
-23.173235561904647
-9.847965038053783
16.50673655847417
26.656435005963868
9.10419059248315
-15.160383306973479
-19.88590021500893
-4.291935542016858
10.871037397656028
9.95461364013112
-1.9774585110067464
-8.295691572863594
-1.7437702114658753
7.459489795401259
6.109951271271707
-3.815720081975688
-8.236170435641192
-1.6572578718807498
5.172003417727504
3.0104774806439862
-1.7252680730363397
-0.07390667156219824
2.7046281995677655
-2.1928785556115313
-7.394529943887353
-0.35786201073323487
10.345261098063151
5.924938508865732
-8.08004136000168
-9.035721536957379
3.493863561455153
8.058051516927417
-0.8949936027496709
-5.884709109992815
1.2811322871243747
6.16888731177288
-1.3837069308013399
-8.494616243171718
-1.8934134183576101
8.043646701545592
5.10865119809439
-4.794136311696957
-4.9761187369210305
3.128825598698481
4.443725606793916
-2.4794125928039588
-4.077767936733084
2.990936831355048
4.724902107604735
-5.57706902719371
-11.885041781620913
0.3294656186675018
16.844040588964457
13.66679597248968
-5.571301981559641
-15.489615599141182
-6.44761453902592
5.032324321965635
2.5812387250659197
-6.846933431950534
-3.831171586109864
12.21632345750593
18.462650547726867
3.0102268500455165
-15.403813929782128
-15.796172394414894
-4.360734474241698
1.5154124016820356
2.081117353620141
7.277441457314411
13.213528835422183
9.418754828285268
-1.34649745742404
-10.47202178969879
-16.868598208319128
-17.227135138573885
-2.4121754503159205
21.637038953015487
30.11917772582244
10.86457322219576
-16.939328868766612
-26.387644016221532
-12.80083872692501
6.721415573933814
14.388236245098293
7.836127499790237
-1.023502848321171
-1.9106570385345958
1.6901993416420928
0.3081347276987432
-6.506954640234764
-9.820900692883065
-3.0666777205219486
9.590475859030489
15.534124453659084
6.345490247934142
-10.476611885339786
-17.58008431456614
-7.106277955557263
10.300086289057347
16.47098722312944
4.962875151764775
-10.581791643591748
-11.843758121037892
0.3258913204013989
7.923773729024308
2.55918254169435
-4.077128900740733
-0.49536125810896975
6.760724989235604
3.9817732893285878
-7.187145383822504
-10.206741979741333
0.6202861442823815
9.182009410721403
2.9168004609190445
-6.174896456186419
-2.260579669164026
7.156170719617119
5.149746970073953
-4.948321320207715
-6.467906718348325
0.8901666927317139
2.4559159610010965
-3.1460779188396653
-2.6210450309139346
5.29327186085816
7.145415565917593
-0.5026508913826405
-6.20176688943316
-3.5237965345523055
1.6016510940268065
2.760889251492125
0.38774687620038606
-2.2687027048594333
-2.974621167402943
-0.27351861143519635
5.005714653525399
7.567123748961119
2.351692859150175
-7.424162034721066
-11.687452722424961
-5.18388647796703
5.529291797609686
10.298712133172
7.570079664591861
2.1646727380574227
-4.4739751227516225
-11.149341416029982
-9.976925416297787
2.6595636580128224
13.689476342199338
8.5556673743555
-5.608785295385623
-9.509142267680168
-0.6470619509310254
5.80679731035254
2.325637743206441
-3.1657902156433
-3.321343888479496
0.13132128735469586
3.0665409592259465
3.2390675601422627
-0.6579569322820525
-5.765519756409683
-3.906766847515581
6.121115213533091
10.268079858941535
-1.215907289992891
-13.335746674469044
-7.02945969538443
8.639178985787643
10.498339727025309
-1.4352423045292961
-7.136445737088265
-0.5925820443575305
4.052247744431443
-1.0541682833634685
-5.5522281320602715
-0.096917035381892
7.5025357436103794
4.817991951978041
-5.412894052423276
-8.92070004662877
0.06921913540726887
10.67398225080622
8.265516251447162
-6.582446501900399
-16.226100812205438
-7.640940355472732
10.091879331327512
18.012488286873563
9.420171318572148
-6.676164675366744
-15.811698154021373
-10.317393316428662
2.153436229934783
7.7352893630106525
5.393808726077428
3.716717572936558
2.370381252913866
-3.7573128396747055
-8.080957198606956
-2.0928978002235556
5.6723724470687875
2.7002124255991133
-4.0902347929751715
-0.8524589784710722
6.614624895083645
3.1143695702570566
-7.328680800192756
-7.778802807221901
2.3486453858647858
7.372664247146885
1.8571483283195767
-3.1516275778365217
-0.5108874531049661
3.0942263423545473
0.6213465634013773
-4.347056890842676
-4.679934022782284
0.1887999593005487
5.006363052024906
4.917092592076472
-0.20688132649351332
-4.892619938215859
-3.65160447026334
1.3183380961774525
3.3067758250345034
1.3726556013069133
-0.21817719596477836
-0.48113347782977867
-1.3948622380566127
-2.3505120427115234
-1.3646354727615666
1.2161852937250277
3.50567033016346
4.220970892994196
2.6394981109232205
-1.9815136078762952
-8.048068272858718
-9.308775495945968
-1.4537590154346018
8.98220932400917
11.412370874292849
5.191207716076526
-2.665378807802617
-8.143043131249398
-9.29558061489768
-3.3147533189236693
6.166797595286568
8.260345377305118
0.570949291357999
-4.401522365739724
0.9113970727836773
5.252734700098309
-1.8319205920636046
-10.133360715039787
-5.036517433055924
7.982648023488829
11.209964503765002
0.6768638634746388
-8.847398330321221
-5.368839942710508
3.806818986960579
4.455328348670276
-2.6305998689382766
-4.4090859433834275
2.4154629431190124
6.043067469577282
-0.5870070147222394
-7.1739901071208925
-2.474802804088692
6.841669279647329
6.954845723738885
-1.6278779138482866
-7.383705253198855
-5.648522195543701
-0.6025040208349877
4.12015943612863
6.3488646596271545
3.577761522480553
-1.8975820522875901
-3.801747546878999
-1.8361825048189218
-0.956033729352558
-1.2638707352585292
0.15240156828027324
1.776477277413634
1.720091448159187
1.920207464340904
2.357872802558313
-0.1964295285699637
-4.835232403029838
-5.981511574206699
-1.4138090104309176
4.918985945236709
7.583607978603657
3.6883448885207812
-4.338595349247023
-8.105985094889506
-2.4322766646017517
4.984729772015619
3.8415213995523847
-1.8458668449315552
-1.4737336071638063
2.6917235476116947
0.9195560939128188
-4.467948979027275
-3.100222237416362
3.8683191741722465
5.371692176741341
-0.7151145628953687
-5.063125510335568
-2.262691332617683
2.377448663147732
2.1441486052226
-1.4422789444263198
-1.5385799830852396
2.959981544389733
4.987914843263299
0.17180407711391685
-6.65240508072909
-8.150012198444113
-1.5146046214621396
9.177897312675983
12.40751999292897
0.21165102820602996
-15.20762898770869
-11.881754324102141
8.769769547526924
19.07189974462997
4.178778092718449
-15.726846186463758
-14.928364408801963
2.3696293903088788
12.446583657154228
6.775631505484332
-2.1206971587168297
-3.5837456295570247
-0.5024862091993473
0.22016045020156158
-2.7640497195660148
-5.305777114395282
-2.6385870203455895
4.923856440314689
10.57745454859662
7.60849601611996
-2.4814305986857788
-10.796369733709652
-10.657129272456798
-3.6443328136818844
4.863524086502814
10.79476253559487
9.857229977069503
-0.11919802614031634
-10.886666897042767
-9.308710114482965
3.0426867679535983
9.045714002322862
1.009257506084147
-7.798511178493958
-4.036229417007644
6.211370093715755
8.115470443712447
-0.20956676475101538
-6.9629024334944
-4.568453318476581
1.42620938925664
2.8394008384617266
0.2729801448678061
-0.48829072930528705
1.4914415884355143
1.8865285658709976
-0.8273054513513974
-2.81244667567081
-1.1648959908987713
1.9777170879659731
2.791611884633421
-0.009035748348171557
-4.145077475462612
-4.986208576372848
0.0747302788471471
7.004529759100861
8.101759667972047
0.9889113530132956
-7.848290142637731
-9.532417244248327
-2.1629278459942167
6.72126631646763
8.196207753843689
1.9252723223787391
-4.61785790292905
-5.627839549266914
-1.6584745374431014
3.384166614971431
5.262979011978339
1.5069319795672118
-4.804210553578574
-6.103514277923803
0.1492064479114085
6.549351318669741
4.962872497517083
-2.615163666873668
-6.476720303111925
-1.467214605842853
5.761633184581144
4.699229936281856
-4.015654386742997
-8.117200057123009
-1.1265849322221866
7.643598335770295
6.658428681592078
-1.3109385346982523
-5.590937109858549
-4.061033693748545
-0.9465642515809731
3.550633567695695
7.2851966612772925
2.121973457738816
-9.77112403151519
-11.581833987657962
2.8304293310587707
15.936710497136023
10.90903411408522
-4.962960824712443
-12.83479493167345
-8.306254431166845
-1.5344512233181482
2.611670829394374
7.665704010635444
10.694912041182148
3.798690864610448
-8.110988362789335
-10.629321372648306
-2.3610749740280865
4.538152279749872
4.56099798076553
1.8070917272972886
-1.7805597050154967
-5.166174786460469
-3.1782496043180504
4.617046893209411
8.826033468825612
3.0608050937947477
-6.072411934581643
-7.962409042243036
-1.500614225609949
4.397936320511862
2.4198072470461693
-2.956171066696853
-1.5653742456559774
5.280536738030697
5.156393344531274
-3.6877508654034994
-7.233650490796412
0.5231348328609858
6.6181370094513055
1.1422879980560585
-6.398355342612068
-4.066187292516776
3.3289648323837704
5.0942623467026635
2.051905759419955
-0.07225116594210867
-2.044861646907055
-4.813551665845436
-3.9355972520318243
2.0592145898422993
6.960875218017774
4.774211263139616
-2.212659062066665
-5.973297719147426
-3.0868555359933874
0.9587743918398178
0.5275480018373077
-1.3100520198026149
2.207341801850058
8.980789203599855
7.300369763808578
-6.741766638430838
-17.726978436556
-9.41794945703341
10.05695381046661
17.340904433714012
5.585378113908006
-8.24523277933071
-8.514932150739007
-0.43306006952403686
2.0700986541130777
-1.2386696992703345
-0.08993529932447106
5.3972620481155555
4.904239639888691
-2.7154042442691426
-7.791658714697003
-5.535838085674462
0.47395400447725755
6.078297912129873
8.152407355922232
4.1555893813809535
-3.64771351867062
-8.298614976392045
-6.010238312268303
0.09617090899975393
5.545507336965996
7.802277001848944
3.625363541751452
-6.765826169936416
-12.69493257745732
-3.674733474920399
12.471179762888028
15.89530876300787
0.8569861730252855
-15.166112089677268
-13.132724390471138
2.7802128611733243
11.232288111600706
3.625203569097797
-5.683123875565427
-3.2214604521160313
4.68263667469862
5.440998590377333
-0.2478881202137837
-3.6170850730694126
-3.1061305864210214
-2.6103805829993982
-1.9948114006413264
0.2227700473158473
2.2478939013685624
3.613058954640202
5.229513880964491
3.661391222814693
-3.3654175458961846
-8.834489468954994
-5.6033164614920326
1.6178657818668989
4.076100050232027
2.737387164634134
3.66361842583488
4.478925588014162
-1.5324318173546343
-9.44382954424311
-6.9036259557757464
4.319894536656987
8.987358851480701
2.4352629236596566
-4.38511860667394
-4.335724049236299
-1.4453973531165432
0.44400823693048663
2.605960641284718
5.1456808224669635
4.326750543186469
-1.9529970122271882
-8.711588408071288
-7.856111144964317
0.7859260781690351
7.822455068086783
6.7290144089917465
1.198178834042616
-2.4478438542379
-2.7009960722200383
-1.44446866226983
-1.275061475844478
-3.0165250627116293
-2.8339813813068306
2.755648578058975
8.5103004347928
6.0621486787705035
-2.7102029616837977
-7.619034340587995
-4.713796842829565
-0.28567729922895246
0.38306033101522713
0.925808372552594
5.360710011407782
7.373228026203662
-0.45980226869672364
-10.097258033396809
-7.09775321393691
5.034777944362505
8.55901882986925
-0.32761309906252284
-6.582848520134714
-1.6229391721139501
4.411319182214923
1.075189206222997
-5.027271185579015
-1.0862713968513782
9.357814305117087
8.474342359825627
-7.470517469634179
-17.485079630158634
-5.766668406801701
12.969711119672427
15.254920412745191
2.049717417638069
-8.71484644710532
-9.488286059776081
-4.43997690113496
3.287337879861576
9.359680195606057
6.499873544079717
-3.3345193686580035
-8.181382624339383
-3.7380600183357324
1.4467671765003027
1.6720121227764488
1.908720623424332
5.195765140224312
4.323925208022711
-4.598312087319245
-10.737052061954506
-3.7221272924955273
8.385298639902993
9.779460472608491
-0.7632285278030723
-9.331336922920752
-5.923965228142148
3.9149230168217706
8.34781090746671
4.193111371772718
-2.938803671068268
-7.527513753354952
-6.1377743978520565
1.6697402206493135
8.167010810636098
4.257966262368865
-4.3621786700496505
-3.692216824017746
3.7373530107386217
2.450548640956357
-6.074720903122181
-4.599048458945912
6.6348911010741505
8.08700215907657
-4.018017354811072
-10.143546518501912
-0.7599085176441683
8.459524421046186
3.7384701528311304
-5.147464827178917
-3.228320512942193
4.850067423721543
4.5630544104232325
-4.006681570842435
-8.251544783906336
-3.185828406727372
4.677130044393302
8.36475923816693
5.629728350036165
-1.4471685087293817
-7.041945439309515
-6.84143231156007
-2.6248000331585417
2.299285801565301
6.699730416891951
7.110876028705479
-0.03536978694515276
-8.352640459115795
-6.39830519712062
3.9186821059403174
8.241019347398105
1.4521010509665746
-6.537725618878818
-7.288857598231133
-1.9103468131920516
5.628747394638219
10.595065460181047
6.762954949785634
-5.028753760400702
-12.70544294701571
-7.671679144611811
2.6256560825067483
6.554243230799353
4.572148059870284
3.459947137356546
3.0014312140583264
-1.0120435253270565
-6.972913992793673
-8.977124181130629
-4.439878664584273
3.94398269812391
10.783297900884872
10.801242801458638
2.4157179744314576
-9.019190661036639
-13.534265874828314
-6.210915607236372
5.3382647287058855
8.860665640432863
3.6233968804681007
-0.0972196135255026
1.3705153407291162
0.5181774066213335
-5.561942586786541
-8.215913719646649
-1.4651979964966666
7.286972177587454
7.750773181575483
1.0354321108582112
-4.044610654119282
-4.025267088201039
-2.185730839228411
-0.41990100777621314
2.265857394332883
4.499197163319538
2.662566034483921
-2.830972329936188
-6.413644733627334
-4.021550081207635
2.6538198998252476
8.15994120355151
6.855212839020834
-1.7464838229873993
-9.390910353615192
-7.345209373233474
1.47669102480482
6.35411034942654
3.5042428810291995
-0.7675005272013553
-0.7132385233991968
1.573633302670379
0.6967689398977055
-3.648524256060419
-5.541651992326259
-0.627556287344849
6.642944406662509
6.770521702694418
-2.324950313820389
-9.927941339072838
-4.744105801350573
8.464456221719301
12.333586893772619
0.11957108194774192
-13.021515496833995
-9.587433126040505
5.605308048534306
11.440832088017688
0.3119593098443889
-10.664825625009916
-4.539932576498786
10.232811087184517
12.106087002288909
-2.2505519913261818
-14.280399790893807
-9.900959192329028
4.493580235325353
13.317392857617804
8.181559914642307
-6.325549749530323
-15.240650826608858
-6.496979318991912
12.035511733571692
17.941142560316603
3.0219471981452
-14.532436035009724
-14.610179953316559
-1.0742800371075194
7.885416842297358
6.503731814449912
3.197673201384127
1.5672740472843338
-2.185577925586242
-5.9821740957331535
-3.3325074878024687
3.4855029133366946
5.426147092800146
0.46445397263254934
-4.616831072159972
-4.700418233217737
-1.0258182226046746
3.173694984186712
5.355128660686716
3.369732661348668
-1.5500981989643026
-3.5996119071027133
-0.43581096346691556
1.5896318674306893
-2.3600122586190264
-6.282400866413552
-2.6599562189542416
5.662765172244479
9.829541031770754
5.357208469190067
-4.160626771944519
-9.394540202500828
-4.255768650561905
4.623657825810284
4.569242152869731
-4.260918938118529
-7.088603221782448
2.637926925883707
11.101431301692685
5.789276158736671
-4.356769515155849
-5.804432956129944
-2.7312586076292225
-4.453675047618802
-5.097198345985422
4.293838747892506
14.342149455679866
8.729557327811744
-8.101988331953093
-14.693222159535166
-3.8484069732773842
8.549156413440096
8.328478750933883
-0.5034898861704098
-7.146399097447671
-6.768874417182243
0.451440494123987
9.560487704781561
10.05442578142571
-1.4635461276346744
-11.367650944214015
-7.067057938858823
2.9280144777963
4.265552458932586
0.06782245688757757
0.5053895105747702
3.127437732233172
1.314045531637401
-1.7009207635599721
-1.691532750278308
-2.101960895328732
-3.5904711244804335
-0.39745014505065906
5.893348569212923
5.539916420667016
-1.9067801757745688
-5.494401134447336
-0.8215338846064045
3.9391404044219955
1.7652212069185456
-3.8136884233714046
-5.17532954518005
-0.6945708394711363
4.385634396217533
5.344490683969799
2.8564303313657806
-0.45352339109849515
-4.1466491684193745
-7.103675670615479
-4.722096521211593
4.492687668014247
11.803182144063754
6.477611765737117
-7.5980384902333205
-13.158289567986133
-2.591242431132614
9.799612065694953
7.664600480895238
-3.8149984166463566
-6.949727580238945
1.4613051040127782
6.926166908125303
0.7686867224409881
-7.037718785361814
-4.529430980613209
3.403261275660696
4.312124096277635
-0.6438876831480731
-0.5175423710416923
4.104854657328877
2.0754274925885765
-6.297411366338761
-7.57542591391416
1.360851436021421
6.8963929556734005
1.6832003225500816
-3.563423849915516
0.17276407360977278
4.826989920839916
0.7616145399368492
-5.69920510703726
-3.3677152912708497
4.249489433234709
4.691849810249544
-2.6804685773898402
-6.314782734609962
-1.7944218574699222
3.226989504285316
3.886161635169517
3.340919594707569
2.581529345711133
-1.3053041688736169
-6.215913843575685
-5.676468104902777
0.8684894865395311
5.76432397059493
2.506797676357949
-4.97303019068027
-5.027951957804558
5.870645220757592
13.720046898432079
4.173333946617088
-13.825967215578862
-17.391623715848585
-1.911640320161946
12.95405817629417
11.062412818168703
-0.8602787879372182
-6.00611765155682
-0.4413749389723373
4.399437065460163
0.20118168319626356
-6.679033405522052
-6.071555304615609
1.8869415473862938
8.427769243850493
6.170934143341533
-3.8198035665522183
-11.20748972532458
-6.057833107653863
7.8030115383060945
14.981946491065584
6.633222525726067
-8.605099720342784
-14.542294759656217
-6.245118836064371
4.955856004838131
6.959272640115542
1.9465969768646758
-0.004814433909832305
2.7610545553224624
2.8697652429371527
-2.2818354255580595
-6.080792140089679
-3.8276549384061886
0.34145881602130107
1.478036619410503
1.4414232740300377
3.602414705897935
5.5178498996510665
2.1839755402208385
-5.769801322161279
-10.621325827257449
-5.3176855566998045
6.622262974755441
12.013985938397257
3.976101832394324
-7.289927058394574
-7.995992416780552
0.5214344860978541
6.1157143196372745
2.9896326749162623
-3.6001417995504505
-5.654479710166201
-1.0659600530682158
4.9754717836458635
6.543257504762628
2.8107467515052016
-3.3297204926215533
-7.684225028236245
-5.915741571909016
1.5033574452000547
6.850384160426725
3.9835964572029234
-2.4206861671131192
-2.980390556141312
2.432620765205105
4.338738356843085
-1.6660052804990364
-7.430181373849423
-3.672356062163791
6.080884610918452
8.967556031096304
-0.10917369527431187
-10.353876524053867
-8.485085060479676
3.2850615243914025
10.721445352958407
7.4397877077644425
0.3277921876555624
-4.7694796481427195
-8.861400475284626
-9.707459338570034
-1.4226214860374577
11.809349913184468
15.341804366869928
3.174175716898705
-11.886453356508559
-13.45875730564263
-1.5633165935882267
9.138713321019049
8.040340688585523
-0.9928270729538431
-6.811385802635697
-3.844324498149065
3.0936665598552637
5.735066316083008
2.070485670500831
-2.8296906365027694
-3.895148448990471
-1.4431504508740662
0.4045595374069885
-0.08933865483527961
-0.1189393362114049
2.0192324058524327
3.3596823246345466
1.334973300123967
-1.6975622473186271
-2.0556617229082175
-0.40614862842451765
-0.6191928434437491
-2.914855621858335
-2.273176710841897
3.3195079639000107
7.439218818957984
3.5245989054905427
-4.648162065757565
-7.617273230772186
-3.423440294691658
1.609785392334029
3.7775289635993126
4.687299378466278
4.304312503311807
0.6058793929029762
-4.595791005027619
-6.85604950975646
-4.809669677590881
-0.1770881200232292
4.729213237832549
6.8450045732923295
4.577548318603591
0.927965909104035
-1.503407786461731
-5.3143281910731295
-10.026388518696509
-6.977983426388516
6.098412607995228
15.29243452455999
8.387195963518867
-6.288309151551203
-11.040984909981738
-2.879585921070008
4.4674029655590894
1.6801663157795106
-3.2522291025977927
0.12448913602146953
6.076692627618321
2.8204754661009552
-5.748949248433564
-6.169924140956399
1.9711538066886671
6.542738002953007
2.2120666835907605
-3.8053977971647726
-3.633833260025282
1.1905956251980578
2.9133257639368737
-0.864128685258247
-3.404935174748248
-0.11759741840448877
3.3375862863346377
1.3334310828214806
-1.7289814831280097
-0.4073062324646725
2.0710600511034385
1.1112521039643413
-1.4941996906089714
-2.3754186632249903
-1.5100281380880067
-0.5288126411607462
-0.11313226066082321
0.9674870598340051
3.1894413461932967
3.514938365848461
0.5739827177171489
-1.6965526264311601
-2.044344610264371
-4.036656632304125
-5.294791790826532
0.43098545319330556
7.736346560650065
5.234023040167229
-2.782101380793882
-2.409183983655627
3.952981581219831
2.2194729722556645
-6.4335713024676835
-8.026601270440432
-0.36437886810459713
6.103368121403825
5.827670944495025
1.6937993998520173
-2.0860044499724117
-2.921137068674893
-1.444463634248347
-0.8698491879831568
-1.1368478656650023
1.1268695627684333
4.531441811334494
3.3228280143813818
-2.27739604810399
-5.171999187400382
-2.378250741210823
1.253004439054453
1.5624109210177188
0.27525060523750355
0.3760553516239589
1.8727239388927888
2.9627648966378306
1.5897603776235858
-2.8000557054047976
-6.390542024319141
-4.253877910549579
1.605109116629517
4.415712614393768
3.528960249686485
3.602052927115246
3.1712059091129117
-3.2728112932542803
-10.853167212405147
-7.1638668544492345
6.440847301701773
12.427833455112681
2.914141182158003
-7.74811400564631
-5.550995942618483
2.5889277184902735
2.8703850128017945
-2.727544787556559
-2.5286058596232737
3.663911107474023
5.112209936828364
-1.02596379973902
-5.505489351192414
-2.294467867756644
2.978936553258844
3.0195326007887675
-0.551634838470113
-1.807103978172661
-0.4054558128591229
-0.01443957408281988
-0.5875820583340456
0.19404239445149637
1.3020805771719162
1.2814411584681997
1.6584974107312311
1.5295955659678329
-2.839491870360699
-7.995229012576239
-4.773644607267141
5.66972233294053
10.891394208354955
5.548875278848924
-2.6591145887417587
-6.700502341221169
-7.0247122293000235
-4.520539038173923
1.3459528421703297
6.8002441003696275
6.400810670030826
1.6756020549238937
-1.467578203239826
-2.0562947849273017
-2.5951800999871786
-2.677307948916285
-1.632211842724283
-1.265581385035953
-0.5488309108732629
3.839833434976983
8.36675011923211
4.9832227811047005
-4.631451043611022
-9.3379145243957
-5.49709939968323
-0.48758335206330977
2.1747991082608333
6.0600452700178975
9.09445471132577
3.942556871258315
-6.9452837062513675
-11.086720344001971
-3.8257415017118683
4.290191759778195
3.1564710173626764
-1.4757254141979346
1.7508688782656927
8.925743554019126
6.064466175847127
-6.438074796769717
-12.826720023531035
-6.018820474144856
3.7329063711865587
5.720236887233798
2.0222350437157965
0.6397733784437882
3.09660153154874
4.569866479660368
2.269914872347544
-2.9235180800854597
-9.073330706613433
-11.288446157586435
-4.301378273146881
7.660068481742971
12.925816252622994
7.793499941633955
0.07340705089903948
-3.613908921713595
-4.57767031596081
-5.553585640322774
-4.848448942075699
-0.16161079338699558
4.646050281189149
3.040797685404712
-2.5159618563359185
-1.9066571371154832
5.818880263743363
9.188571881763899
2.3984767115951837
-6.761182867202623
-10.386185898849943
-8.329299667119288
-1.7021392954526355
7.555022464606221
11.402300229907642
4.241684172273783
-4.9654238735156495
-3.637687471181349
3.769045967712195
2.1945192311754975
-8.073795254899695
-10.13573050298375
1.8006727624264238
11.825060565819857
7.015024960106838
-3.949534535958229
-6.956700256406577
-2.633536885869498
0.5930897223406502
1.6272154806849137
3.95016574618349
5.555971552543148
1.662851204988155
-5.546969651335821
-8.181407027657055
-3.744572067731646
2.0331918583375974
4.445442255914955
4.549475060858915
3.2361126391593085
-1.0517869180058557
-5.658613167935433
-3.6102069048842766
4.4325032237431605
7.039401724635435
-1.1605721389804093
-8.75829033185177
-4.5187642506664325
4.26264596222574
4.216924913616717
-1.6293819888803558
-0.663355234209539
5.8718326639626355
5.138610583900052
-4.024715485378354
-9.09799572013454
-5.074433584885864
0.215359256801702
2.617133424154285
6.142071625532475
9.275437675132089
3.999697851956454
-7.5628946067497544
-11.734136437761
-4.003363756045812
4.187241055942071
4.681861805537403
2.433231995017389
1.479385308258827
-1.093558487803228
-3.3435267503324493
0.5488374330344237
5.38590872609074
0.829839907708703
-7.7315937808458415
-5.400890396780231
5.570202065159496
7.5135117808048095
-2.900708308168737
-8.513162113471207
-0.2822534957091904
8.362235017765308
5.109645143591162
-1.9695720245867459
-2.033186754054574
-0.754306445641919
-5.474444610174265
-7.68989497563456
1.0768142710816067
10.735469870446282
8.183045191464966
-1.5324133595346199
-5.663107845376658
-3.446723142329749
-1.2927648433538868
0.36828014937329157
2.5850053409910365
1.1476657968159807
-3.8406766209013203
-3.2446664915918606
5.067221694686926
8.64827167326509
0.12426592045789614
-9.289006742249683
-6.735686799071254
3.450610821964115
7.338698312712913
1.1474399863129612
-4.603146516137506
-1.515839635848964
3.3518967540128943
0.10206664382928388
-5.008128916660861
-0.3062427024183271
7.916769902355413
4.5222920113525245
-6.888523069169569
-8.536157808805596
1.883369927622985
7.824068941947308
0.9663061197186369
-6.777268076000558
-3.061944296373339
6.340505234015479
7.320155253550184
-1.0903987123191556
-6.389983967753419
-2.839590841026527
0.9998207896665777
-1.5061572344764125
-3.894312166969961
1.6652839072390224
9.998633794919412
8.616433507902881
-3.586521792776344
-12.011772966795112
-6.5992546037754005
3.095038039674752
4.283696454580444
0.9351680207266168
2.348653824638132
4.396577806277871
-0.7208588096411772
-7.230916532032314
-4.7779983906726535
3.6284215347095965
6.5910598582656075
1.8514070029775636
-2.815857178550051
-3.304303372259332
-2.682718557696447
-1.6728738989357987
2.2708537040491317
5.545164163002999
1.9511680874799977
-3.7497673146368458
-1.8444852091920572
3.7449438272032713
1.1613327302746883
-6.850503436909827
-5.861480375307933
4.9442869851814315
9.776318432501212
1.589130556478445
-7.108217897890544
-5.005911574327889
1.770432978871434
2.813795444317828
0.04155348405169848
0.9113434157708412
3.8484511222790516
1.0045006644343561
-7.24807205447428
-9.449533363249518
1.087023840880122
12.886478043327198
9.484267977686864
-5.336041864868983
-11.218568623534992
-2.1711495817981556
5.585905409342402
1.7878994294600383
-3.0264046412142624
0.7430054609971709
5.15650930691353
0.8902657816901852
-6.237058756604532
-5.91498995418088
1.331621742798946
7.3287672349466275
6.352576932306344
-0.694672917123444
-6.626098792131832
-5.224853828497223
-0.16842259129297715
1.2667556197538405
1.0814064268982637
4.254720519110775
5.352855718901541
-1.8614663980378416
-8.392957178508272
-2.3137763574128
8.58091072692422
5.806067508151436
-9.63283711433641
-14.957202809632319
1.1228885281138588
19.337524110745044
16.177788603804313
-3.6707691933199613
-16.85305107304598
-13.2327898141611
-2.4554450191310906
4.633850124319965
7.643675332538536
10.179674485212004
9.65541149310834
0.25196986854478176
-14.050261821324343
-18.726919893193198
-6.122642930849621
12.740122488483845
19.042091893968298
7.2437158728324995
-8.469902504964711
-11.670756299149994
-3.775752393465844
1.6528992430546312
1.0137000881527534
2.463225419030198
6.279191589407554
2.7703480383058077
-6.704815379912811
-7.91155880447893
1.8922510730678794
8.67565931658137
4.291831903137097
-3.9631728009887586
-6.990397927922476
-3.389849437759526
2.8854163175701464
6.03721252442361
2.426306813178914
-4.072597806662904
-4.4212082242606625
2.722753090452968
6.068075746091187
-1.3516818136229742
-8.36070680709977
-2.814961625893302
7.298014545705535
7.182696509304275
-0.8931444635695489
-4.857605070554477
-3.438801161171629
-2.6924222262785236
-1.7539327213231162
2.962817860415704
7.300147247575216
4.822462331359217
-2.4278778139586055
-6.193144755642771
-3.205882227691797
0.5315481004991262
-0.6770361134947521
-2.2930146206681097
2.7405773464609564
9.582380312428773
6.5578056270707705
-6.026677788936797
-13.44709659840201
-6.146014514478315
6.375214170119014
8.770925909559681
1.6970238772786932
-1.7996249494880063
1.3780098117345934
1.6632005410008879
-4.109378130696633
-7.405456022493387
-3.3236376996264014
2.9144093574660834
6.606352882640018
8.117529570566138
5.361326458994937
-4.855301449203528
-15.176148761348
-11.649583871719468
5.289889393630652
16.915911911907518
10.242457238318176
-5.020422699037964
-11.030063651415599
-4.529427708008551
3.316327719115865
4.142611706344495
0.3610915638576678
-2.4596078274194295
-2.5643077472368465
-0.29604780818912096
3.2164306881582494
4.633664568961355
1.8229285952252656
-2.267528981698594
-3.931847583532528
-3.5124437831565545
-2.3475460925034013
0.531547758587718
5.049159294956523
6.588268859258494
1.1911230357998137
-5.916506068515179
-5.294212643008834
1.4550894825091805
3.392598693797383
-1.161577093201113
-2.9805425772779124
0.6630073751841792
3.1674915147822786
2.232642659917592
1.3713795089984062
0.18463469251584175
-3.6183798533764175
-5.885853201522987
-1.856661700050939
3.7267207477910334
3.763102440763742
1.1127710559487738
2.2467556774639528
3.846191678817369
-1.4802374048482065
-9.505948942361075
-8.217972472647629
2.7654923678117362
10.006332696416372
5.723608505257806
-2.4972430413917976
-4.562349457619548
-0.794856323491822
1.7229318745277815
0.008481856897160918
-2.120854149781665
-1.2216206513411818
0.7844784912365949
1.0618745987261498
0.45219211870744364
0.5813504206615335
0.7785516282085118
0.16831861023755382
-0.39734007289892986
0.05821497548102744
0.5385481608960123
-1.0118135385254567
-3.855039873063264
-3.389882556214205
2.5522530300495445
7.871543532423214
4.642321218595924
-4.396883594729664
-7.436943405157262
-0.5714477706970611
5.357799821614939
1.102010468792982
-6.121449623433157
-3.7399785871718882
6.28717650787803
9.92618127824046
1.125277032593148
-9.813482810041704
-9.368964556404865
1.8052530375613043
8.96926450544122
3.191436466021176
-5.350194582405095
-2.9649066280289524
5.745691914166421
5.763323173094177
-3.801125412113535
-8.958043530628334
-2.9977973237390545
5.141359421199379
5.813385538804802
0.31349103401352074
-4.187232206318544
-2.930294368272521
2.914732015759695
5.9721418701909625
0.6940410270089545
-6.3452562043649055
-4.423318384948076
3.103597630232193
3.2515674852312504
-4.104739622904409
-5.09443610893925
4.7194021106047535
11.76595360891662
4.870456091364671
-8.254786930886219
-12.492532857520638
-4.663811603035294
5.6271881271673045
8.652506839946863
3.370576541119464
-3.2342705199358774
-4.2599723318442555
-0.29331071094959626
3.2182375290270353
2.9877161444536706
-0.8281909708295654
-5.206596143018612
-4.797283000734852
1.4019337541881705
5.800215423547458
2.54906613032948
-2.3613338884330313
-0.6767878523804615
3.6894222403016945
1.3071603999765093
-5.661348667718567
-6.412718921026959
0.4893681066684803
5.6171737424407935
3.9734724536471764
-0.05251951805100729
-1.557374220661764
-0.1867154636898672
1.4686473606714334
-0.3687215083725287
-5.9921744719660675
-7.346205362117018
2.6058574734093614
13.951442070367868
9.329701873883337
-7.296707592425664
-13.164278783259473
-2.5941663972614735
5.411363990967718
0.8975035606965046
-2.7671739305135628
3.9764775283093448
9.492714784895437
1.8430539297001058
-9.98166360350266
-9.534997693365236
1.6146222268128503
6.9992586117028734
1.1769425885199636
-3.177815620562998
2.3133664890029197
7.241383793102364
0.4512457399320519
-9.51479164959237
-7.49734509528189
3.0379846914683695
6.490951617667217
1.3184082491060038
-0.5783182172713485
2.968527687428722
2.2232149422461314
-4.903239309609431
-8.614509097024653
-2.7941950740081913
6.837623489795919
10.310239371524762
3.800570047856626
-6.422662032538175
-9.950821700613991
-4.268737445020655
2.634644793266859
4.852416187450006
5.945158481983372
7.452504946727492
1.836910678946296
-11.224691319080186
-15.420011383928804
-1.7210454737271
12.980316954249426
10.589429689961301
-0.8181624089256093
-4.369447532445044
-2.026308924686634
-4.047185045879638
-6.07309407022177
1.852204603475762
12.688654155698856
9.180666501835667
-7.949915787407241
-16.199851083340704
-2.93138219754197
13.357554987185553
8.970141906860873
-8.18472902460916
-11.025544647648898
3.455646700170149
11.788343133655387
3.2329259036993943
-7.151663656501541
-5.926458914266805
1.534578591305989
3.6634680566133357
-1.5837629086042466
-5.83728113108244
-1.4103508057287948
7.6547092571059405
9.674553482785132
1.2378933216715942
-7.95957360557987
-8.284278040033046
-1.8802994392963512
2.4304258619147303
2.0360930809038327
1.9727096682537677
3.976953484989741
2.8819230099925357
-2.852103806515718
-5.895262200014895
-1.1337143014755395
4.819306165171819
2.645904224089886
-4.91532364493887
-6.357231934704796
1.2421473536400967
8.27826104955255
7.106990619456245
0.33668482023529545
-6.2140456661267445
-9.318968682560984
-6.7544499847999555
1.8182519917355071
10.932274757710351
11.985271197959934
2.9303762460361193
-7.881038086322787
-11.199603185744106
-7.003813142053336
-0.8284056076649909
5.00583656586397
9.877541272343016
9.459249150583968
0.7210764979389378
-9.692991441610033
-11.002994315949985
-2.5192814122665035
5.494556156224699
5.89984162933275
2.0736345967830734
-0.04333805126028489
-0.3049687550056808
-1.6741738308276313
-3.48524159596404
-1.9769779628946453
2.784417176890668
5.025287481789165
1.1040805370100173
-4.4197839095972595
-4.946436142600317
-0.7959568269944043
2.976605367286114
4.14758187314266
3.510946131836272
1.0520263422373886
-3.162815384562368
-6.396006330499415
-4.924781751792812
1.6195770729976044
8.270822692987265
8.151179491085031
-0.285890580254613
-9.630972256333285
-10.177858981413985
-1.2613916834905503
7.821162968840405
9.42860229738656
4.607236344840885
-2.2044552131892736
-7.4763991431775025
-7.0173516629480375
0.1416171368613162
5.909127990160937
2.0496912743198266
-5.2096181117438825
-2.4541378911183975
8.44674096216687
10.531566042127494
-2.079872576004103
-13.905735845760145
-10.632925575901632
1.9465532920118294
9.630505309578053
8.434427120738642
3.133198820823184
-2.4557604271967515
-5.975437589691129
-5.321140645734952
-2.0044749129630866
0.3720571093623649
2.131312036781441
5.300276862088379
6.3988437347109794
0.6133275869633938
-7.390672924332576
-7.848570402952815
-0.7979667759021503
4.89734712738242
5.309753926704743
2.9842753204538295
-0.8675708946440086
-5.442765425752392
-6.400582842918679
-0.924265892985231
6.534451885336798
8.665805558508389
3.3384526352349213
-5.238099176888409
-10.296063701452198
-6.562524315719738
3.9438445087549217
10.416607265013273
5.221564845972834
-4.531738070645165
-6.335299962984794
0.1140832878890872
4.344286863459812
1.295775488798312
-3.249891875135895
-3.000182739810608
0.4033417647303889
1.6606512883685431
0.36382688618571074
0.6232795391909322
2.923125240761397
2.496405144346322
-1.9103114620274357
-4.32147015060513
-1.190394432312265
1.6341710287491256
-1.3278015221469441
-4.127559438453794
1.162815178212122
8.214944229608477
4.5851788637014765
-6.0061462779494486
-7.079690611060299
3.9391049299231513
9.734567989655309
-0.6106520190659058
-13.366465975245161
-9.610795619731226
6.122437606728322
13.024192761575721
5.299954727385212
-2.9671885140849135
-3.1705576505516024
-2.174193975836124
-4.497335373793408
-3.854106557586459
2.08832586926889
5.70010036040432
3.483331592860783
0.4820566471627779
-1.610994602292133
-4.969577238326521
-5.286365091216847
2.5992263400513362
10.573418384296243
5.619248846942561
-7.982757194101026
-11.941676251668664
-1.3187162219199897
8.734720133149084
6.835808148264668
-0.7685508550002829
-4.07485593612862
-2.756912124794504
-1.0845536479586066
0.36384438454276796
2.3097461461578592
2.4432602740577187
-0.35298205569719077
-1.8613229489280285
0.9098718767518894
2.911183233834745
-1.7219522149369986
-7.923789787364012
-4.528111736234596
7.38382306938193
11.985346447022435
1.4816264439617124
-10.185262132473037
-7.491968258395318
3.612771106685452
6.532844292933235
-0.5156456725935145
-4.742286313950949
-0.33070523456825196
4.020245883245352
0.5131465637303365
-4.668959872482088
-1.0088120204287
7.576102973994647
6.2089950028563905
-6.352098957305234
-12.465712151539037
-2.3012430844280503
10.191916762791267
8.491626361287338
-2.4992148073289386
-6.370647036153619
-0.4780366177572415
3.2704423979498256
-0.6319413599997568
-4.205421209501579
-0.8060091362504025
4.605259253848566
4.100845890888244
-1.0347975911198832
-3.25797198301624
-1.3462507480272072
-0.8863370564742599
-2.3513266476920873
-0.006490173835244958
5.971521099719771
7.269224385245605
-0.13350609636581964
-8.986999929115447
-9.471129144632593
-1.1881065780033173
7.070052941504557
8.340677746210252
3.993090743968925
-1.1297649986709555
-4.718605128452668
-5.823212521788271
-3.08979079457476
1.905468899614179
3.9984905811518296
1.027906037624892
-2.2847338373486386
-0.2642441205699371
5.44971216628503
6.387166855860725
-1.9548223386636967
-11.732530256671218
-10.7259626530748
1.7118589793170105
13.016036064578856
12.049004531108089
0.6466580861397141
-9.585088728109199
-9.654330083028091
-2.078945628859795
3.5136730318285267
3.284263430663073
2.453928271420025
4.138128170386347
3.1004417274102942
-4.073388502349052
-9.907708420246841
-5.143728642555635
6.500100306316328
11.087752717176022
3.0058975638721965
-7.123787014670224
-7.648813373433889
-1.1800400593391989
2.854905073045999
3.211577812292714
4.199793572105192
4.156170245493917
-1.6378137655917973
-9.157948249176574
-8.290676647971896
1.7513693796648775
9.479022854172193
6.947607269791401
0.12829273532616672
-2.309512344933588
-2.7879398739662973
-6.954283685716811
-8.305306301961261
2.5365751923617252
15.917544038507002
12.077513787084671
-6.786463134594783
-16.31731686949339
-5.974732755843498
6.8048780052861755
5.674974704682907
-1.2721241783029915
0.3273997492350535
5.669375907726086
1.6674994063187536
-7.685089610359876
-7.669949039704864
2.018689259799079
7.809814659811781
3.891538658164357
-2.2405549910071643
-3.7124191208875597
-2.1437664310054756
-1.1038244463042235
0.3513602807012378
3.8478494601350985
5.450244485768969
-0.11700117699175847
-8.417292738867157
-7.135574438361174
5.195998156307423
12.1430254406606
2.043918390325313
-11.895499217840975
-9.317353815930723
6.439655661219292
12.73085231213794
1.3325664945469515
-10.370531555256909
-7.008169524749624
3.6161796080137134
7.043584822681634
3.157940329713804
-0.9134718412344331
-3.6556886178060033
-4.979855738783406
-2.1397569478381038
3.3810503453127323
5.036691457299768
1.1419126226524858
-2.2996340087365885
-1.1424732212301796
1.3033769256773233
0.7126789966099333
-2.038257272227492
-3.426028113668936
-1.5660991409415983
2.58703320120791
5.136090164614597
2.788522135482756
-1.643815636804916
-2.8461173502350223
-1.8646133067316653
-2.73843318968025
-2.888200325253586
1.9194547195753449
7.071317451392448
5.301761270099887
-1.3367231965707265
-5.4907142866535
-4.934578977021111
-1.8544687603488188
1.961019813848617
4.198382093043002
2.527649825179946
-0.9480592343040836
-1.40261658146766
1.3664327647026329
2.238275240361521
-1.7954305255340501
-6.554010540849192
-5.055862898198029
2.674279600855227
7.964713539499742
5.223470481910027
-0.2981823119680548
-1.993527837712286
-1.8620377923124958
-3.7994680727626755
-4.509686300838461
-0.16648143362692983
4.103491335513686
2.1039104040909065
-1.115135715917448
2.4496282711795563
7.389891942291704
1.9606062218160618
-10.63403876814641
-13.7723941232697
-1.3149702567937929
13.080079931337394
13.634479214843203
0.7353854381843126
-11.31484626929597
-10.251863375857875
1.5698308898785776
9.818044819043227
5.1973447469746725
-4.758693060516926
-6.661178890576081
-0.21873632336765847
3.3655889854802266
0.009792637290430374
-1.948183273121189
2.702890688043831
6.4742832465700735
1.5211610447718176
-7.124641390063018
-8.795597885399944
-1.851710229384046
6.166165659476652
8.627139137370404
4.359845392661956
-3.506057154237904
-8.481199666692667
-5.141223504803782
3.2012633976780016
6.368595258663739
0.9268789012393138
-4.0112045618889836
-0.34743226750424533
5.464782866888435
2.093806160375313
-6.952307936643527
-7.231657050419754
2.8502247454302236
8.742207464976074
3.070461010226637
-4.570169405444928
-4.574762549936003
0.5969519015209915
3.509635882451032
0.7566058750203805
-4.520639134040504
-4.682085417435813
3.066666233929226
9.514976167654048
4.595457081430124
-6.349789520129913
-9.002487908350945
-1.0928088722633542
5.395193053039177
3.155705756039707
-1.6001198038452165
-1.9841809714911571
-0.2839875153909094
0.2059569756527871
1.7205889367431095
4.017176611622385
1.6076106424997572
-4.787745707648112
-6.457159571437828
-1.3638472952340317
2.6116689445864503
2.524905408228683
3.973308154530032
6.587647449170006
1.8224740351926791
-9.240635453857253
-12.004303156045047
-0.9287638936902909
9.167845693851618
5.4773760840895624
-3.02518712392523
-1.4851544079818244
6.3586765033661035
5.115199709786544
-6.231370869558982
-11.386367142176836
-2.149580123513333
7.957129330769123
4.706508970273907
-4.408174607727186
-3.2136712336966435
6.171351094242709
7.157528477596319
-3.319274448293115
-9.361065892117638
-2.282413975680611
5.819200261229049
3.0333652167706364
-4.356433769063458
-4.567598511971884
2.6447203871058647
8.447915215031816
5.448096602380389
-4.793856793477376
-11.082682090150982
-5.100503632186074
6.062646633987026
8.869873484233961
1.7829711325840447
-4.799986355131622
-4.154152389803908
0.27177086565858816
3.0076337874530426
2.7022185688240508
-0.39721090749769744
-4.674622510128734
-4.738705918806141
2.187484515455931
8.520301237644016
4.899136863645953
-4.8420573881699305
-8.143030850327566
-2.412048791558711
2.8661853572005525
2.7890063803863288
2.159258756317142
2.910694490509474
0.5202938848992336
-4.590589682951755
-4.85889624333001
1.1751170983298265
4.67382395836641
1.1086381969329233
-2.4480460460250697
-0.8989468638186088
1.2174776328936876
0.5267790066879723
-0.6180333903855232
-1.1202747883645316
-0.9343295422856711
1.3042408460774455
3.19318790065047
0.35827130389120415
-4.0602992726017
-2.669153996186294
3.36204074862834
4.948285954645164
-0.9775630793893474
-6.241194087219728
-3.083943568423855
4.175061311547128
5.112504644460405
-1.0999627415993238
-4.4997602613835905
-0.2865177095831549
4.111533397903787
2.1527375818480885
-1.9799467228658927
-2.4764260908557674
-1.2922956687800566
-1.648958124199235
-0.5145793031441915
4.024776734295671
5.399386601625085
-0.7395559971716047
-6.097113126117398
-2.562688006116322
3.4558323577478003
2.6818460219640294
-1.274461587760297
-0.7536799772473554
1.2288422156002072
-1.9460079934982812
-5.748948318687213
-0.6143150040017528
9.591239193236687
9.880966794594672
-2.766828776441406
-12.807405808211735
-7.9288668438393
4.45893876330528
9.053604179539112
2.63202845223764
-4.733651318803063
-4.492095101173925
1.1044650159033258
4.777614411895108
3.613596648642403
-0.19984552054233176
-3.9425131162058737
-5.571759763224157
-2.7700749544585084
3.940592121511667
7.65643537762716
2.0742250328871483
-6.6273559615175435
-5.680322564183787
3.569755112044601
5.859545574967272
-2.389122881325799
-6.1206762660377505
2.2708979238456632
8.95987216153566
1.5658197109485719
-9.860409314581448
-8.039549388501522
5.195326507424422
11.486786422988324
2.1613350560226623
-10.011369377028037
-9.213907780303149
2.1582591635407233
9.622350819373146
7.317928599610484
0.6937239249029888
-5.406322678276627
-8.63424510195668
-5.413863294720842
3.2521500918292756
8.489342024697562
4.603515031299064
-2.6594251830165048
-4.666034276872285
-0.9827966889494313
2.3007853652186596
1.1597172788302157
-2.3737540079781887
-3.3081110988798654
0.2103056136806121
4.702366633014015
5.481414753859263
1.1476322216586177
-5.253301092821284
-7.663283702867356
-2.779406019092142
4.35770555916902
5.675933619743916
1.1971410054141223
-1.3815752693992822
1.244803496998605
2.7480415892196697
-2.5826216420519175
-8.97225811674435
-5.656234105224944
6.280392312598595
12.234756427013044
3.8729936806519545
-7.396042958936244
-6.6351239968558255
1.6568486851311575
2.1437791575091465
-4.677525701835097
-4.069840178792441
6.054105145334084
10.353560233442293
1.3419067220007126
-8.46674017649945
-6.5280382295597175
1.9792016356351154
5.107665485704592
1.287916456914577
-3.2497956114164173
-4.5362548882822
-1.2518938216328381
5.715703938488562
9.024073173017976
1.117635020895966
-10.729734857252451
-9.640538290522398
4.819239363426598
12.522989349366926
2.484823179894387
-10.456199296459644
-8.441327104198779
4.141586905284825
9.5389697469491
2.298098741961884
-5.584005416242568
-3.416194880430685
3.7599559663758373
3.590066132558965
-4.624823222544583
-7.376221718835348
2.0987205790226997
10.137608118188973
3.1603543212693492
-8.420230927410627
-6.4730185732693055
4.523122935071811
6.43122247995487
-1.4686394607531377
-4.129419390554579
1.43651992094072
2.9594831431973323
-2.933744617359982
-4.826199661902626
1.6371250155121218
5.743163905023969
1.328367166522833
-3.6667631403642966
-2.6849724478466768
0.7682538871314897
2.907040263336089
3.6004724441653404
0.8496237090820055
-5.800077769272066
-8.915181256738354
-1.722603110066415
9.558235382609041
11.688684772958913
1.7024146863550098
-9.335058372478818
-10.26935634042277
-2.014909164621744
5.767449837704282
6.567648112938531
2.6523367476293833
-0.5382478413525056
-1.8441853502806282
-3.530274187195566
-5.317031941271967
-3.320980600556754
3.8277156066100457
9.920757160570435
7.016855508892406
-2.886759534331895
-9.181968123855112
-6.893870821144549
-0.8692170895088982
3.496185040368602
4.6971014236966955
3.3165096313023397
1.7379057147106995
0.8962820727122921
-2.2392975480560833
-7.083634794276463
-5.905206453412463
3.2073849296454857
9.15298236549662
3.496912781079663
-5.434122491307156
-4.547639513436916
3.9533348101552197
5.79623563814102
-3.309140708773671
-10.143552826865578
-3.199374392979851
9.303610320706401
10.290204728576018
-1.3861327522827251
-9.527973422262685
-4.829569635857543
3.02287950841993
3.02975045904258
-0.3925397552065296
1.698076730936619
5.611681618344197
1.7030311926827453
-7.736976968289396
-10.05517095675664
-0.785445250042923
8.906304641842382
7.145729946472233
-1.6242331099426937
-3.6740033468215207
1.8611288089015467
2.7868923052834695
-3.740020249386317
-7.070395884940373
-2.5144758337072814
2.8522536236902383
4.176530797188768
4.261219926322322
4.825787754374619
2.6238511542884146
-3.576851203980825
-8.703297237879621
-7.859253207287138
-2.198528579034936
4.475434081625825
8.544964831755035
6.134824393067388
-1.1765591251786434
-4.216429343046692
0.1773683638595453
2.3644825545605133
-3.1658396405906557
-7.411118768405298
-3.3101744445301327
2.8363537545785045
5.000950717426051
6.328132170753772
7.275789493575178
1.3294717762885204
-10.15232755282243
-14.150805925305564
-5.008015728647496
6.284757758573448
9.349180834813538
7.316950655066508
5.067647126407154
-0.2961675486130742
-8.550607344163605
-10.697368591778917
-3.235320538541864
4.619798669522923
5.2609152678079845
2.6468835439977667
2.0743515755469875
1.1691525168672372
-2.6441879506670096
-4.870439222037892
-0.8962198331754286
5.034281494351804
3.880407743701698
-5.089715399336625
-9.80678249846517
-0.6266341394567346
12.237634705668983
10.083213759975552
-4.891451475819627
-11.08521858492907
-1.873151126492762
5.280499392366146
0.48226478229008035
-3.565885663700964
2.287455051736323
6.9138671880656775
0.23058152487715328
-8.475469754534682
-5.972562454945292
4.111045666389702
7.328605816641284
-0.05409803678279837
-5.6011064859496225
0.5077336036504013
9.20892021200853
4.970735029445153
-9.560822004183615
-15.03715437822676
-2.84642592613048
11.983956699004318
11.545724341453948
-0.7854135045476742
-6.838330527615958
-0.2528182066639534
5.3580533966925445
-1.5902647310751417
-11.370057001986323
-7.087598730034542
8.345894409696722
14.897407064281547
3.8826264842745615
-10.167560104267954
-9.441003802475327
3.4424364273629307
9.486119942184606
0.4188419810262693
-10.265748535063794
-8.365607435457834
2.3917103362628933
9.103627609451923
6.702767690730099
1.737713834779945
1.5063755874352134
1.5452084658813505
-6.946745701769521
-16.62121996160281
-9.967446245986494
10.210663787040401
19.709154128680254
8.66719123659837
-5.5017186635996085
-7.705545158622158
-3.8654205761215583
-3.2247561623182923
-3.3564511956944645
1.1176622026092806
8.086705036915236
8.804763118219247
-2.1031402314337706
-14.678562709698982
-10.84078323773811
8.93256760617132
20.447138926096304
8.060106479111926
-12.163579417284843
-15.54892045195974
-3.2686168863149634
4.751886661848338
2.6847871706319237
1.9475759331013183
6.038774955624978
5.042692693622133
-3.928225425406558
-8.986594868429965
-2.269998185825213
5.808717097304249
2.2476567954952182
-6.725076746325426
-5.164416451539085
6.252258119167742
11.269122044338681
3.587348489195427
-5.602611906906882
-6.75730697297923
-4.0038958926222765
-3.4599538057239405
-1.5496550742880737
5.916649288210141
11.361940667090048
5.286719040575463
-6.243975099746497
-9.402756184103236
-4.16282952918031
-0.6432590278014938
0.9347910172043933
6.383230986967945
9.864359524971224
2.3270112824915197
-8.587340316773512
-8.85895761083085
-1.1967013524140293
2.1000239614453773
0.4178060405030956
1.4189760917176524
5.416232209025766
6.067237039344459
0.48562251757982405
-6.744777340351416
-7.809831272756868
-1.6878722620252766
3.125495512338671
1.6966775697886836
0.30737481616440376
3.4971357690267837
4.989328786300128
0.08467339004275265
-4.858995298905802
-3.9081536786558986
-1.2131869598704657
-1.1834553873242588
-0.31014487459033574
3.509931978555723
4.91921432515926
1.4102203261916464
-1.573247423825762
-1.3289257141140272
-2.1413870985126864
-4.657052491910191
-2.9216342802100495
3.8758994126813517
7.602702917975426
3.4822438957978905
-2.7025829632896023
-4.278288513967895
-2.8030893062601616
-1.810696100158451
0.37017736066827706
3.8087169584014324
2.824513429623577
-2.38684155670333
-2.525900833384882
3.6175459928141946
4.518145954407559
-3.1874937691744436
-7.158898529995691
-1.0107420344936962
4.848061523610008
2.3158419579579808
-1.808188486129412
-0.5122633055345875
1.6580574743447516
-0.08700566299555158
-1.0853783249422642
1.7771275876610713
1.6537592585984688
-4.311676012274076
-5.995579734972875
1.3799382780218756
6.411461493729792
2.488934285092392
-0.5147040105185203
2.825536293925221
2.4449336657815586
-7.0728414631291585
-13.285333441692718
-3.7006759640012774
12.896237399473005
15.59117949048569
0.5645047771354648
-13.019287803294596
-9.785315575779487
3.5336697043002827
10.83703464714143
5.644793605911982
-5.5629544215664115
-11.22794884320778
-5.444624471512283
5.6235928530486365
10.203369111051234
4.768604508107838
-3.1375724592128615
-6.012629455159744
-3.8166292697736393
0.15544344794022205
3.672584788174146
4.43424043273455
0.6834044803339879
-4.775745826743591
-5.581811607811308
0.22405865636344657
6.1936841453858635
4.964872972990577
-1.9699638256496157
-5.812592308347905
-1.8387719492787715
4.12716123721727
3.6436925934858033
-1.9611143354593525
-4.034048855337836
-0.9765726583460562
0.7700484108345798
0.5229271093364727
3.4611222230053134
6.317536783242207
0.2723610067081979
-10.554303283495525
-10.871234513445518
2.5048352204197246
13.530039844936208
8.707555262296623
-4.0635481663023265
-7.879816105885473
-1.967332164224605
0.5288402947496191
-2.618214706221184
-0.6537958498652849
6.193229955000457
4.721289482133148
-4.879024030658511
-5.849571728054081
4.976116817256146
9.00395620087436
-2.2883056095434036
-11.607012216796456
-4.935191694669599
5.873378825184127
5.063111572029114
-1.6515719425185202
-0.4293225024576597
6.366480321826768
5.352600371054288
-5.55482539952708
-12.714806515606842
-5.3921005275074085
8.315715274388202
11.12465362377938
0.34164606283402543
-8.517507522188357
-4.209812495203507
5.473715198103041
6.998961184684229
-0.3489228509997701
-6.681891066689458
-5.91806129920304
-0.5724878839038965
4.1266003848480395
5.257094688837342
2.969229484388531
-0.7923565299163572
-3.657379568664365
-3.401895647701574
-0.2517437648252822
1.4812330248639864
-0.42509677582517486
-1.0009558809786332
2.729165178184317
4.192794464454092
-0.7117969860208387
-4.1244411797459755
-0.35418605082900084
2.5183505809570588
-2.4391901409279075
-6.50490608561425
0.5054392571639009
10.716998787263524
8.273735284898754
-5.242641920924642
-11.952021016516653
-4.629455410734084
4.711521704916874
5.956680728243428
2.895325791646008
0.6966085705307365
-1.948411939057136
-4.692890252309222
-2.9469175498901747
2.832216291737816
4.86807838589559
-0.09203646920141695
-4.1523069183541725
-0.5435200564815021
4.442882041186554
1.5733821862535253
-5.239116765234958
-4.763616357990718
2.831281935636613
5.950608031542916
0.7900786814856142
-3.094424341922261
-0.14609859854499657
2.333943554081455
-1.6550745170356975
-6.094667611733822
-2.642336250174972
6.200384904594673
9.23980478853412
1.4943793834814207
-7.625309377661877
-6.849806811287173
0.301794483961153
2.2945769751682463
-0.6697883552972986
1.0086947857133421
6.38214100851799
4.778475502248077
-3.372289307047494
-6.039658969159773
-1.3598395663677736
-0.3049695932457048
-4.931094723482162
-3.4254393968000247
7.666683457339656
14.03844956321269
4.942022069578113
-10.010083969829994
-14.263322126321059
-4.8700387824028235
6.9719337923062
9.95135521575672
3.4883403529612433
-3.606098036257072
-4.465087499968397
-1.5616544111512418
-0.10128304198753803
0.5406858507029868
2.6391306342286263
3.253593673400535
-0.49611406064597613
-4.48061995932759
-3.441371791431626
0.8594124849476847
3.0079351140146464
1.441121279971003
-0.5057877641436849
0.873308130293296
3.8204120005555833
1.506782896849679
-6.784498136325883
-9.909152457759163
-0.3787979792788901
10.797566306844768
8.469644643045457
-3.2871239785614073
-7.29467613397214
0.45124472666998156
5.679841004641973
-1.0226356037332156
-9.318228945579401
-5.399959376945367
6.815298074542878
12.067831337366282
4.814070672253348
-6.187096648862039
-10.224411851997326
-5.069541581129378
2.8460832093628166
5.921070418135206
3.3165141048260462
0.6711508031556754
1.1968609544682416
0.7678661534566131
-3.9354081243696797
-7.646318914793961
-4.276453770471547
3.219858091574416
7.714275632816451
6.72556033696518
2.36094262964091
-2.5834177392441315
-6.415557786049434
-7.577868087265473
-3.7745822105980267
4.027448006759036
8.892410581642544
5.446635389895164
-2.224476905190384
-5.583247973532349
-2.455627033170049
1.4843560567193739
1.5662158965439839
-0.22705411096233274
-0.49888898208224575
0.0044649189576672
-0.41769912876774284
-0.7422276119512793
0.08745518513065807
0.812643963869674
0.6778143245028427
1.392697647858182
2.9544011280031115
0.9267393232882922
-5.659738702310855
-7.997204888069496
0.1806006268902254
8.860912243071768
4.825210943009315
-5.8244884837264
-5.324158026821083
6.864093632050379
11.015118890087333
-2.4201465108493556
-16.00308881329126
-10.216538862902421
7.462760438179288
14.108662404657645
4.045824475012618
-6.72497664425985
-5.35723424121358
2.9051998037764433
5.108483241063471
-2.4616627574173258
-9.889813374144108
-5.625446298211989
7.408994062908433
13.425630104138584
4.965637179878647
-6.618400553469629
-8.48291997585643
-3.4638094698534716
-0.7954333413533807
-0.11627926686237404
3.6365070898406584
7.220914984221217
3.7016682158415146
-4.141108467575201
-6.467179441038813
-0.9378524188468467
4.19434943701194
2.049681463980704
-3.8017954211332006
-5.123542066844108
-0.3834754222191557
4.827565739796395
6.434365194800505
4.392672717917259
-1.0129857297857492
-7.957760904803527
-9.970785775430016
-2.133683408247593
9.218562448052795
11.337810462348903
1.6876701615475287
-8.671204258691693
-9.624117527544046
-1.7777344805045343
7.324313332491878
9.932972451168354
3.4011674794292284
-6.685862403778263
-10.616199385146349
-4.59690536275924
4.674412518747657
8.192784412049322
4.7479377042632
-0.5260752213184299
-3.052070455788904
-2.256306592061475
-2.0665592262043897
-4.669144936480847
-4.098849298187735
3.91012991460656
10.88175301459877
7.253859478458066
-2.7386276877439686
-8.284663275393108
-6.49037177677189
-2.2927984545993643
1.0369806458591198
4.096924992174057
5.461002794111817
1.992867564397027
-3.365206048898344
-2.6329321538328143
4.2724404048918805
5.669793976642547
-4.214894599658932
-12.157531728411865
-5.354800504597547
6.334232337790262
6.802168281755888
0.11592769380699383
0.7444848621622464
8.086980150357732
7.731019961074663
-5.6689872810231
-18.481605658749206
-15.180502664070204
1.1855193948294993
14.125173584659478
15.565560216289862
11.16262879516721
4.426895212465277
-8.721323835985759
-23.267225174542144
-21.338530996709462
1.6647661988599236
23.381987440210985
21.227815127551008
1.2546087259955565
-11.799248813173897
-7.1440141032866205
1.6803445268759278
0.07214675125679346
-7.086663239950203
-5.682330307924613
5.699971127350453
12.391415524456114
3.0753631886484594
-10.799853068039434
-7.798975432353262
8.601229493937042
11.609906430216936
-4.454253172417493
-12.52885629775902
1.03112707165249
11.633471470761831
-1.8814973395014782
-18.848750901980466
-7.982651040015634
20.504190120369977
26.99012113444399
1.4540736406920087
-23.386632983421677
-21.555552674522417
-3.9978632040157054
8.850549956192923
13.850836438419217
13.396326966032603
4.04687145768234
-10.321847204679912
-14.795560105997422
-4.063856866049623
7.803243201746197
6.589178502156931
-2.8445258998003387
-4.999352668123606
2.225582059764791
4.539880339192537
-2.6178800137901423
-3.9430528492815426
6.443248394278314
10.527364985694955
-1.6765606123448162
-13.607551039340581
-10.369142500884255
0.9061751748593717
7.628530329819831
7.516260479923276
4.124082511945169
-0.07490625363783487
-3.9800084955218837
-5.66115276542533
-2.788684091313949
2.492036991206108
3.9994385860515
1.1727950675569991
-0.36440517044617626
-0.7059734378512571
-4.126620058706125
-5.374430681902466
3.4913784451202377
13.430513893518302
7.164443808245554
-11.612099158423355
-18.53688179499092
-3.0745418352424436
14.966212583685348
13.650647439656844
-0.653238406957964
-7.061116900726136
-3.4252991322923485
-3.544463558334796
-7.176940325420958
-0.5632527561706382
12.910881733356796
12.925010475810089
-2.7852310715723263
-13.47899884188114
-8.49705350885413
1.9807214460348415
7.69289658575377
6.862389345868873
0.16327494626075245
-7.346698316823842
-7.112122528823723
0.8818258172747111
6.827270617440837
5.262047899002507
0.6143506141640664
-1.9906170621361179
-2.346746367949413
-1.7124127344852025
-1.238309233512573
-2.6544057820073736
-4.311078878692779
-0.3905462020197076
8.952553441337496
12.557376202105248
2.41508049623444
-11.883129602655456
-13.062805285146299
0.2984324079021355
10.485336382328878
4.9098881247489325
-6.779929291213436
-7.818796910298304
2.946594745629408
11.815830652469684
7.654224091112437
-5.61707568631007
-13.205441319265026
-7.292179875245069
4.342971214941149
10.396442213127276
6.926855684677511
-3.373443484588816
-10.865346368912563
-4.643017258904953
9.921604415188424
11.999099992584236
-4.5738779374403915
-16.992882958562017
-4.646843395103333
16.992006916832473
15.251139629653442
-9.982754182527168
-22.87013863446272
-5.418926886686341
16.202787176563422
14.901002291139065
0.28914592765727115
-6.20689502588709
-3.5775098712775213
-1.5812168826638155
-3.0019727696615037
-4.193533207686094
-0.2671819504814439
7.036923642827842
6.570997822654549
-3.862501257850745
-7.822495524166047
3.148538595757728
12.128600363013168
3.8417994712491588
-11.47878749079955
-15.322323032044808
-4.474553101351165
10.23087957722183
15.53577432171677
6.018817066988902
-7.89261256397703
-9.306269594673445
1.1616222507073284
4.992784871384166
-3.724856684677917
-7.526154345453387
2.8866076935983074
9.935186630467605
0.7687656908751574
-7.9486740709952635
-0.8342251165667329
7.761920641223294
1.5276435331341542
-8.624938573448752
-5.978447922584548
4.763390584544961
8.985533041350985
3.5314512212414244
-4.669042771272415
-8.82190455782844
-4.883384766531851
4.879877072943923
9.544801885978076
3.3524981228468658
-3.6980053500701637
-3.3779994314242914
-2.450837872549557
-4.288773514701235
-0.5925893513041615
7.142938918666255
5.056251121930279
-6.208091285023487
-7.81900088481224
6.357490699731739
15.857422484364786
2.997752991665855
-17.67982335101717
-18.390532052551286
1.2729702872274613
15.67272021308953
11.025417832341265
-0.3307850361405747
-2.847010768415706
1.715342376219624
0.35159811824830944
-10.642839076475134
-16.82202382683717
-3.258795649629605
20.220154667384012
25.22697728125318
3.0024904645315744
-20.11375846731137
-18.677963974319034
-1.7058875486913423
7.089025962363181
4.832168156640881
5.051764565517115
9.584081528567488
5.441382306551192
-10.367513470756265
-19.76579467270769
-8.19173101397182
11.75470594452495
17.20030080461445
6.3030683087370685
-4.244259787454737
-5.873597223503824
-4.873442858157707
-5.2992048372671965
-3.0600994060431423
1.6963905757590338
4.014342525462428
5.413654924783033
7.829627236401876
4.3502558099910775
-6.29223447698933
-11.92907168926577
-7.157548214066038
-0.40817548249284846
4.540958135614854
10.425175378437666
11.180246036029219
-0.4647612518433896
-13.283437716369606
-10.160568085695918
2.693608938529963
5.224089027790857
-1.796415708395234
-1.0801063454734323
7.465302930003385
8.178798569085298
-0.9583099482799426
-7.4002548937806685
-6.740662042932029
-4.995167457888227
-2.9007456525452313
3.8463832821796893
11.064616611672784
9.655787015124593
0.6986956535724123
-6.982497474892658
-8.673893957117182
-4.932906129203664
-0.1778917762513649
0.2325593270088378
-0.6589417779139307
4.659008945442958
11.867687404079724
8.706366581967169
-4.920272454488365
-14.539114975439976
-9.428098927460553
3.2244457777401516
7.133664687711433
-0.7858750868498409
-6.175464009561808
2.0959377286251857
15.530772960467113
14.76479434651878
-5.451453187218037
-24.95926370385522
-21.039167938428033
2.787827314881719
22.52590806205408
20.747045193424285
0.7339224109899903
-17.154815422819762
-14.271052635564063
3.6096313596034033
12.682445637762331
4.283078926099709
-6.521381485867902
-7.472684296113592
-2.6924412161616895
1.538372531107671
4.816230477169098
6.227283460955757
4.092179573371666
-0.057545819822357076
-4.211202448933999
-7.173522985181707
-6.326968417102569
-1.1353589520502212
4.450486902888975
7.486226887074625
6.8994345666479475
0.5335620495776988
-7.88999363800526
-7.02248415232184
3.9907039563556057
8.48581381658953
-3.21211713396569
-15.214650494549446
-6.363729615817614
16.413261090982854
21.67690950793174
-1.3324557704526048
-20.96850374104646
-9.86423818849083
9.987943825649577
4.7686947128625405
-12.262673181626148
-5.021149809412659
19.37059644813027
19.662601839279283
-9.522493134941191
-26.93574647152138
-9.896642471345361
14.499095951100378
16.2259451907105
3.3458970409600157
-2.447482928844224
-3.0532352337378765
-10.513125612039833
-15.552958150079405
-2.1619327128034556
18.72524851999665
21.90693833003673
4.409529481755019
-13.74416676350056
-16.070773386033835
-5.187822220494642
3.707258093160845
2.6599805715626306
-0.36197903684329846
2.9639449908984177
7.903145498107856
6.306847616835999
-0.30361642224609087
-4.887534526868311
-6.455201526312438
-8.794462207658192
-8.952588327842966
0.8972062333647188
16.193036008595183
18.53659960210919
1.5745482770027897
-14.530380916217673
-10.425838679384782
2.901040225254437
2.917666290580511
-8.354744982636802
-9.682234244550123
6.411191995706291
22.276289935770894
16.262816654819755
-8.302314722250042
-23.36850379397397
-12.977749926727155
5.108403638817345
8.080023582508082
0.41250515106662244
0.35871262989031955
8.549206410049967
9.72097601882701
-0.6035713225040641
-9.917708411087098
-8.953970140650743
-3.282699028344246
-1.9571061959685663
-3.2344659939903946
2.562888210879929
15.252663316569484
18.231035208616827
0.5889483337383663
-21.6986308750412
-22.86009945105789
-1.002014972000383
19.878334797111446
18.48253967478274
-1.9668392002854482
-17.73955390771435
-10.384354351433977
9.281409004627614
14.154035805104476
-0.23961301718402614
-10.951503654728805
-4.976492188469616
3.4952288121835933
0.7217776011003324
-2.978490285986147
6.303143636564002
14.933389634737946
0.2144236137926697
-23.485793851483272
-18.04916721080068
14.129732636988447
26.316758977912286
0.32736232005647176
-22.994779905593678
-8.058929313043805
20.024277292465026
17.31879338078052
-9.938544326672982
-20.44600052752115
-5.561197766355486
5.0926486148690255
0.4899650719977862
2.3373867413840044
16.352697449405042
15.959499474622579
-8.555967719831298
-25.8799752684115
-12.262385572718268
10.57922591669515
12.349831305050436
-0.4365613808030746
-3.841071674622634
2.5618303262252513
3.758618251620665
0.5981725438420036
2.797254208443471
3.782687093134332
-7.45117758725637
-19.571635848483506
-12.442743054420836
10.433617652767799
25.90796328911483
20.142135419372284
-0.770090829239707
-19.85443838936271
-22.29011932650005
-8.7635054204502
5.308052648911434
11.172686170555663
15.068802287697917
16.1353741204286
0.5853071920096272
-25.065365048756796
-27.30146077113915
2.9530484657912495
27.06457824274999
14.660060401635361
-11.130672301372346
-12.711483481727957
5.890994393253553
12.060440954271199
-2.613541172130753
-14.509770082865424
-8.861181277142174
3.254413796368946
10.000529108917734
10.944859920683744
4.79457199952208
-7.935985506748602
-14.433378979118485
-4.833015413491158
9.156854032430548
10.151441612427371
0.7122718259608652
-4.574300986724026
-3.024388588930042
-2.5141120260494625
-3.9562218312855757
-0.7333787433492067
6.992882287727753
9.281265355360803
1.4539415057761467
-6.854265998106879
-6.102054749006295
-0.9790435986726002
-0.050287971464610684
-1.7979523307354288
0.028402920626669225
5.576167702548559
8.598158095199382
3.4086506027091557
-7.6345965517210175
-12.998292722666621
-3.7682780593529692
11.264307852862498
12.090562102387889
-4.130462942628389
-14.701971234114774
-3.918913982815682
11.585092202226202
8.89031040512836
-4.115482388658921
-4.19716575041948
5.057566809395706
1.0952086917717103
-13.483738094091038
-13.155109020086785
6.869312162028649
22.229981748956433
13.820992515775327
-8.290779711233474
-18.083692000049382
-7.936378698945331
2.265934163516208
0.5215405452680975
1.828289603313936
12.944446891806756
13.323207242701626
-5.463198838177442
-18.772863311244368
-9.721246336678638
4.9093936258773585
7.845575474626613
5.380388476966607
4.314422742324987
-0.7269462484046436
-7.514383465206594
-5.391262556058049
2.5202083602431293
3.5266030480643535
-1.4616308546017656
-2.038017141178486
2.0558816594042866
4.472148606355411
4.784993917955937
2.556872519635919
-6.446596818811216
-16.071410290184325
-10.594126604574438
9.358880938782375
21.70628879551642
13.066647472757952
-4.74082534124992
-14.502215084384046
-12.039690611417255
-2.2735762419567767
6.032421368773479
4.124722409274646
-3.021046631829653
0.893715436374804
13.408424427390763
10.504057735175374
-10.535819125079273
-19.778619703088715
-4.085964263512003
10.32508074519264
4.029302062338314
-5.194549266094576
1.4474259227078388
12.07978531055134
8.767165430502523
-4.8008813038395965
-14.94854922258842
-14.390447897684194
-1.8772555513093052
14.319998203252927
16.69571085975993
0.8932223022726018
-12.74798621016002
-6.973382724421606
6.913254924348869
7.812532841127804
-3.688126315025574
-9.570113603933704
-2.9479067963535144
4.426517085068813
3.3905522909296124
0.48630199952322584
3.137035353169618
5.169657891745242
-1.6159644595652822
-10.59834685499665
-7.664197371433856
6.663275355137542
13.250498830232129
0.18547966254376957
-14.794683196971304
-6.923152191609665
13.93814120646545
14.678086881755846
-7.231581259292642
-18.936187093326193
-5.01011573049817
13.468139673678808
15.815773082964942
3.676278849861062
-11.961757414509547
-18.798575532005547
-7.882528923373041
11.421160052540156
17.726509555976737
7.466156190591459
-3.148342059651432
-6.091746754881115
-7.846823456572496
-10.45876400117276
-6.46241371804778
6.944570098593779
19.506829115534963
16.817128555774662
-3.1655989892189584
-23.370011257091637
-21.409053483767654
3.971495260646747
24.006087026191032
12.606499424798294
-14.171111740647852
-17.274771806752632
6.367680568475953
19.43183294956585
3.8818644316282023
-13.938227935170202
-9.318247558418786
4.698675710440368
4.404056819759794
-6.458299326482613
-6.611838683324788
7.014982181679796
14.872300612770253
5.547870959141657
-7.8046997910808065
-8.910347676099377
-1.7144307291636005
-0.9188478391856119
-7.315550217675187
-6.004230678634415
9.110654711767955
21.394831799400336
13.047816048362012
-8.758694324119693
-21.895615212088114
-16.71062120566779
-0.4664495835441742
14.824986534020411
18.72482546114254
7.6023348234058545
-9.185807716200344
-16.45467946419564
-9.46749985537994
3.0841436898976515
11.363780695421767
11.659854817362477
3.6172034503412966
-8.725918285000251
-14.602344460957848
-6.458359190973247
8.806620532074326
15.945400186291275
7.041668944284343
-10.521408226349156
-18.963521919215243
-6.342840107616433
16.890186062091452
23.052866348587266
-0.3386287494264435
-27.32710977437927
-21.64684851400514
12.089736843999848
31.580569612037788
14.722395480931002
-14.641677428261923
-24.604201902721837
-12.297763293418697
4.615821423763705
13.229142109212159
12.346868752192574
6.270398956672823
-0.15088781964876413
-5.647854523933961
-11.729991139666282
-13.764647613610855
-3.608662800926391
12.478600512296746
16.431569922846144
5.901720720458915
-2.4110862536136652
-2.6498855835384245
-7.239755150926161
-16.23076189254701
-9.409123884155093
14.656046428999742
24.20606875843471
3.618536761571986
-16.78862402799446
-10.008623110128873
4.724002343453849
1.3569654013833
-7.042807316941219
2.1173912571095084
16.345468634434795
9.544899710358209
-12.114834219817482
-18.580894156560817
-2.02703473316501
12.470955062711202
5.605483375883892
-8.076429745084777
-4.524998647734201
11.179995750927885
12.445119938270267
-5.6280065886715995
-16.493244874099943
-4.7588714134288805
8.704952869681378
3.992787901101789
-4.344103906246004
1.631653145114198
8.552481445042368
-0.7630664656829043
-12.401760219335051
-4.712004535894838
13.035755371198023
13.112233428227697
-7.206775643757612
-18.770664445377733
-3.8653912527657353
14.462343289201957
7.880507516262899
-10.309637093481388
-8.089949487229939
10.283370833998571
14.204410244379142
-0.7565458573248498
-12.021924862336402
-9.889958338416067
-3.180527718611454
2.7274534191852124
7.645234528607288
7.898404392274413
2.2945925273677688
-3.5315889142881636
-5.826798960654132
-4.442862755469037
1.9355012689507483
7.691506860646344
0.3630786501175865
-13.403641968043905
-7.942848709380912
15.323568420847732
19.855701589852345
-5.471049041071426
-22.06334451615497
-4.185409449039266
17.405034560918374
7.226492484451203
-16.058557214333497
-12.820454883003688
12.03732494237192
20.319846261990655
1.3382047172557576
-17.483651462918143
-14.125415136957997
2.3388758440239545
11.173400782551159
7.735859427205692
2.018747011116765
-1.0645233689154983
-3.770335313956772
-4.078174867333381
-0.4511932157869393
-0.6283558997775497
-7.784407763420014
-8.19316686666152
7.924442172125332
22.918101878211395
12.763589671563645
-12.868332152830396
-20.182976979435878
-2.6368733117358576
9.708939312430708
-0.4606599993465409
-11.927926796150574
-2.209628158574799
16.104571548490185
16.12332650212242
-1.9923053068777377
-13.806445014739673
-8.160296287395822
1.8964732803361437
3.3991179000347684
-1.5928068787529133
-3.6642120479379905
2.113895896331231
8.464079927359506
3.3621292874034157
-7.448258488165867
-3.7625930938349517
10.904265668867316
6.66263089845708
-18.190878252364246
-22.91263641153892
8.643705679119163
33.95172939419035
16.49386235078785
-19.032568687365725
-27.62600166619641
-6.366119671666366
12.629858361296563
11.429606158903695
2.293860984016511
0.15925912747199594
2.0321154963014325
-1.1441209363281368
-7.84354660184449
-8.8643444320977
-0.6258439163969935
9.129689245508017
10.568240188608877
3.8389262934037767
-4.359178528265608
-10.617140683112666
-12.020053486886045
-3.277700834309154
12.171087956163458
18.703855803176346
7.241674361303108
-10.531780070076383
-15.90119061595641
-6.224325182081474
4.458895898649828
6.604743431244181
4.973917811222416
3.2121150413644544
-3.4480196241463723
-10.387203187774107
-3.2311624275450024
12.65728478763792
12.89941846133475
-5.506967793545151
-17.260263230248192
-8.294766681543017
7.2297428689661745
12.215079861501817
6.208357457723246
-2.474749365091897
-7.811301245762733
-5.721909096947506
3.554438005616603
8.751938670284025
-0.790406179255575
-13.897006863848471
-8.834697616504943
11.547351889636635
20.103551127944506
5.21017851650472
-13.341951890658432
-15.106884213986396
-4.252534492180493
4.898268678732477
8.279162385631938
7.419124819201954
1.1131271926482318
-7.443988751614804
-8.398429662742691
0.7718990818924525
8.856160891376105
5.55490708739615
-4.574816459482847
-8.703000145553165
-2.1638858894647477
6.628150839881993
7.114147563535462
-0.6832379375574806
-6.818082296431191
-4.342748308015474
2.402385765643715
4.737983604386392
1.19371442814586
-2.3975679698622443
-2.178856335737218
0.08002465938513989
2.1163158678696137
3.5774138817739134
2.335971128121815
-4.065343919459964
-10.13104650895894
-5.082550195995021
9.241251334591116
14.561832128234151
1.5579797898009435
-13.165689985150706
-9.912520226444768
5.663721939549074
12.136168663817166
2.2506575482241993
-9.967338063000943
-9.331552210778417
1.9536375627769589
8.853397129512285
4.271967591704866
-2.2503715100725743
-1.0764054438001327
2.3836670618265465
-0.6575245107913374
-5.976017120780496
-4.655298292432149
1.4583289619708992
4.52740164711609
3.0857642698710452
0.8724873825787441
-0.32654512218324905
-0.8438693758686605
-0.6947519096847904
-0.603619991054336
-1.8091030763485731
-2.6073441455470814
0.2673945396769219
4.8058765789975615
4.61181423581762
-0.9762695024258721
-4.992139517422819
-3.6286384053991534
-0.9128888004679399
0.3369619236967073
3.1096592182168377
7.143053248467786
5.202696031023807
-4.511596263426765
-11.522340095199283
-7.014864170636721
3.251982933709974
8.18235621553532
6.247848603109305
2.78156016169491
-0.6096985739407068
-4.710306967652003
-6.7217311572509
-4.092717251775345
0.47619797574932266
3.373529716377544
4.546420107064399
4.557386303133549
2.1459544456607476
-2.4705720257427166
-5.445655155862489
-3.6445725731663057
0.7559296784064062
2.849418955538242
0.9057686722972164
-1.9957438347672756
-1.4182205621877209
2.8089539418106972
4.973712815902748
1.2801235950875738
-3.394023891679627
-3.4214564984400706
-1.8956037814908702
-2.820729470779178
-1.4401510810958627
5.762576083019945
9.708764505448874
1.5919740474425408
-9.64305749658764
-8.394915028858508
3.0356286898706237
7.629705967143364
0.3858128959967191
-5.405842621292296
-0.8431654549119972
5.865690381585236
4.169994345282317
-3.756951043751045
-8.066067045216156
-4.00622476392961
4.290917742657673
8.952445744395767
5.170043279914708
-3.8022949933997574
-8.13081642942572
-3.155183995733459
2.908051533075778
1.6826334231287587
-1.4286751010684988
1.7429541556310946
6.12559406062431
2.392607239537841
-5.961833609079219
-7.355519000243187
0.11258208269877641
5.7813698355738365
2.235659188205536
-3.886577026381309
-2.607367182253019
3.8423739584173866
5.312487093447108
-0.1165660071472015
-4.528440868993141
-3.312833401167348
-0.3297365020973374
0.4345292389123101
0.3760385329941489
1.755889012405144
3.2614656662816115
2.2419336135343335
-1.3486454406381432
-4.427086079420877
-3.5719621236661925
0.8434358293647367
3.7151355831546264
1.4054130312545337
-2.3106941168956907
-1.546622161125469
2.314464082606718
3.0867613929597257
-0.09692842757548284
-2.063867600276928
