Beta
-0.027839536579112565
-0.10948869880795896
-0.016972914385167376
0.5530676016637465
0.8578425752305596
-0.5847008593695852
-2.840683647417345
-1.9918801795769856
2.9482256137547362
6.182523490123572
2.1582840968670394
-5.397573035845623
-7.240316964170514
-1.1239087558609808
4.959697692967079
3.860619849351181
-0.9408749262700942
-1.3246033174245042
2.363973478183117
2.234742662604513
-2.9096105888104877
-4.825223462646262
-0.5162949704922505
2.286952197487541
-0.23212563125425228
-0.8148158023631532
4.10169305618734
5.881596202917274
-1.0642195587517285
-8.073772468934324
-5.758947231744528
1.880183468002021
5.340394126398794
3.0508198505545137
-0.03556193590725187
-1.0397334534999119
-0.9880588730175925
-1.355632389805821
-1.7514193379613643
-0.45249391009496454
2.5102996007788665
3.5647197922974114
0.08872920138731616
-4.128962518045128
-3.0641717985228927
2.0707404906236975
3.8165101150210967
-0.10483096790440279
-3.2827218471700337
-1.03706576840943
2.5603713489253614
2.0257128461550313
-1.1210618737698617
-1.9456494838412937
0.0900893403718632
1.4255048069053604
0.34087027041811974
-1.2424913884447808
-1.3813680755600661
-0.43578407384418333
0.5464285537677831
1.3068078979581104
1.773385826800805
1.5737892645663025
0.2604479723410947
-2.130449262950097
-3.9502398573020105
-2.6402060295293617
1.5832658845643846
4.58708557485305
3.092195441156725
-1.01439007006592
-3.0282002611285885
-1.2359458606174651
1.178795440113964
0.6194915776236675
-1.7740691494710037
-1.8165341610107713
1.3135909351432715
3.642635039956868
2.128091603522054
-1.126595116473839
-2.3394418284508838
-1.5601978482595553
-1.261447483650732
-1.0591592554770608
0.948027295237396
2.8722939122462225
1.4993172874174958
-1.1021593772040637
-0.3087141213701905
2.5108927129165846
1.2844912587313426
-4.235249953917442
-6.344604616256269
-0.9263780125259873
5.4508342258254565
5.179204132095826
0.5300579852158555
-1.565052332075622
-0.6579458700806301
-1.1181122239947965
-2.698754388400506
-1.2040894408139864
2.5088211682578407
2.705152751344013
-1.3529956728257286
-3.5488204205533807
-0.44467991721847655
3.823713014888659
3.868482268280896
-0.15563298125443073
-3.5710107745735864
-2.9243929221004152
0.3982898145163325
2.162514416059826
0.45942723064362156
-1.9755240049703857
-1.4611725517471605
1.3807194254226693
2.611170826682251
1.1705860546918032
-0.099642626387156
-0.24649474526061943
-1.4697394405696709
-3.3867030411754846
-2.1869646303374175
2.4388806379511663
5.104222011520625
2.2429270196289774
-2.5064593006730265
-3.590656947946421
-0.9754973876932757
1.108581511911051
0.6290103494272138
-0.44611415467434906
0.07538399352406625
1.646027330083291
2.004332852629285
0.016859129314764427
-2.6189844970320864
-2.6536570967970983
0.5271667314559904
2.836555107229313
0.6399854888813931
-3.1586231162733056
-2.74186634355965
1.966711384000966
5.271928507190755
3.5626589807434894
-1.0709120109554833
-4.491283178454921
-4.594456865694296
-2.0699815498043477
0.935515994579589
3.0199669885026927
4.345706009399282
4.139735241229538
-0.06865523597290785
-6.764997677792804
-8.10710271441394
-0.32910499365296975
7.981959684487753
6.930600879702624
-0.16710132634818722
-3.252611590490778
-1.3860342070320342
-1.2257523331303244
-3.7227417321972647
-3.1676278882714
1.937911797015247
5.711494866039521
3.6138013693399413
-1.21543188487475
-2.8521213030941537
-0.5813747939589073
1.2515043427396175
-0.23716061302171287
-2.948604314506392
-2.6694093434667274
1.3015695917378811
4.401225501790144
2.74856719221484
-0.9975687279736499
-2.0002144095837973
-0.7249669403206057
-0.531254697221139
-1.157530895480467
-0.4679198664027393
0.7204384968893984
0.7958617524961915
0.878856748944133
1.8145770624292037
1.3686193541512288
-1.5857073269910194
-3.761590601053268
-2.0400566064649728
1.7423622984245648
3.429797291028479
1.5476423667554164
-1.799519606989261
-3.1278465832736537
-0.7475602987840804
2.7778255979300757
2.9914648552351677
-0.34951189584453746
-2.632861945041629
-1.3624670718739522
0.4370266261043593
-0.03481360770581325
-0.80910127324607
0.6376128911599308
2.6321586866934146
2.0873844698014192
-0.7356606144237091
-2.966370934361428
-2.8222920220753243
-0.723967204427742
1.8691595372563061
3.272277333451707
2.2564358044566744
-0.715932007085016
-3.1972828050151176
-2.6933214243679022
0.46532772328870114
2.7431264662173516
1.4618043287673095
-1.2588805632002469
-1.3978777507520581
0.682551361540999
0.9770366056056963
-1.085012995588841
-1.3528135395571768
1.6622638554340432
3.248435871624374
-0.1669152460343203
-4.508020379938405
-3.5810506034133573
1.8785621779124817
5.164406893119426
2.3712846994123913
-2.823044754679164
-3.9589738577070808
-0.20343900722812877
2.960702945024296
1.9117330360919702
-0.7529892366983161
-1.6294476469103283
-1.1782196637937943
-0.7521397247200132
0.3024825019814718
2.066807800908908
2.36316639553969
0.06565482227908201
-2.4970696835724033
-2.4231747336190947
-0.11114427711464578
1.3446136863991185
0.5497894730730817
-0.06376766025714595
1.6596469523981057
2.99133532894195
-0.11009100864384033
-5.318897693669682
-5.349193467758471
1.3505182047144455
6.79362968714515
4.0444285423833195
-2.877491473285309
-4.88140115170148
-0.5456169482488588
3.102309627914113
1.5075712569271922
-1.754703518267465
-1.6556142564052307
0.7940632309773502
1.2363942332144335
-0.6667856919496676
-1.1297847972548285
1.1415957376938821
2.6245815597560784
0.41367640212755175
-3.1319634416598383
-3.358187970729379
0.2956422849632656
3.3505615363846726
2.3130676777841495
-0.7903351962418055
-1.851933178802366
-0.3648714723868762
0.9796370823323305
0.4620154051109007
-1.1877110481875128
-1.8772029490149114
0.14902780115367023
3.5727377508990688
3.7294720118111746
-1.3254095297680972
-6.154869022550225
-4.422301938262754
1.8510612407228197
5.183183580827962
2.966025717902261
-0.5477992323956984
-1.3697242716110747
-0.21010155661390018
0.31090480730879766
-0.5475243085982168
-1.8770409770102687
-2.704900617261643
-1.875804453239872
1.3497129839752635
5.1297440085027795
5.6874683535924815
1.5883805934237594
-4.118323759641084
-7.011024680017128
-5.221768378708762
0.17224269484978852
6.062938862782379
7.751809165514078
2.557851388360952
-5.207149031320867
-7.347317186253294
-1.9405658294132717
4.016361493283085
4.152587811391415
0.3737027216730246
-1.6874722565521747
-0.652085774327989
0.5152067727371386
-0.3719052700245198
-2.0806405819134146
-1.607349027790046
1.7434671240806008
4.306461979039966
2.247068539495167
-2.6627917107857844
-4.733408036614419
-1.789871595004865
2.5954295231647277
4.419353529337403
2.588172573068228
-2.571582351361374
-7.947621680978374
-6.348375410141346
4.3556680907362395
13.010162827289045
7.7046218021989645
-5.524011355289704
-9.956942624392113
-2.867259930292081
2.5757877690149145
0.3419644579986839
-1.1897587925658488
2.387652631008356
3.854245460283998
-0.5839196148883324
-4.129724239491608
-1.6590186194737113
2.4113640019354636
2.353229897510316
-0.28406009518134595
-0.4930592547653949
1.6143353422919502
1.2703593578837744
-2.638623838773944
-5.332962136175824
-3.2039109738503093
1.8646427559640695
5.992175155836956
6.55543997396212
2.412530157632659
-4.2525075609375484
-7.634130007447146
-4.63714161150779
0.7654090712332355
3.5508101288645215
3.948397226489088
3.6426348041249854
1.2195273500993007
-3.404787378379221
-5.3236477317703015
-1.370602891844713
3.663886825975739
3.3959963394717927
-1.0192748888637886
-3.66773473334454
-2.5008573400631424
0.2998040642033426
3.237277241213022
5.1199408688626775
3.153559157611513
-2.5912313651093304
-6.147478489141315
-3.4009876707237203
0.8216240189571852
0.5404252091867751
-0.9327278459264964
2.523072598854788
7.175896093238192
4.441799855153619
-4.222401915537997
-8.63621058307271
-4.62031264806814
1.9555146216307868
4.687209093523786
3.0851680092256357
0.21423032915712475
-1.3770069774786045
-1.123906029839082
0.0919629998460262
1.1866121996743015
1.3110252169145344
-0.3376083586520047
-3.1110824429243453
-3.6983300491419224
-0.04925131776726903
3.9785768812720144
3.328476729692938
-0.17278809085941915
-1.1813076715527346
0.21584144674067107
0.07569011477344552
-1.9340137575519867
-2.577565922374103
-0.2468971390867708
2.904040006437853
3.174231565478273
-0.11107643451376181
-2.88770102658707
-1.6345584970612181
1.3590660667250942
1.4626463600890915
-1.2856931735225092
-2.2889573585170098
0.7342645061149067
3.9453516339634036
2.4519972722417234
-2.399509504531172
-4.606364428206909
-1.9757447864265831
1.7971016009849383
3.301546507078741
2.352276423699576
-0.31828400231598836
-2.890710440124404
-2.0615818136959327
2.0150940157365813
3.587040935074789
-0.7702041299819704
-5.573867122752676
-3.489252856997867
3.423574137006232
6.026821494320831
1.274301910793823
-3.760322190553561
-2.583313811651699
2.0790319016533396
3.2840264458897854
-0.43613710526998134
-3.8465245781605
-2.5859981464450206
1.1091295688674372
2.255465707613128
0.4739539865363061
-0.5468652409986634
0.31644620910335575
0.7638880137798237
0.4165855386043281
1.0351616740238296
1.2937825296013592
-1.899872328099802
-6.070615922106266
-4.417862366914171
3.528916543960025
9.019567033137678
5.249795917260735
-3.2740963649367765
-6.7600821667072655
-2.8027552519888816
1.9161372382122066
1.9819582157966928
-0.30028777679886054
-0.7652805169912249
-0.16496205086895332
-0.6360778967220999
-0.09157338126701245
3.5663967124930442
5.942780610078173
1.2650911303127517
-7.195074134216042
-9.427895334146644
-2.6024540235383773
4.6684916225267745
5.13396232366203
2.4180277299205892
2.549703019405348
3.468735054692164
0.19531409744396777
-5.308898559100202
-7.037375256717847
-3.9330693778554537
0.30242828961827856
3.2423160328976848
4.656498882928618
4.434674984226314
2.7489768967851456
-0.0508485460394677
-3.6076205934018395
-5.7467768039265765
-3.7690247375388872
0.8076144581194671
3.2355281942094156
2.11673185217515
0.618628966180581
0.6804580564076631
0.5925758034688359
-0.1463220257527787
0.680535914174431
1.3979590464039753
-3.163751080069472
-9.509456855215433
-5.715023027469788
8.722594030908246
16.731939737615754
6.857235164093123
-9.218062576789954
-12.93691702374377
-3.9595684779185847
2.879624708729247
0.9572854337109042
-1.1887514367039895
3.1776179622532337
7.820750473388854
4.699603602355807
-3.037534799429312
-6.634682812127399
-4.382405642265246
-1.2976365461303896
0.08520072981287442
1.6700374657179349
4.040887926750029
4.232963024274441
0.40418433103110274
-4.022374940268634
-3.883735255113193
0.4000479312432837
3.019064392633579
1.069597359418832
-1.9029137257782078
-1.882020956152698
0.4317074940013945
1.9040547708525082
1.3109564653545562
-0.17602997776870793
-1.2229660441140482
-1.4200735284028188
-0.625190354777532
0.9847276494067444
2.0606855931270243
1.0911917282510235
-1.3137709242251074
-2.5186979470326465
-0.8436396909065977
1.98590534530987
2.3474894105804247
-0.5015233204624423
-2.6975600403520987
-0.9335932477587976
2.4329055623104887
2.4850662852499914
-1.1373175538798361
-3.521102758446237
-1.394695701019817
2.244827168201174
2.827811961670329
0.65328035622191
-1.1960148897775615
-1.854189086474374
-1.3074982662073877
1.0250395397125818
2.7296513606300863
0.1610237482964654
-3.905038194838415
-2.6801758351150284
3.1858872083458105
5.413180723533958
0.7089324318302818
-4.518714425385801
-3.9601794585731547
0.664059656630071
3.7650503407468485
2.9051562713561956
-0.41287787579012
-3.2269876583179706
-3.2838156936022043
-0.936407117433349
1.6419069302748457
3.3649535844526013
3.741592477816311
1.127227170576497
-3.823194987462422
-5.641296801982706
-1.1460528847593656
4.000539905588226
2.880642508053912
-1.758251239504897
-2.0331935554869762
2.4037771693622254
4.339272948937893
0.28105090043558656
-4.909817179999891
-4.988424574190033
-0.1773470835000997
3.3901424233057735
1.588605659847853
-1.9275277078717215
-0.3829643839998601
5.6297776326340605
6.924698235632942
-1.3222844655148576
-10.26499548797559
-8.5479255374246
1.0631607074528127
6.193582136291684
3.373341316143686
0.5752407943250959
2.005788710225827
2.35519948010141
-1.581153119803575
-4.393096961092413
-1.8994448417132073
1.2261450078740541
-0.2783913908053868
-3.1017821339745937
-1.2114482199819088
3.8804877039690133
5.6515690793772
2.4809388092127427
-1.4397402585695585
-3.227322083750864
-3.479749529040767
-2.6615678964148626
-0.3680361111476081
2.3801963205338676
3.4579147368139496
2.095129397707745
-0.3925897680060541
-2.0050141864748268
-1.756072644174557
-0.37640880526661263
0.5042181163826979
0.27365065841016106
0.24257375719707336
1.3878742285066983
1.7024660534156857
-1.0738798838574286
-4.218989741567616
-2.595765298356936
2.7297630851115353
4.780793684414336
1.3605316567031835
-1.7567039595047143
-0.9957472839260665
-0.30302801272175994
-2.3996217602161733
-2.9421149225068244
1.2994016342055024
5.322648133710049
2.91000828726994
-3.3915983916424004
-5.086321742581472
0.31602666414592767
5.4713286269857
3.5125804028961753
-2.695925998454675
-5.669699755229134
-3.2068989980829588
1.175670218289534
3.8989557526641216
3.8828262741694672
1.897974979044464
-0.6958455950509699
-3.0933713610088103
-4.541884921480638
-3.2811230958404067
1.3730433847109311
6.008057116878395
5.705680392565608
0.39682314592776585
-4.582900059166712
-5.084947260716542
-2.259355189193105
0.6086204532750495
2.2585835201172646
3.0966090173805823
2.9159167402604305
0.98944362553911
-2.005480435246697
-3.7897582524538804
-2.9307219973044503
-0.4603558892816191
1.7792517625056206
3.0617900149039032
3.0847788733751167
1.2973953907482072
-1.7368605246776894
-3.955680164080413
-3.630725154733184
-0.7614361671074119
2.8004260059036956
4.297592104461784
2.60842750804616
-0.43341667725542393
-2.5217592092332763
-3.0637253414615175
-2.017025601261943
0.46219764318034573
2.4419323193487195
1.809225496794799
-0.13537208314117327
-0.32048211570270757
0.9855594922721944
0.6733979047249983
-1.698345314330708
-2.9044973360091646
-1.0808826125525068
1.5583189380730103
2.129734721407084
0.8622412720547176
-0.1430823186874049
-0.3043648722224939
-0.39079606587586135
-0.2183766234998439
0.43399394201918035
0.07994427631014518
-1.614525801287078
-1.6427349479740605
1.2960913034055193
3.0549091562495754
0.3463405988013044
-3.081196207013313
-1.8188615140798001
2.733240224779606
4.141219933762183
-0.06781929799593545
-4.964215101445976
-4.573102041139688
0.5752905225894422
4.527432935254156
3.703982655530327
0.4620534349043801
-1.4880061530948383
-1.6557494447751002
-1.4102066303755796
-1.1843837874355254
-0.5533420185522528
0.7625254129056542
2.2383789258520643
2.1892395363620536
-0.3369505845303688
-2.9843544810290643
-2.1710365182358573
1.550272574194429
3.2136222389421345
0.2698306709695154
-3.0649971550428945
-1.6515456004022142
2.560036081831085
3.224200038210524
-0.7906217739746069
-3.8969394231027743
-2.274368284810401
1.1496731356170966
2.176289433252433
1.3528767026177153
1.0722557830907269
0.7324333627134921
-0.8626970411870161
-2.0360365122895727
-1.3528186897228984
-0.5530584556302508
-0.8593890189283045
-0.13603844812821525
2.7604984715258296
4.329067634832612
1.2873217170408433
-3.4528508699685094
-4.188109247031813
-0.5170467133216076
2.2608935801410346
0.8517355696950599
-1.7356386203351917
-1.1709145269726933
1.8356671308167705
3.052143486208509
1.005779428557467
-1.548810223937092
-2.0756584578628456
-1.0649569088548179
0.11920979164554799
1.0533794761086208
0.9116084417575403
-0.9816401471297678
-2.301577966401447
-0.03311416234736309
3.7829979468009283
3.7879805257486763
-0.7918630845317961
-4.71825567491616
-3.7290370135111575
0.5939860764615602
3.589646828319964
2.7675457650928177
-0.3819516892645633
-2.4219629521382755
-1.5837993630873113
0.3490243332988263
0.9350978651140582
0.9369132341513833
1.7830317684414914
1.0296390256683339
-3.2795592133070635
-5.823044686678036
-0.6526806652754651
7.007279657686648
6.562321853707449
-1.3739365851070202
-5.854555092521895
-2.5622688605483046
1.3362406209941209
0.034657045708382385
-2.5394351753809064
-0.2520206509575568
5.049943285577905
6.060229507341926
0.758474321371101
-5.221261411994753
-6.70113260580922
-3.8167017219079993
0.8430172180593037
4.84404564383874
6.001690213196625
3.4295706455211774
-1.2701409143802176
-4.823265944000446
-4.526690760068175
-0.6839864706860238
2.982464531740999
2.8287799366024156
-0.5932695305424639
-3.196428620952651
-1.920741788461513
2.288683336885502
5.350185564963516
3.635193099643473
-2.042969466579244
-6.536593533154646
-5.76519258129038
-0.6507385752892345
4.800097262251097
6.778018922605655
3.532195814113997
-2.5463733124280203
-5.690779220752804
-3.0149078608239774
1.5331311290553582
2.4711944052577675
-0.04685124278139988
-1.5306894741614112
0.10990253810488848
2.427746745398554
2.3958118520127294
-0.11304800227093587
-2.8374577158965826
-3.416619383511417
-1.1935974490740406
1.9612779223491716
3.041006770692868
1.4263452757805202
-0.24881750700825078
-0.39529331463986694
-0.8846181804448593
-2.57961777794292
-2.4518042423450037
1.1012103814451848
4.26527278274541
3.1744424383312375
-0.5417415573872552
-2.9217032255901714
-2.7445451416807387
-1.0013143843196406
1.0844423869993765
1.9481492171396448
0.9381372450509716
-0.14484026861250532
0.10638058080621204
-0.041389215355850176
-1.830798792491363
-2.503957792425031
0.35512860589987366
3.8544932046605282
3.5381403095262103
-0.20330898653196863
-3.2659647783887436
-3.3623937468430043
-1.2575172265982812
1.4410786940630806
2.863588952143449
1.3882757658933957
-1.6801356170167965
-2.289817914073141
0.7074569682379854
3.0805442539406838
1.4984379448635088
-1.5283858895527027
-2.277625052893196
-1.0425160909003113
0.0971485390070915
0.44296426068215977
0.04392846005042963
-0.43660640414684093
0.4959544407337903
2.4136339324685183
2.1019188565333162
-1.364759809345134
-3.747832358027536
-1.5050745566717492
2.437544342879364
2.765458261376791
-0.5533866813336676
-2.8070693339341073
-1.7026499672660818
0.34871318523002576
1.320952429693488
2.264695652750726
3.3925094159261024
1.949039375236897
-3.2218203599534636
-7.630913247252819
-5.201251642125108
3.113692098564845
8.493908678153437
5.254627026535701
-1.6453792340499847
-4.599142129125954
-3.2115219414120806
-1.1614054279563546
0.605147641616537
2.4221763469833646
2.59913229228843
0.12800173606381254
-2.3299749889067964
-1.7301547504545622
0.8798136095845625
1.9854674979845914
0.5064600111399865
-1.3461827317052555
-1.6278283927593364
-0.884706139840903
-0.1963377427929732
0.9016038742912852
2.650099738609804
3.0876440421790203
0.5351391753267474
-3.1471424154054812
-4.443451071614067
-2.5269814479443045
0.7830084484850726
3.9312372039263
5.125672530990224
1.7932646139252244
-4.610960079872958
-7.1133539943082145
-1.8784834828664692
5.646473681264021
7.482920739517726
2.370957648778345
-4.474461391087503
-7.517469065288401
-4.614512729545127
2.1150094877607035
6.807090035452455
4.8384905596780845
-0.9656311967018905
-3.5130189827352005
-1.2254439446386551
0.8368113551300184
-0.4159946011770986
-2.0921662861504795
-1.037414466684108
1.3618074891527718
2.608869851086549
2.637212124651514
0.9838687433181151
-3.4810078338354105
-7.2322738044535395
-4.1027310698178825
4.910051548439756
10.983937019650117
8.088893942143962
-1.1174421200336033
-9.74996324261877
-12.231081569323754
-6.418866984625018
4.359008802928052
11.698802146293087
9.54476867474348
1.140360108227732
-5.114242642634273
-5.597824078101109
-3.598495803405539
-2.436498598524447
-0.9047375911485667
2.7266358984203767
5.841095961692787
4.525014399288594
-0.2610973485654846
-3.602101625547422
-3.3151272527188373
-1.966587085961388
-1.5647292430256525
-0.4161373644326617
2.467375866888323
4.1118960572486625
2.191268313794392
-0.7083381182029407
-0.9922733257419883
0.3355702452036091
-0.6556946668987089
-4.419305321216638
-6.102847986980321
-1.363439375387424
7.079385115012845
10.659382912072127
4.256770007847457
-6.312596868307295
-9.567200884226974
-2.5086515629951727
5.15765087941789
4.086609939126308
-2.65092485087695
-5.3618196051932
-1.067251529643203
4.623277488930308
6.101255952575682
2.9489234878158133
-1.940832065455166
-5.274615637458446
-5.03144675110901
-1.713006581496723
2.250632999886772
4.564261290642001
3.958689993329309
0.4988377472165697
-3.4946020853811595
-4.400902109997228
-1.091926125477286
2.9803844867970537
3.4004577811603163
0.2995816027114979
-2.12929524364255
-1.544769162649599
0.30831971919901235
1.1305018595494392
0.5351798623888239
-0.6085580247330464
-1.0623322074427715
-0.36038172354785925
0.30018591710691384
-0.08748573899836526
-0.1375246093692526
1.6718565175558098
3.1302616960460705
0.6573913960662604
-3.983238450091536
-4.5941731342481615
-0.018385304726313077
3.4290555224450605
1.88488385226453
-0.39902763202043845
0.6126141657740409
1.4880065137317278
-1.5818470356941212
-4.2638512281399565
-0.8546103868696594
4.544007424428145
3.4431223499141543
-2.737793589143096
-4.451573882861544
0.5123141202363293
4.084882405428445
1.4514150660114562
-2.436533955658317
-2.265604841130681
0.171285866932188
1.161014451059029
1.0383513911608275
1.2452834129810475
0.4918113028274914
-2.127786974332732
-3.7420942497521352
-1.3707676498433508
3.121893509238256
4.981389118822599
2.4254189405029116
-1.7814142896507779
-4.0080276393411784
-3.0645721662100214
-0.34467799966945417
1.531936276229543
1.05152201731525
-0.03271611046035193
1.0919541197936142
3.421131173694556
2.854241836605704
-1.692909446057231
-6.148401133994708
-5.8730555050631414
-0.6342649229557719
5.188366606169048
6.700074084193433
2.854101396977667
-2.7917200795887194
-5.32282020099635
-2.78228158055737
2.093810203576689
4.43160183331353
2.0177831903891144
-2.5372369310042675
-4.828768667323901
-3.0252801624602697
1.364700258960542
5.16342021097522
5.142392525275079
0.6711035406990498
-4.4367514728451996
-5.2544580719594105
-1.3516356493029114
2.6898150827918594
2.7106163575523063
-0.1200303844160245
-1.2146838251736718
0.8324209055296127
2.5013504036615344
1.0450506958493875
-1.7344723489774225
-2.9547211792556585
-2.492741026330504
-1.5023530780628251
0.20182894145663854
2.9830070728058535
5.096328241168227
3.969011561836225
-0.34777074499322663
-4.579568566613465
-5.509393848073293
-3.17139939035639
-0.11255128206374095
2.220294677503697
4.378559883540261
5.478874725205831
2.613081268948216
-3.630508628719716
-7.248648480828292
-4.174676700643308
1.9834415510060774
4.777848013022441
2.665194560516828
-0.5490810451222049
-1.2872180205084125
-0.13705051155554646
0.02509670164084181
-1.3063366759192157
-1.502489539916342
0.6645492522415428
2.249057373318513
0.39647511281178854
-2.5053295281614347
-1.5881826874471703
3.1059403380987405
5.483228683642967
0.9007617280295065
-6.83284314748693
-8.534024682363619
-0.7808338397960883
8.617550990669693
9.229575113844117
0.5462453981916872
-7.477996393114175
-6.48124796910516
0.7054520958282378
4.6321348921139505
1.5944390982515937
-2.663687232280309
-2.0466312792110624
1.7622661195587201
3.206117479561502
1.2554307030078504
-0.6461581367085559
-0.9980621530928288
-1.5677300405893653
-2.848363507731267
-2.6359035136045583
0.32419416842088067
4.083564675538308
5.341619445122021
2.4684053612143493
-2.542366377809439
-5.090908447758995
-3.0687179887093836
0.10676021931728316
0.9084948504686587
1.2272527039249672
3.3031730981778464
3.6209900520465688
-0.962649011083488
-5.652680469662614
-4.233992426726521
1.0296760931096856
3.6733884231755236
3.204997738354952
3.182351738142245
2.4174228975502925
-3.0415168739224017
-9.992645628340208
-9.232485389136308
1.2364957037876492
11.630628935829987
12.113979691869408
3.5332342580374982
-5.6683586957282746
-8.86733381611079
-6.046121937051559
-1.5083381999643477
1.5408179635513612
3.0993234799750318
3.8654195185455213
3.503534981508956
1.694871909675653
-0.9523136747402505
-3.1351916514857203
-3.6789244987449634
-2.4321916501464425
-0.11342323497062545
2.187551041138204
2.9033154047340055
1.3355230514456755
-0.2935782037945733
0.5691914001798949
1.6521908327926098
-1.4574971239550876
-6.344143199320036
-4.894323598321995
3.687512502642867
9.275670397792004
4.846397886695666
-3.699034780232289
-7.017747580700139
-4.284508367436241
-0.10923366335621104
3.344223086122758
5.555950027812885
5.043482110880633
1.2613320227152434
-4.843413830071413
-10.8577142367224
-10.769839235546431
0.2914270350964014
15.598461283879518
19.6430116843142
6.096427223280468
-12.713516287296855
-18.61699382265221
-7.970987774166448
5.097290429068832
7.05702232219351
1.0259068212265745
-0.8247746264648912
4.059653711035055
6.604397495211156
1.6323320810839597
-4.6228867556486435
-5.52077715631681
-3.480360009785633
-2.805303785521368
-1.0317693891400026
4.552596643527895
8.050373557432264
2.8093455943246526
-5.598203291525711
-5.589905035891702
2.487194040306211
6.111444658234888
-0.5200748035148036
-7.802227427703656
-5.113469609008047
3.8512029125836613
7.215756853236344
2.226803305880594
-2.6116561723958958
-1.7734106646570196
0.5572523926718761
-0.36697214829389824
-2.316358735634538
-1.1797919301033026
1.7187557680985077
1.9407368143093222
-0.37788501384358214
-0.6360021929525652
1.6763209468628393
1.3258194494007418
-2.9121858571545554
-4.513682148979234
0.4457712411495564
6.079397479075063
4.67482382627745
-2.4324168930739885
-6.442721664877726
-2.7017899274261117
3.1212603395821628
3.205996426711439
-1.1988444222870898
-2.4626499078678985
1.3221677629818338
4.128319143822656
1.9058753945669729
-2.176590405244345
-3.7977393870773146
-2.9329360598524596
-1.0999060670372294
1.7812986399567112
4.797693897060417
4.340318984409842
-1.073447105343937
-6.455815527490563
-5.0553888669481255
2.5680624621340606
7.6838695223158
3.6672825202182597
-4.846842104325766
-7.1048663834004575
-0.6412492601859724
5.3726816065140035
3.6096761937583532
-1.7560133226660322
-3.1479452127138625
-0.36835345503406336
1.6400857043614163
0.6331033507761514
-1.2937106350188978
-1.1650288055032127
1.4284511207532702
3.2729858904617073
1.0499387399587525
-3.2388346662270933
-3.8246523314201513
0.27996330977402706
3.14879935856534
0.8724824328001277
-2.4855816271884374
-1.3729757041990363
2.7664211287808858
3.8859437695349586
0.35503729947348117
-3.287004561958389
-3.463203789595837
-1.4226880952918912
0.5547896646927639
1.969941438189881
2.608065251748639
2.020926410935479
0.4781643613091724
-1.456980955040987
-3.047429214078859
-2.7776720696541637
-0.12099797688865063
2.5306425785105366
2.4929765843570166
0.41117793361966626
-1.0749258716057004
-0.9374763183122585
-0.1829775211930036
0.2419443034388193
0.41434514156654023
0.4664192120444394
0.061112082757769186
-0.6126148944137784
-0.7962350490287923
-0.47862362746604165
-0.15383246072906975
0.24527345277590676
0.7661777967623908
0.9689129209032186
0.709471951745639
0.18781415811400334
-0.5334161667952456
-1.1889764517429073
-1.1611948862374561
-0.29519548910315574
0.6090453265644634
0.7263033249587156
0.3273491771108728
0.1873769275072164
0.35666192446779765
0.3786893772429589
-0.0005834023360241254
-0.7671636634199946
-1.349451927748553
-0.7208985635943077
0.9761598491016112
1.75030473050753
0.3869768787866263
-1.3316443237153446
-1.2251114244846075
0.05032807961213212
0.9508521613256306
1.5362683736555258
1.398746136397273
-0.6800674791512792
-2.9082996519423
-1.941178008925691
0.8826191410343905
1.3980602562915327
0.18135898096067152
0.8321859607839982
2.2629754802881386
0.5495947363904146
-3.1210034891831753
-3.6857328011892636
-0.2879872921829072
2.8762387272026304
2.952775680878047
0.9592474246696157
-1.1190914869130126
-1.956835345563004
-0.8957634726252134
0.7461060579523938
0.3517442541545619
-1.7960012725777104
-1.863143965958074
1.689000693441359
4.736703110796313
2.9608249414199483
-1.9597890930223383
-4.961091550506959
-3.9492038113696166
-0.44803270587411964
3.1746945067170116
4.61766703476364
2.8455555633459246
-0.3542413123521485
-2.4772449445249696
-3.250872881263145
-3.22848645413325
-1.6027567525222346
1.7207579779406965
4.099337284765856
3.405522542896204
1.1630556934458864
-0.4759558021064753
-1.896886901895016
-3.4051214772571585
-3.1146349329774137
-0.1900581926880793
2.7964939566682525
2.908791000568933
0.550914144015095
-1.2696828724520293
-0.6669432391102247
1.1692639188407628
1.6973449281279662
-0.0425142644778681
-2.597390044521189
-3.698514768228178
-2.02481577445956
1.8411419687470163
5.116738372312556
4.687529183249776
0.4025713434121004
-4.483029919503444
-6.000286806849825
-2.4200507435810947
3.3172992037374383
5.126845845127833
1.2791192342072106
-2.349288767759907
-0.9181525893199461
1.834131261849245
0.3406116037076031
-3.1061224693334704
-2.587545911764638
0.9733358394206753
1.855346057271291
0.0741501264982506
0.8310810565681176
3.826728395373373
2.651573849043966
-3.526266524913458
-6.895488534009061
-3.0205151037432327
2.422612923594687
3.190672452362638
1.2375944454241545
1.2148925634405976
2.4867703072791327
1.6298683379543606
-1.2945437124949322
-3.3856862523974898
-3.432464268312067
-2.4818801011464244
-1.2019199386251118
1.0050309019285562
4.330164520556679
6.750772891746872
4.91417126898356
-1.81727750913588
-8.678738498990349
-8.947789445967244
-1.4276285817472756
6.547625683477332
6.796544960889724
0.9477177308297335
-1.9921176374516811
0.643986064689307
1.7560350797154651
-2.7824664322670296
-6.51004348112254
-2.7061463977865388
4.3332889547726
5.621037453491688
1.1212999389172602
-1.4886545367712491
-0.062318028383169306
-0.18657841989443671
-3.287582864018838
-3.1045762740626306
2.3911236328218086
5.625990352444372
1.338942369240762
-4.645213814394148
-4.377775451097327
0.891885202984679
3.90779395235284
1.9146852624179862
-1.2013499815312518
-1.6164399374850082
0.15460922058267582
1.4861500549358517
0.7774218851161567
-1.4797027925889052
-2.981455215970081
-1.8514768570701776
1.1098936342797312
3.5595501759823795
3.8570102053975908
1.3888324810792116
-2.8241797448806887
-5.137348467722265
-2.387797151748107
2.822911334494219
3.9259897091325895
-0.6235541935168339
-4.338487950628323
-1.524268599870952
4.493213070472094
5.774628678114464
0.5673269840424122
-4.749207551826622
-4.841589645382651
-1.601941432362287
0.875193948749713
2.186866366473334
3.2530458581193913
2.7006607368775266
-0.5123848246317156
-3.5616078437420273
-2.6682324602572742
1.0845711939986005
2.546998744720792
-0.08620841866968659
-2.4585029951922404
-0.6970744005854513
2.482176054958128
1.91914093346087
-1.5969365311148929
-2.374846158758192
0.701711468038098
2.4352168878090983
0.354685238742585
-1.81942485420941
-1.3120531539590523
0.061813467695429405
0.5679692392274954
0.9451482600008795
1.3407446277891297
0.5602118270313101
-1.0709711918108096
-1.7665564977098547
-1.2588354230472532
-0.5191414571588154
0.6932778440137313
2.476972111800318
2.510159815639618
-0.48867455689019007
-2.8934614680287023
-1.18547624580372
1.476687203973475
0.35127472234857754
-2.2373488448868417
-1.0648760760257907
2.6353856723786167
3.52587977448112
0.48731543349088
-3.0265376758808396
-3.842403026682713
-1.3095381016837007
2.539812585452843
4.109506490228254
1.7865543965237605
-1.800183996504525
-2.9763698484864642
-1.5257576989738977
0.2585042700685907
1.4870312592066377
2.241598634203017
0.9231974062030506
-2.910015122685997
-4.382416914830385
0.8443793234754777
7.101780766451863
4.65468901398998
-4.521336930263944
-8.276219124778986
-2.4534393673267214
4.347094292351614
4.936628348247142
1.5331418972473823
-1.0373285830493515
-1.3748254655188146
-0.2696896360638969
0.5353596624424685
-1.0706413694702592
-3.9523188264881983
-3.209333446888965
2.492678983640661
7.033345118624927
4.982128416482104
-0.83374592633612
-4.5638617831241675
-5.266943886828889
-4.322192647515008
-0.0014841349323273106
7.6084635756993375
10.209560079275851
0.5998785311428911
-13.011153721112183
-14.031274260594786
0.12519152395126243
13.807030948615326
13.597851694208359
3.3217983313439605
-4.875875049281452
-6.129726061226594
-4.351993359835439
-3.9664596845994295
-5.19905293367558
-4.431755318947903
1.9957479024975666
11.0432026006026
13.226280141286274
4.772470169541224
-5.961662134645235
-9.717136299818913
-7.195406973690735
-3.7404973896604408
-0.4882791905523085
3.699737107601996
6.901582799570775
6.197922880029169
2.323473701837643
-1.6725882093213371
-4.2795364688086845
-5.275944818402309
-4.229113370271389
-1.4609394743317075
1.71709096314069
4.494353202525674
6.131510958239438
4.645469941657309
-0.8308423950206067
-6.443941551394229
-6.592512981940936
-1.6167863348057159
2.3542855231784006
2.456175408734682
1.8212831867170916
2.2048741017548608
1.2188039116398257
-1.4791698674372797
-2.3393755111613337
-0.35463117650054204
0.8160778518372559
-0.7505939506105382
-2.148585477583989
-0.7126657506245225
2.194432653959102
3.416127494808091
1.6689143236995119
-0.9640553168107886
-1.6671478655792087
-1.3157539095562252
-2.573582968280609
-3.698740091738573
-0.5042368836176306
5.654512321287576
8.295421508382697
4.09441342352386
-3.7419869391987
-9.3296797767144
-8.397873857736762
-0.9902985601436626
7.330857408127231
9.357685111193838
3.675076504326192
-3.8660365798426106
-6.9190714112045635
-4.2195427842840365
1.2167013982388306
5.068973833873959
4.170663902594918
-0.8429347203510807
-4.997272068993546
-3.504326402208792
2.2943716930951954
5.593501503330062
2.2294601642978193
-3.886873961076915
-5.647391417630555
-1.5519527089352882
3.0479515418345042
3.373931163189326
1.2393848279839004
1.3337319381125192
2.948420931714627
0.5031172124099803
-6.382300834461684
-9.593005091891785
-3.380587209850771
6.60658372971277
10.199705895939411
5.178370667418874
-1.908589884210553
-5.146481449987513
-4.516052051590983
-2.3210300307559892
0.5087619867930776
2.9024722919218897
2.6267183764620934
-0.22544653238786583
-1.735312837666846
0.30370868983290744
2.1413680916193165
0.04177830035796151
-2.690962915196673
-1.2490595940387133
1.6841928965528319
0.7778270097038349
-1.9592602561459314
-1.0781219160371296
2.30787764002218
2.891755845621959
0.06558037978841781
-2.2341553668177556
-1.8067354521631722
0.0399637468153703
1.0459471558971918
0.16894880792485226
-1.4315830121425241
-1.1602221518846203
1.686449487344785
3.8384928531111244
1.840229197289769
-2.491732673637673
-3.9335093711053064
-1.2598894543663213
1.3827729319900894
1.0706412623533839
-0.35146726365373837
-0.327742959485728
0.9088045694195929
1.9124405236427817
1.6700152301098874
-0.44250117861335503
-3.24556061364314
-3.541439251153267
-0.38351185747164984
2.835233130224329
3.2160132881086567
1.8304910022083596
0.23755968429511767
-2.157031307660521
-4.753337810307941
-3.8488144441433576
2.13477248498341
7.738700156702726
5.56438038365916
-3.320668008192372
-8.676898379532895
-3.5617723779880435
5.655306089499096
6.626571046120828
-2.0494665189553083
-8.031692074861398
-2.673982704735619
6.514671899142963
7.446012884202117
0.23294295191671166
-5.49473493685929
-4.467162248681096
0.11546467841295832
2.968310370893765
2.052624045407636
-1.1374412893769883
-3.3217345209089704
-1.7440105059658557
2.7160527200332103
5.01005055004811
1.7360834254716155
-3.2127310892220597
-3.530722802872758
0.12517965326018687
1.8724273040358614
0.16596652277935509
-1.5582169669502561
-1.781156008658488
-1.2047513070900202
1.0604112499832883
4.846994287906959
5.794398544598552
0.9797406001376784
-5.398262132065873
-7.197407431453955
-4.340831067604303
-0.7005037994143094
2.8370494721342654
6.888491828435246
7.958170804691015
2.215792363024424
-6.19053695679971
-8.294442410822896
-2.3380796286153016
3.6353186289846113
2.7989010721452807
-1.8776178095178406
-2.8101479343931257
1.7203159049530172
5.577464213409087
2.959134777604834
-3.365824222029772
-5.021984647292503
-0.035748987934443734
3.7480417449711054
0.7651118026631595
-3.7782687181064443
-2.9087286032876234
1.4984080456291529
3.3674184160649934
2.0376946889845393
0.7257657628856845
-0.35900747917834
-2.5528423347650566
-3.5063080785240204
-0.4855836699841342
3.4303209279014197
3.191739074297778
-0.4233676548280792
-2.7131119813836873
-2.0331411119114766
-0.02677117678536183
1.9055619120189855
2.5762264027727144
0.871768994919282
-1.8165379895288707
-2.4900900154102232
-0.9410117280829176
0.41504141108427756
0.7731990987530463
1.0229160120828467
0.995723303133296
0.4961108373974926
0.5519974539809038
0.4521230796018415
-2.0845918063981865
-4.928978001628411
-2.2484221992752946
5.1847670783263515
7.979777054479303
1.261303325181479
-7.192950206745559
-7.245939995022191
0.5681356677118268
6.97836855017882
5.51221609405092
-1.2864905287815978
-5.8460486985655145
-3.999278734945758
1.1340229654445464
3.7275594242457
2.1543679119292474
-0.45239854553889214
-1.3039504203618035
-0.7480218919365743
-0.10034124787525442
0.32218946579818186
0.3891042780572798
-0.14548456831406856
-0.5825129494176844
0.03048373089343058
0.8651311468724038
0.12353536782560369
-1.4966225492451997
-0.9284702567272055
1.909308648445025
2.5317636774361807
-0.981030559798957
-3.5214665854163694
-0.5839402595438012
3.680405349867465
2.3463618569166975
-3.0707288445563887
-4.390508365188834
0.7604501451631103
5.111708851135321
2.319021605576983
-3.7703610342697345
-4.381853351544765
1.6667808697269706
5.724415356921163
1.413702511378549
-5.64681289965956
-5.393819018262612
2.0800512251065344
6.484738010804439
2.2355999101377426
-3.7987619624211124
-3.103355069002955
1.9079749002220856
2.622879412249014
-1.8892352843067883
-3.7955513885801246
0.5973957721595844
4.737073716377157
2.14243985281164
-3.4526935551810753
-4.007944252626892
0.7898086934681254
3.8252117113638393
1.381189259365469
-2.2031159509655702
-1.6957964072142724
1.5856778254856811
2.2625677005766516
-1.394407903387627
-4.97802432041686
-3.0649324697656124
3.8133025956695277
8.218392634020372
4.021922798321829
-4.923818793175716
-8.447092842270235
-2.899263351467486
4.4786047143565355
5.514044550645353
0.717815360298264
-3.3882429650851007
-2.87492853928324
0.3690641259679191
2.3381192801402353
1.6052656833562984
-0.13444991473880846
-0.9302561779265484
-0.4751845526051678
0.15071908202625514
-0.31886254718628626
-1.4555396426897516
-1.1227941264944439
1.0495365212953887
2.415257387539974
1.4783922201919188
0.09160459053915532
-0.34398692490294214
-1.1700287513760286
-2.932256016985986
-3.005333230996965
0.5388186799653172
4.810698805406111
4.837376940423256
0.1124012877267885
-4.172890242451502
-3.627355922264121
-0.13629283007281043
1.54330985224709
0.5325107673947643
-0.2009442252069416
0.7724094139419482
1.4374570761231173
0.054001836654871724
-1.5255177598887573
-0.5159622599883043
1.6129179896556098
0.827594561325247
-2.2691649759982186
-2.688293633437537
0.530097825703289
2.572860828853381
0.9487957158830115
-0.750581318910879
0.6542806064524469
2.4302112169215593
0.2955948195408115
-4.174867886124657
-4.919031861771337
-0.23356195336261673
4.453677962301671
4.344312952859941
1.1657194097874644
-1.0340729204036703
-1.6613611822591434
-2.353911186864708
-2.8761703875109754
-1.1172580868735908
2.9538211218341472
5.265905801550922
2.1106846730623783
-3.7813883750883583
-5.528653302736925
-1.0555359184706785
4.213554144013186
4.461296780681403
0.083617400329351
-3.682526747905834
-3.0524997823056466
0.3614480395472801
2.227567427469204
1.158401684672219
-0.40693911497019053
-0.3735404128350547
0.619429349354037
0.7167826520421554
-0.9114862783897176
-2.770189864510915
-2.0039561649913544
1.761681260897491
4.720220372087556
3.365498544497045
-0.9660702770172294
-4.322291165740095
-4.70691103882923
-2.2611116156099467
2.191927339506779
6.010716779739141
5.219450282082159
-0.38099182472622506
-5.323403191768111
-5.092047219057042
-1.5157972620659814
1.5135462500211894
3.367687790166866
4.193590683870476
2.1240025060576073
-2.583385552972426
-5.069798352220543
-2.2393482570578693
2.0341108003734742
2.476545553947535
-0.09298473050270228
-1.0852782414660238
0.7666480293272082
2.4529937861841558
1.3003934171185902
-1.8789407303416408
-3.798239254288827
-2.256593957282635
1.2297923275906084
3.092889715082023
2.1127875814357338
0.3669519094770004
-0.5965732270667908
-1.5354008699168582
-2.40665105879945
-1.3448133097676727
1.5893527257214524
3.335815262298743
1.975497616306881
-0.917798418526499
-2.7664664012125377
-2.6165262379464305
-0.8410410085483874
1.772829523847806
3.543736343493496
2.3604486952759274
-1.416880133040862
-3.9943056379684814
-2.323754010506413
1.6855574354841902
3.2519450246373647
0.833228239136828
-1.9721696534275113
-1.5712171809231519
0.7776671812771858
1.5026872766313693
0.2475369283581634
-0.4278985363114866
-0.010913268144481549
-0.7082393725035969
-2.371862066944996
-1.2106905646673176
3.3490921726827962
5.090675510167593
-0.06928859319659102
-5.919206393081505
-4.433125484883596
1.8278474170887273
4.5911056296830655
2.5012838799143133
0.02039190972918658
-1.313486753357166
-2.540880543596436
-2.5378063014307872
0.03313763484657997
2.7712344909991273
2.1862487314845254
-0.8049106429957178
-1.936142144273136
-0.14061746496816596
1.1839862663169556
0.18924572790715427
-0.6986096827159681
0.47156975832793707
1.6336837345780004
0.2009862951402817
-2.344101941633874
-2.417957657931799
0.04769361323046833
1.6751857928026326
1.3566129387671226
1.3395523576537782
1.7167899369548258
-0.45133784674699895
-4.28924905946206
-4.08977671158761
1.3076667235198012
5.268667004470638
3.308961732005246
-0.9937024820991236
-3.0087775629236004
-2.62310703897086
-0.8558484630237307
1.9003380406256964
3.0488773971970007
0.16692716747516687
-3.2515025009889897
-1.6766212715200006
2.8780562694504046
3.1993428473742407
-1.3201296123145734
-3.692745603244357
-0.672549838818361
2.695829461199027
1.5363770843751063
-1.8035279675472669
-2.059926440890434
1.0278360205381352
2.737922787270153
0.5547608037008188
-2.1722303492017816
-1.495897864932149
0.9089478011239371
0.7493943584559918
-1.209248357290471
-0.3870988142830941
2.7648349052279535
2.4619906306463006
-2.2822382965288615
-4.942350864049055
-1.7283251657155465
2.8881832613856937
3.998105954076561
2.3713417818474056
0.04603197112120204
-2.8134060569474353
-4.330837528559773
-1.572800146591928
3.151037865859126
3.6397807883690314
-0.7029829966689616
-3.2845741463083717
-0.3489861196883332
3.352929253099448
2.107549810699636
-2.1319608966787724
-3.1816507950058273
-0.13840583966915776
1.9233150249033168
0.33809108433719026
-1.425594177663898
0.13266490319801016
2.8846698256093632
2.3069833578936096
-1.6222085161741981
-4.173406938181321
-2.642337438704821
0.3526782686257187
1.8589302752718704
2.578780331515581
3.314561303570824
2.0159099642550284
-2.109550116536225
-5.289118738846305
-3.681255667760054
1.043649326291289
3.7031220534412452
2.318414605157345
0.046132859631531006
-0.2133862505185721
-0.0005148471915396094
-1.5064827785113364
-2.8420895673394595
-1.1507831247455778
2.256567340597494
3.759769913574855
2.19370000764161
-0.7941045584764755
-2.993853745259899
-2.914336797062116
-0.8861068788306699
0.7120700328964411
0.45334215255747623
0.46782663287414084
2.876585141643198
4.716034752840185
1.2894756221127943
-5.520373905019803
-7.787261062631663
-2.10531976673791
5.0661158371653725
5.979503857825559
1.6573880845688862
-1.665305109524181
-2.3710958640064037
-2.6316018201091467
-1.5126397010989368
2.3314258188766854
4.432143853823098
0.3576419938324871
-4.97526988551272
-3.2553327433821004
3.713380844272984
5.771603203470964
-0.2538820672384362
-5.756241217326732
-3.404266101741913
2.4577780236406577
3.3445573772336536
-0.6835816986592415
-2.3464469342133456
1.1422917230292364
4.25946874548476
1.8259113100966091
-3.489491914639822
-5.104699850702437
-1.3477818558900239
2.918568578394764
2.870762145890934
-0.5318962486797333
-2.188149932403899
0.30404172999257856
3.0979738674219157
1.4932709451285142
-2.631911760107581
-3.1703447060916674
0.8914219558680297
3.8154231012115476
1.6013823913189298
-2.712731054170213
-3.964834444885247
-1.537001187267768
1.1213409226671016
1.8608555851523134
2.000494929068947
2.5185923470118925
1.2708151890613846
-2.52905126448965
-4.345907868715535
-0.6889201458709208
3.7441159266214066
2.5664725357923377
-1.856381200635622
-2.6455382781115446
0.014387588945604173
0.4510658144003258
-1.6463725839314094
-1.0140125283731445
3.139756971891177
4.783146125315235
0.4469998513199822
-4.5035118480335345
-3.0225390795127036
2.7754979597661955
4.048615064219682
-1.551102100088151
-6.366056000576961
-4.096829893273791
2.169316694673769
5.565319318479113
4.019234648329909
0.9744854244420117
-0.10756788224119351
-0.10197297606066709
-2.1433358496963266
-5.545914481032519
-5.2034825804992675
0.77140178666449
6.543806091105487
5.677377298028051
0.0184665061108155
-3.1543554555022886
-1.3657170075916096
0.5718001144265483
-1.24059104583831
-3.5764834061076294
-1.0984106229229353
4.777247080568928
6.630605479151759
1.2561765062410795
-5.436459023690153
-6.499480176394027
-2.7461227771537313
0.7279653305710723
2.936029549606091
5.871829459483416
7.183264017041654
1.8218947288548744
-7.6137002966547
-10.593344914205627
-3.3565925240075796
4.471978666435693
4.229032614004359
0.4940289375111514
1.5813097343163411
5.486881706061594
3.978368302784732
-3.4852657637903346
-8.548217062196164
-6.301657223918184
-0.8641020581600173
3.0077691894429366
5.586031605862872
6.666778446231199
3.1508771472380253
-3.758213127185001
-6.7936955178541565
-2.9666125569640065
1.1362721125079096
-0.029628111255774837
-1.770350702176205
2.0390160874235397
7.0439021303583305
4.703163962350299
-3.341911105936238
-7.079846395095878
-3.1608354233180025
1.3566829311168238
1.438044419416016
0.7755841396334315
2.4095063566079347
2.061945064008433
-2.7601380932343664
-5.267349011620512
0.4049484243787175
7.585749722918764
5.623674386754629
-3.5104261497037057
-7.878625716748168
-3.5965463721766286
1.1459734793762089
1.0786601956017812
0.9063209136887169
3.884695859892042
5.008737133850822
0.966150810956148
-3.373884953681399
-3.726386416495819
-2.537922916573008
-2.1545076869432145
-0.402851472955173
3.2008658228654445
4.290168773520385
0.7654089659643665
-2.55322033972698
-0.8748333092627211
2.801203157794934
2.023132815095788
-3.060624092908154
-5.577365020073963
-1.8994773581160154
3.2628017530824516
3.849617674362395
0.9906382628010161
0.29866256713316885
2.054113344180298
0.5279843504287495
-5.295623132726106
-7.5673977804945345
-0.8281538106646701
8.195311867590503
8.38627888207081
-0.5838856752277269
-7.4045385599935996
-4.492398869252045
2.209186553347873
3.315894271579182
-0.19313437481051932
-1.006203461956867
1.363858493209865
1.1378703165912312
-2.2791085598501715
-3.1016052088046058
0.5681049497505186
3.6466165450015735
2.4276590168089855
-0.7111309693575
-2.214588284389362
-1.6937665951550298
-0.528016448477702
0.16800919958966573
0.06536832601770473
0.19550763054222872
1.7240484057144632
2.9264514032391795
0.6331620761431903
-3.670289707989896
-4.078293974152058
0.853588986749916
4.8836764831079345
2.6042366553039447
-3.3447280733364
-5.8751342468761
-1.857033626866581
4.429829380302545
6.346737334000647
2.557665395915315
-2.3857702945783417
-4.311009507346471
-3.2952987332748256
-1.4082668954247775
0.6447651171958056
2.83008913439014
3.487241288850424
1.5486990103870664
-0.5226376083918498
-0.9469039645187458
-2.3559534053089286
-5.547657100027076
-4.933936634188606
3.0852348834749996
11.854724857016295
10.945606196373035
-0.619770734654216
-12.129772106981424
-13.136975686872734
-4.404161709050299
5.145491504042126
8.955507430628153
7.059774539297873
2.4889153225741043
-2.2885587388022812
-5.1660497041993665
-4.279111097194287
-0.6933898296364327
1.4041337482361294
0.3064487995833577
-0.3940589395663349
2.0210480326008895
3.9244426861112705
0.801048985041971
-4.25388620094156
-4.019660420012288
1.1996262151891923
3.5833205538922654
0.7037437866107604
-1.2590285088793338
0.6269621331870056
1.2419326209292216
-2.4430070144738347
-5.047293900379301
-0.7410015131402621
6.985007502380025
8.034830356411385
-1.1447092868268278
-10.70909225354056
-8.534095189178265
3.392259499151105
10.771722088221537
5.923955526081425
-3.0084558776956247
-5.110335329726959
-1.4522767999067978
-0.5183947625499262
-3.6340680863974364
-3.2102050915372935
4.114107534673577
10.017195255226445
5.473371318862776
-5.296296275425896
-9.689898895411066
-3.840795322071053
3.4302078243008824
4.00036090005857
0.21022750429426496
-0.8838922774599606
2.129486170981479
3.8411885838725945
0.06760939576388254
-5.6392694527659915
-6.076801822642414
-0.5160819820567862
4.033341638404973
3.351739692408768
1.4808366217471296
2.12288400498022
1.9764012957572734
-1.9289014336033217
-5.413906929226451
-3.8579959020895007
0.23447224116751653
1.8472683048753442
0.9368987964317027
0.9356225420074877
2.767773286288937
3.664317124248411
1.2763997341865516
-2.8791204231522083
-5.066013931403226
-3.7978249719705364
-1.0678536888716512
0.9832238258965218
2.7178974753165077
4.924146228757486
5.604824383820157
1.8379521905023828
-5.15044123765358
-9.589404265110986
-6.819729020362467
1.5636732773700588
8.617492647214604
8.532020851608813
2.2578530979133205
-4.043455738214795
-5.5669169620252985
-2.9108155170063257
-0.12437525810552535
0.47148665147680685
0.47387019520124674
1.6985842571205143
2.6734722554302097
1.283659897491684
-1.2882406243061446
-2.1025313204347347
-0.6396241463244854
0.72820204808717
0.07657070383104868
-1.4112170809730367
-0.7658664203142056
2.190600871811857
3.034580740857299
-1.0759089612237098
-4.942256836915086
-1.6635537508376421
5.300180043808444
5.491641370284075
-2.1826548560307057
-6.692302044775474
-1.9150868453852574
3.831656054283568
1.935568541341677
-2.438678723864203
-0.5610647247461036
3.8865384105736567
2.0153109106471736
-3.4698657429232442
-3.0372665995991475
2.335566616976438
3.035900758141162
-2.1312990628900508
-4.369631274025196
-0.1618987718464181
3.7229597614098826
1.9755551225891212
-1.689719312936571
-1.533386499188393
1.7027437133818928
2.927694598695512
0.25306288625078094
-3.140371691428616
-3.628590444043273
-1.0374706526372723
1.9458028147157918
2.8282247175841113
1.437135040726065
-0.5523330849998364
-1.4546177673727452
-0.7142240307719647
0.9963647987933648
2.106675501109707
0.8794278150013248
-2.6339488380179032
-4.871941606186967
-2.106292556760851
3.3289723658171226
5.035052276006403
1.86436397994761
-1.0485156167110008
-1.0267447459802266
-0.6739021461274916
-1.6429520212142292
-1.8807497101715116
-0.009454692761616219
1.9150279472192175
1.4636712558187581
-0.63841805653142
-1.6694248837474213
-0.6161790964615447
1.2600019306299906
2.9038534308850217
3.3358237831473847
0.1619575281966619
-6.3192339040178025
-9.005482471492599
-1.6906257344242976
9.955826645698126
12.815673502596834
2.253277142989057
-11.26879145714613
-13.317738777694693
-2.11764460755253
9.272419081280239
9.4073359438335
1.836247159836257
-2.75220157160388
-1.9257220302165696
-1.6523634069314987
-4.265801536765467
-4.573197594661482
0.7264255415951222
6.362118777378869
5.567009091263033
-0.21878600005982757
-3.6964294304977274
-1.719760028651793
1.5597167503366298
1.2884062762944457
-1.9442832155913112
-3.8379630440803587
-2.0099649686706123
1.9124193407219747
4.5913661729385655
3.890122882149877
0.3869942959198614
-2.9952695498513546
-3.606418174995278
-1.5990064799589456
0.8423070250409956
1.88677444390961
0.7859292373559277
-1.5831738077967896
-1.9667469247184557
1.8780617344929083
5.968168215903704
3.325151034358638
-5.240491625926989
-9.324641503480532
-2.6673853770489377
6.590302104485773
6.703891959344714
-0.8452278175935811
-4.566652010611527
-0.34634780302904344
4.238353250193794
2.5481543982305133
-2.7204548602706984
-5.335221119573921
-3.5832121148582496
-0.01278418549159157
2.979321504337542
4.809567414492483
5.445877387512586
3.626454585366849
-2.196602450527014
-9.224924501354536
-10.169518020665405
-2.4011669046376833
6.8956774222690616
9.551747290405615
5.6372671750861
0.2578165016769835
-3.374085809714265
-4.605642691768669
-3.7843607744597194
-2.370511203612612
-1.3983542444786763
0.7048693533414516
5.097247038078999
7.720310204014742
3.17162329309321
-5.729585234092415
-8.867220000780854
-2.2522239837144777
5.505887709385054
4.7198702624206685
-2.0755764422481007
-4.48582451698185
0.5099748421967688
4.917725514792011
2.1414533683588264
-3.6026168181161817
-4.124762338117371
0.8522429204170652
4.178416242554421
1.9524270391317906
-2.2458753064742862
-3.84929502161838
-2.1916752174715066
1.4123497432546865
4.717390142955549
4.179955906143788
-0.7832954407892128
-4.831954985991463
-3.3445035345389647
0.6721672637024997
1.5135150465621952
-0.3930734743277242
-0.27526644587930404
2.3326900061063864
2.9204636963543016
-0.06429543171458496
-2.539287164868504
-1.529289062134835
0.4528105291713993
0.01162284448253245
-1.935507561806296
-1.9969699608111526
0.83019125616825
3.9698789524732
4.184363509351671
0.9386691498242447
-3.049923883433419
-4.474878382280965
-2.4324237276912744
0.9482169247895549
2.426098952401727
1.0355458564423523
-0.3988233889385009
0.8732031210073379
2.6975830509037912
0.7693743264120518
-3.8885416871790524
-5.1416579295842055
-0.8854586402876414
3.410449650644695
3.507254792023822
2.493569056255994
2.8606989961034395
0.3199651283249752
-6.671745684666848
-9.674470055464543
-2.17259653808772
8.46958280210632
10.153377270685976
2.035315953116797
-5.82468293205089
-5.745295000197287
-0.21237229168070826
3.0347542895684527
0.8494878818584561
-2.29982626887509
-1.4415418902124195
1.6833789247580502
1.9938019507951512
-0.46144587395950704
-1.0449649694861756
1.0284751141109685
1.5395065960767516
-0.6852543927925798
-1.8002449971602783
-0.4490099261963001
0.1964971493963718
-0.6876265598085652
-0.19364607101736334
1.7593593820723956
1.7147265288640006
-0.7928627689937117
-2.2109969410028607
-0.7040491883246592
1.7043783094136966
2.4414696121002217
0.8379848749982384
-2.0619487097127682
-4.123344213393874
-2.9963744848035128
1.7563359262533595
6.524316511934949
5.535127344568871
-2.0495476878849264
-8.31548905721148
-5.166904537417729
3.821665547501788
7.253762853782482
1.8514677308611576
-4.007310965697269
-3.65984921909209
0.03665321979507949
1.9014686842529875
1.2290631428448575
-0.31588238275159725
-1.327331076005515
-0.3815015224034743
2.1706147172744474
2.743526341449925
-0.7951073079778114
-4.526891454208727
-3.2823747834118686
1.6255215728466108
4.279735940206636
2.5010271372201
-0.3677651663827491
-1.6464167439372732
-2.374746700432171
-2.781450291377749
-0.18582382643317752
4.695073490557701
5.076002374056393
-1.9803649956066471
-7.938739993036161
-3.325267378193341
6.872423236254194
8.240700518756178
-1.892944428203766
-9.51474850263881
-4.579721557577695
5.054576208481785
7.225784106778384
2.0196583085898636
-2.736137724431022
-3.6356033465504587
-2.676178321543428
-1.44143147512686
0.6503409277225728
3.4576834884169867
4.323088181156347
1.1963193100523055
-3.2841594118864994
-4.198842979798302
-0.9187236499204948
2.2830376588075234
2.233702905140771
-0.029976693572159867
-1.959041040252614
-1.9548711967708483
0.4164414439759661
3.5205977169617406
3.742004720312077
-0.3249650282011162
-4.720049602209011
-4.53255947631502
-0.47860693897713363
2.564903438165087
2.5919017104303617
1.8577244079054973
1.6926249859715912
0.4397957886753821
-2.5284167088342473
-4.357005336254625
-2.2429072754306776
2.2389217662806087
4.302891703501478
1.7187199125620352
-2.043268036005997
-2.307958034531658
0.31278268902106293
1.3780896507351736
-0.20282179045029577
-1.0777689408364213
0.3995370329911696
1.5587820433530069
0.07162596376853092
-2.199498279165177
-1.9413944242785477
0.8059429237502436
2.7842708325769165
1.8390501631048715
-0.801861911187907
-2.3425601338359314
-1.2689628424161548
1.2741201047011934
2.376202657584034
0.23473467682448634
-3.300180426687472
-3.747481864235793
0.9034035079520283
6.342545622390345
5.798856731501518
-1.5832730082108648
-8.524305007002651
-7.035935954377392
2.147003689228432
8.873594498627062
5.118206650307788
-3.9939562735603067
-6.502475685289447
-0.15445754043484744
5.196766574581228
2.411839213205771
-3.5415717844398413
-4.080504776692995
0.7674632846043199
3.7870361207396925
1.651445660655963
-1.5132687687917932
-1.706046490488074
-0.2861507842530674
0.11302695125895951
-0.058328569109817485
0.6311088971796514
1.635965373567533
1.3075635800552272
-1.0426711568225204
-3.7245949574232964
-3.1691113756216622
1.4705875223404885
5.306828536325239
3.565238791028345
-1.535178555539312
-4.065389543837395
-2.1436688364976684
0.9629673316478504
1.6845732418637331
0.06966455900660398
-0.906869028303121
0.4601654469023527
2.1024079488636573
0.9396389140398134
-2.438352151676697
-3.6283599742202783
-0.2659395022053076
3.657440161292343
2.9051551029026603
-0.9801113559737317
-2.2031197544341343
-0.07223436777855255
0.7951751121289549
-0.9836580947920699
-1.5971581607430851
0.7726751108065922
2.6104674615205674
0.9357068468429345
-1.7712002611022626
-1.6857714720552548
0.3870374227292316
1.0908679904137684
0.10560071450115141
-0.4946742496017981
-0.20100627841626448
0.20838760945734638
0.5619193682163015
0.5052118441172687
-0.5734223625093084
-1.6904509921141482
-1.0999433496354512
0.8845101861897515
2.3389554543241906
2.2072381235221803
0.5743245695631463
-1.7865557173269
-3.036757125227421
-1.7792020696107824
0.5589096244141465
1.264310694176929
0.24409562945435523
0.01771142138358966
1.6112559655748508
2.6451920647124916
0.8269041909649287
-2.1890605406685455
-2.9673877644378677
-1.4706957121929527
-0.5479357724000796
-0.6202146058769803
0.7198674364008988
3.521838402909242
4.479095664680843
1.827568218120942
-2.488628108543363
-5.49418746360218
-5.178075792348023
-1.2176078320758967
3.765588759176389
5.483272985428985
2.5586251833086457
-1.4608848538653318
-2.1204611160980735
0.46980414104993257
1.8335942080856826
-0.6805637568672568
-4.138497536341682
-4.1493690227589335
-0.5747678406413942
3.08950808745479
4.451614730349909
3.949501801852161
2.291763739559268
-1.0481383382146099
-5.231281245176473
-6.486688835578002
-2.500423282479487
3.211775665950134
5.150965860513895
2.8345928111863716
0.1186075866915858
-0.9690072376669217
-1.4769366927955412
-1.7996220927324171
-0.8496525157010604
1.1873230842697966
2.1171585998314817
0.41182989711139906
-2.4671181315430313
-3.263741602429696
-0.620142324338523
3.05967840846567
4.16902374520131
1.9728132767394562
-0.952466798298479
-2.292703519413749
-2.34271537682193
-2.2126980094502864
-1.6313714322627164
0.1817494707512147
2.692298984264116
4.206874434876841
3.3763566682916855
0.2248595911602288
-3.6211228392479193
-5.42389377780297
-3.2607495875783825
1.4502156151429397
4.432013801490933
3.0681009338195913
-0.37591925474759463
-1.649243046644684
0.04905558187238534
1.4809587654261223
0.07192466741582423
-2.8612414362318606
-4.067924512833268
-1.893219961907707
2.612333910947539
6.4860321517518456
6.265555258179962
0.6714387168218022
-6.737599151033173
-9.379351710188335
-4.265229959196979
4.0163501783172535
7.843422660439941
4.790198431483327
-0.45097624690532895
-2.5399817298900964
-1.5843897763949077
-1.0756366804679245
-1.8610288637216277
-1.6651178226560395
0.12643868185316703
1.4638959288072997
1.8004789973739321
2.5517050886038706
2.6117607130491556
-0.8419203790345152
-5.707633766715009
-5.492227955225412
1.1682061762236902
6.955281481884264
4.976689318921277
-2.0314522505052803
-5.425002851747361
-2.152395155567469
2.198684948315599
2.2689207156002325
-0.46250529455458594
-1.7580276938695072
-0.607829634986514
1.1663344841904881
2.072200409200285
1.7107162988013593
0.042504874741488494
-2.4267190164788577
-3.9627864815142666
-2.5720812807276894
1.4650336563766737
4.971369583522219
4.773909462643306
0.8447863830241195
-3.599512369177216
-4.966228319590751
-2.798028885569814
0.06742305895483613
1.7241913683140975
3.3338801515300935
4.947177968277255
3.0620346560157534
-3.2336743359576388
-7.673405680596985
-4.6688583383644895
1.9272516949967127
4.911916854092406
3.803545531274528
1.502151369904202
-2.1266454742416716
-5.655054686924588
-3.621603388015552
4.0219612145750565
8.465087508866363
3.8468979401229833
-4.7183429031632445
-8.54797437052526
-5.063061390104404
1.7127071206947861
5.993336557579386
4.8575025047009035
0.44877255681860034
-2.5722682514957387
-1.964608129002355
0.6543770187107595
1.9778033657647367
-0.12216181595129286
-3.834274562846111
-4.29878136236385
0.14110674673359952
4.830634841969973
4.816258017256772
1.1925514924045382
-1.581414257523998
-2.2379355154378273
-2.668506297821506
-2.599651048864444
0.261329785166931
4.010033985940494
3.0577809601642323
-2.3390767974748647
-4.116374496807141
1.2833267189421969
5.674737307511663
1.2473536970810417
-6.2926370841736015
-5.8551656407673045
2.299753462783672
7.838110597614526
5.271436297256923
-1.56603074314367
-7.229844190552047
-8.464959127847253
-3.0480385195485193
6.880076396150125
12.303900095170011
6.25507475885503
-5.514619610843921
-10.296623721406368
-4.752298926935118
2.1164142614053634
2.9293796486393573
0.6082262045885597
0.7181420970921375
2.660392978749455
2.445437213952455
-0.5815400598229306
-3.329341068575897
-3.210447569274193
-0.745282054479323
1.7302056481606534
2.6747471931939777
1.8439992404356285
-0.4238007202392915
-2.6650280066053655
-2.5895372662225022
0.0028354837431007578
2.1854125039444847
1.7611479545318827
0.4796046597642999
0.8346567197289604
1.151241591962277
-1.7163466441924107
-5.203525415799343
-3.167032242478374
3.4577241202818394
6.0626669101651025
1.3417824826630886
-3.3539308434522956
-1.7757782940552365
1.83047224748256
0.6707598055754591
-3.355579319805352
-3.1436880336484863
2.217447835187343
6.00159846075586
3.1636161478423293
-3.3777492646111758
-6.658222329806168
-3.6836110268592193
2.120890427724703
5.709622577039634
4.993909162499593
0.8393448449245527
-3.7475504452787916
-4.845606556539765
-1.9004350955098421
1.1142490795857127
1.741994070863619
1.7036002631341705
1.5691729513536878
-0.35210623980449307
-2.4890548184450054
-1.1612114858621352
2.004162949707698
1.6510820776844919
-1.768227999858615
-2.0786500420942304
1.6754150492469477
2.8670098229026433
-1.1264281189361227
-3.668302207758485
-0.1290638376895431
3.827419738352662
1.783374285004247
-2.64569568725621
-2.3333799991526956
1.277239685959669
1.250940059972478
-2.460316830369767
-2.6068698109441404
3.010148375409806
6.688880000109571
2.0640005118811415
-5.476535592404503
-6.105284308217287
-0.1555599219006733
3.07321770710515
0.27740105759732736
-1.694853423962917
1.793721091756505
5.537150580914636
2.854418572269475
-4.258553697964987
-7.606741968550694
-3.3946264240927415
3.3705885447764317
5.913488327351894
3.517916743537029
-0.35473361047620344
-3.4109950565163443
-4.245465245877425
-1.6502984285229985
2.3607686767858587
3.656437235761363
1.7006810013307225
-0.44925413101651207
-1.4386032517056495
-2.16852794393965
-2.108042811997939
0.03365290289334271
2.46965014216796
2.1388486559666076
0.09346484060457252
-0.2330225827725729
0.6163710409646863
-0.5653251011377689
-3.0867398878143653
-2.891035409391516
0.9356387752375842
4.333327675301923
3.297462030928169
-1.133923512495424
-3.9825669823998044
-2.175920620953839
2.0148865299531478
3.8195834946537945
1.246111240953857
-3.0223767470374905
-4.597102788576055
-1.7316094239272488
3.206589676204027
5.755897315866762
3.034401171370353
-2.9877204770842245
-6.209413280469002
-2.8198178145815005
3.257786002654823
4.494778105956336
-0.30985573156726587
-3.9605529177451264
-0.738679565078545
5.085914706796695
4.720341228344814
-2.8512181288509413
-8.899981727689388
-5.738055743851147
4.0304077019436795
10.38611305652861
6.801553012306759
-2.782546370918639
-8.657437172864098
-6.358964824197476
-0.30846743831357326
3.5746234312353913
4.4510245514099855
3.913789340661891
1.6052304784396672
-2.533276350684111
-5.095563602710523
-3.119004497912575
0.8147641901045153
2.2049709034263985
1.705515588042596
2.477921515634572
2.1629499177009976
-3.1347707632193345
-7.672868107440379
-1.972474535117745
9.172152003186913
9.881656693571449
-2.6075609673110427
-12.044720742728025
-6.615332700003706
4.691536850603538
6.878223983528336
0.4641520942197558
-2.395851338977298
1.9277113406369233
4.533464324049904
-0.26248256722948254
-6.221265406887542
-5.46975076449404
0.2604053667307694
3.6379122276554923
2.4097958561649158
0.5403092122050688
0.8402628635267366
1.655102916467325
0.5735272848130621
-1.9995143343848552
-3.4941683680819935
-2.3281741989729623
0.22837135658883861
1.9249078744962396
2.2174310323386845
1.6381523101808626
0.2596633971516156
-1.3583164430626722
-1.645716926170518
-0.11048248522253411
1.4357331767208186
0.9162372092702891
-1.1841020001600224
-2.1719976183992316
-0.8316937020346026
1.0782960973954627
1.946253675876823
1.8992411705198975
0.6462599714667955
-2.0637442164976765
-3.714013118130506
-1.4334557930254577
2.9274816012258866
4.382469934724203
1.5252678966020197
-2.0401606553017406
-3.2988983431263597
-2.8359481837772234
-1.2987737436026991
2.090827710706123
5.367530064929481
3.879231345401726
-2.2322363641202783
-6.087426562732478
-3.290177220893211
1.8988270092348978
3.2920571969632015
1.1332989744233888
-0.15362197461425645
0.761934382402778
1.007994231886943
-1.289484731607707
-3.660278579560814
-2.601458578748387
1.2200052584126446
3.8899528360204707
3.667218547214636
1.8600309463163027
-0.9832263429090262
-5.0173259154705425
-7.301301884641388
-3.4243160090079416
5.345108454088155
10.74580563021014
6.529623824191825
-3.3215929947688734
-8.98214208581528
-6.420312507610799
-0.3513332871315308
3.7011056575366346
4.67504335755972
3.4310825632750688
0.6564545645831685
-2.1549335196636203
-3.39207685651946
-2.9380397930291346
-1.3745988292640237
0.9943776246445123
3.158569359688161
3.4564504698297376
1.6805856206690735
-0.7782294419631391
-2.8934326263029484
-3.7740160516014405
-1.923594319502255
2.0699545894219944
4.151852062396316
1.6055853661476764
-2.3705194836279846
-2.313800696302057
1.6403810148111888
3.326772275692041
-0.46946360213103105
-4.751655738629568
-3.3931717116852878
1.9741548693777364
4.376386535262304
1.4372889987341757
-1.474299597120318
0.10575814350840487
2.234394350532479
-0.6969222596228439
-5.2853945171862975
-3.782319442440891
2.5966839157738444
5.149162344999499
1.9028439625473177
-0.589874560931959
-0.024973577939828434
-1.1646542702075742
-4.51404562197573
-3.601875848253172
3.5661423832755217
8.865659752814981
4.086379324295184
-6.995943566951426
-11.476162157075214
-3.4316699743338517
7.891303789827399
10.323195753361201
3.9495318220458797
-2.3951136694599144
-4.873927063156809
-6.251949807614754
-6.494878630311903
-1.624631209140075
7.09473852741661
11.202887136285666
5.605341353470355
-4.274130541521052
-9.142261847520908
-6.0597036219169595
0.5279401114567115
4.825859909682933
4.292754215747883
0.5715910376174484
-2.39706049034377
-2.2755989305033246
-0.28994102183487475
1.222315928785628
1.675219050719336
1.651492337096816
0.7776990325365205
-1.874199075971444
-4.829662498868169
-4.183505340166366
1.2153973489668448
6.820594543814926
7.1870863034804
1.8369697646443384
-5.0426652799807705
-8.366574205395557
-5.27551802185122
2.062934274207665
6.725042885562094
4.195410790212547
-1.355400979451384
-2.702114287059423
0.2782300893356071
1.8887413609849857
0.1314142624268522
-1.4742689617285716
-1.0370907042505955
-1.1391299885428348
-2.7218738567725973
-1.603227318030812
4.195664108633888
8.03000781630475
2.711969521403045
-7.219470200232719
-9.326044965170835
-0.15508292642157365
8.815375826973277
6.095439982604741
-4.120942256061934
-7.955731518560676
-1.1340916971782764
6.101205537295511
4.422958559155506
-2.3697577665941902
-4.895393343116904
-1.2965531056902562
3.335323532205886
5.159669265536551
2.9533297047013853
-3.178575266497803
-8.872254953755204
-7.267596223163943
1.6238822618813582
9.094447255549698
8.572828210870709
2.6452446013240203
-2.8544574596601615
-5.658983271914132
-5.78890894243314
-3.1851326450274438
0.9647859853345948
4.091349328466151
4.378407091748991
1.874719032278454
-1.2610465237581834
-2.0352437039387494
-0.27976397391960656
0.750567255669061
-0.7078157188852366
-2.2879126018164557
-1.3611964830402752
1.1197949007652992
2.1569554366351547
0.8721246033129156
-0.3240272495382125
0.4793455283925499
1.2315954143379568
-0.7884547534974145
-3.4554673151309623
-2.2104641629983934
2.3863132900033905
4.46012611504402
1.0049560827764146
-3.5806251596817424
-3.329860841412064
0.9913505918767672
3.128892170680801
0.6204236878329056
-2.036384300319618
-0.8342233642431128
1.8747734424454974
1.6182699688397535
-1.2418157741873523
-2.422130092775228
-0.4708017901683077
1.5747892339431264
1.3234547006865451
-0.2720966315672323
-1.2503164790235959
-0.6270498867337351
0.9825679277784927
1.5399167403190068
0.13654949036344408
-1.3144048576943814
-1.0346060617409958
-0.10981206139141181
0.014681672146818555
0.1836996334970758
0.9950247009262795
0.8864881149519639
-0.23698779201285985
-0.07613362852763397
0.6966746044453362
-1.1934190352864227
-3.9962188858718632
-2.0915087059123367
3.84637976211672
6.467996765669789
2.7085097246486534
-2.4941806968783786
-4.487817452706991
-4.006502523710753
-2.5636733535963137
0.5594910425011125
4.403659065729817
5.173095310159554
1.5695035283329488
-2.6193050890954197
-3.131216268629433
-0.42980080551523914
1.1672922784146662
-0.534111297079853
-2.444244472214776
-1.0681748944684173
1.9157629278884365
2.7119680166740485
1.4614254661128918
0.6890636638349239
0.11917155015178124
-2.0196602702753363
-4.064335955056343
-2.290255552912136
2.6073083713633327
4.814881272432664
1.2690285916163353
-3.2532334694591922
-2.594957295605866
1.752935974370405
3.0351125871566844
-0.5470860666852584
-3.483568888096121
-1.5086836885533963
2.332708827045452
2.7090220780794443
-0.2696640356131684
-2.1858786894003175
-1.3243515815549542
0.061057752260372036
0.8003502890024299
2.0449991612555705
3.019197175818814
0.6968144941569622
-4.393897129346868
-6.472532522391764
-1.8484946073166808
5.101596117017736
7.092812622865933
2.9668256441938436
-2.3056378435790905
-4.768961221814516
-4.3455486318433465
-1.9260533406203233
1.7528490392108096
4.380675920682642
3.386564126535825
0.055284864097730105
-1.1392414998381626
0.8892638858591502
1.3012756213580894
-3.4670145161109964
-8.68149197002646
-6.202172506106955
4.1964604863750665
12.870331627257272
10.924611296904446
0.07222207945839823
-9.647703422744835
-10.579366486445304
-4.178503654302187
2.6163826406280664
5.278489556820144
4.252331082621268
1.8275991749708722
-0.16381726891599374
-0.5992471039923764
-0.268742733084643
-1.5963413113260359
-4.356011315745367
-4.2748894256988565
0.725332815635137
6.039143072968428
5.956548940794849
1.191815318756116
-2.774265100386558
-3.106107582366498
-1.6960871810034759
-0.7691834644737688
-0.439573836732021
-0.4533514981050161
-0.5625934261122248
0.5148357644906333
3.276404471082188
5.122986643419581
2.610326746436913
-3.382351510811317
-6.822660198470075
-3.7921380249841166
1.0201390206937007
0.7482226584852193
-2.088718130464588
1.005676919324267
9.282477126427251
11.002264047456498
0.41225746354558485
-12.292104994045957
-13.771691599902239
-4.160489132716831
5.297573723375619
7.327338719375652
4.931723731296508
3.352380008628617
2.125887016983959
-1.369402551629366
-5.301154327853396
-5.8841061594311315
-3.2413162544618657
0.055376316400996425
3.2110706741942336
5.9203816202247905
5.578205931938595
0.300242187410419
-5.990748623185645
-6.465120179033162
-0.7043547473228612
4.057078344516795
3.2366179027034896
0.4831763864618299
-0.18759525479505998
-0.9001109053456864
-3.5032562674007597
-3.6480427584425383
1.6944534921466055
6.882258566590349
5.2857269653965435
-0.9285859673428728
-5.259102736057417
-5.872925332722482
-4.265545312230238
-0.15959488441277245
5.880808456749634
8.741689690302124
4.296589783309519
-3.6514764138261917
-7.514310206894405
-5.089751728053111
-0.19801402558747938
3.3330648552332263
4.01533641262493
1.5934204849542866
-1.9382078505735294
-2.388970512241969
1.3117961953531951
4.083242200986525
1.0782052144460907
-4.998596966634359
-6.751943577307802
-1.2126779664426897
6.3923827917401
8.087611110440818
1.8080402182688382
-5.939404560511307
-7.087828109866119
-1.3118797603088523
3.9450397050335058
3.3402548560781367
0.12215227364149876
-0.08638094969627493
1.6342018559238314
0.2533247443644537
-3.67605946889484
-4.282231851839596
0.24103694260916095
4.758143500777427
4.215591868591306
-0.6299019664891558
-4.842844720239171
-4.384162905547763
0.4496466669322743
5.360610153548355
5.661317353503538
0.7689920720152041
-4.480609217543021
-4.912919414729092
-1.5357744064051055
0.4881050214359827
0.04469740252021587
0.845973018239163
3.8059028573362648
4.627241469557795
0.6394379039725914
-4.299175151974743
-4.48541936971499
-0.33055233639881604
1.8680842604111143
-0.75012555408314
-2.83617993279729
0.7098137053335062
5.951804330807933
5.44423715800978
-0.8967005067814692
-6.224028186526171
-5.688328991528102
-0.6970056815821161
3.920013159976526
4.444393238919544
1.206361805462628
-2.2098554835951942
-3.225496176641666
-2.253078681295474
0.10042778878105904
3.876110909740233
6.12881184767979
2.2006673379269053
-5.841639831859945
-8.55780175631583
-2.009732600050335
5.475021588501122
5.318702454567825
0.3428734258724886
-1.9759472344290883
-0.7471542571543062
0.34872655430057614
0.14502076131362074
-0.5161904622678034
-1.4432303551480918
-1.5729024966939338
0.5685264970033918
2.9433173092779423
1.8240902023983065
-1.4902102163105018
-1.8768720059427355
0.9851900446712885
1.7943736759765745
-1.3217350393784582
-3.438746929871953
-0.9653609848054197
2.6703308342346683
2.8643442875984158
0.41291198646477556
-1.053161620383096
-0.3715140507138639
0.43629366745569353
-0.7345945142743509
-2.2019650823854935
-0.3883081486655253
2.314284184669843
-0.4525659276559132
-5.623451046941715
-2.2025142234901707
9.110177986345073
12.944681094789708
1.868070652276729
-11.870626923717953
-13.580304437698267
-4.336781940166971
4.400967284829302
6.593342039327651
5.14061072770393
3.8444661268420566
2.5017740045979915
-0.4603179812094126
-4.471286983928057
-6.862406892667844
-5.393319191320927
-0.6205727067301807
4.333234566013082
6.41650703107714
4.658379633407045
0.47554364762706774
-3.126191533175143
-3.908079481799232
-2.206492835369864
0.32599971563271674
1.965104583053941
0.8957428994922315
-2.3279045831899285
-3.192754050123848
1.2070483335007258
6.4657575437698585
5.638606370643776
-1.1792701584776852
-6.62697319748183
-5.722188682166797
-1.2756945735224525
1.8127016117294497
2.8582288215855285
3.356254375021246
3.0793540042299212
1.1458132125677898
-1.9313254246445708
-4.655136429433368
-4.983824904957012
-1.291481922839973
4.353471292242178
6.125546790285149
1.6249862293911181
-3.526859019172756
-3.0090706401141643
1.1613730793842234
2.2763486579100647
-0.861682322520363
-3.0533759972485615
-1.0947069426507423
1.8287875008318732
1.42978347958493
-0.9306760275828868
-0.2835580835740477
3.367658536778497
3.6985570866164044
-1.9438381458379919
-6.915987560307181
-4.625327976991211
1.7546696212530941
4.863500195654311
3.6664479463540367
1.8704530333254925
0.1765450550865556
-2.7052768242875938
-4.66185566924341
-2.709316485146213
1.4528959641632555
3.664442066301108
2.743860405598951
0.3073810675382228
-1.9725889269787087
-2.574911524319718
-0.7310777771390838
1.526139179240658
1.3626891660966023
-0.08314095611315284
0.3981563119109195
1.5240051464295923
-0.6132909435656052
-4.33248535773652
-3.5398885536933964
2.4174159304963445
6.524851259304163
3.1560659168552565
-4.107289336115928
-6.037967227796291
0.43746269487559053
6.9789038022539005
4.50156423629112
-4.012510382051164
-8.179624423037238
-4.8290527969001955
0.5346583742399696
4.470230393624546
7.757733078400661
7.973301400973684
1.0590713801195346
-8.810637463317013
-11.331419020254284
-3.8450088094107695
5.126848322418712
7.145446465265407
2.7324017810018764
-1.5930068947144456
-1.6044771551436177
0.839766426746197
1.7202444104794659
0.03236027712173056
-2.4806239636778593
-3.918315666819748
-2.7853663050933024
1.1001093901888337
4.93456789541894
4.903432395530558
0.9858783612140904
-2.647169490646892
-3.138173681480287
-1.947832688255921
-1.081303338494019
-0.13313574982589135
1.2391098075749845
1.779250733352827
1.0741747550533463
0.48442397028687567
0.7336009601275953
0.685312693193437
-0.6749235648301135
-2.301859003545521
-2.34803369187126
-0.8150938828324473
0.6453360708390539
1.3289530217211856
1.8136888717280781
1.7989028984944444
0.34857576000730417
-1.434622942837335
-1.2457705665496464
0.34197166821438363
0.2648052011370544
-1.7419260670494963
-2.094242913189127
0.8745222462781194
3.602996336275079
2.2643719242801703
-1.5122175658394523
-2.989698214303331
-0.8626763740351608
1.6422644054691866
1.535882415334946
-0.5877524356753042
-2.028055643605211
-1.2254513983468065
0.9698317538924152
2.6210734022448414
2.5360115020863288
0.6343840019145421
-2.3878787430288844
-4.511892210996669
-3.0036948298242154
1.762670892035932
4.789247508581209
2.5564898668327816
-1.4291735222077502
-1.781617059854533
0.5498832356070309
0.6335436740596769
-1.8676723761234468
-2.312573367833684
0.9897902787239891
3.4943201528803063
1.0117801026631843
-3.3524849545158615
-2.8205641059063615
2.5556079651585155
4.535153694457498
-0.9474541896078935
-6.136617162096636
-2.4486128081827596
5.928556524828659
7.501370756330712
-0.2225221266050427
-7.87325918700473
-7.036266875816599
0.5100595483373184
6.662573924756404
5.8136280986219315
-0.3058449724195611
-4.853267633619659
-3.5520630038262166
0.7868243980806167
2.897527893514606
1.529071346480926
-0.6904243792009704
-1.3418557010585783
-0.5353562226829104
0.11744187803198702
0.15766621671712758
0.5369992953029932
0.9964085013134198
-0.08411735702835628
-2.1682978477807464
-1.8942931548613289
1.8258230352565132
4.449259941326045
1.5144351598631036
-3.83103684716974
-4.612865355580708
-0.3695134649298622
2.838850400693279
2.105974610650918
0.6274724620477038
0.8113192230476678
0.5731510389418228
-1.7875474020003772
-3.7121996540188333
-2.2026524315170914
1.6050742720003595
4.144004825933586
3.3225926119893185
-0.2695167646266868
-3.6045926522573573
-3.196117052520206
0.5856649951250676
2.966235480369373
1.0726770408744872
-1.9716825326173464
-1.9846445469887843
0.38910164174383743
1.8035304954304132
1.3292974763647347
0.31320469226418773
-0.49147343032704843
-0.9392009956725502
-0.6649157600590992
-0.12898173016770198
-0.3736058588165783
-0.7769198662582033
0.25028588091474574
1.917440804899764
1.6797667615808085
-0.47296985570167943
-1.7092518320941397
-0.7551679447650794
0.4598183623353949
0.26707897870593483
-0.2630661639894386
0.3266819251184879
0.9414828517371976
-0.46695228978552683
-2.836243765550213
-2.1383433305193007
2.7480908041386014
6.397196325881226
2.9230749810965975
-4.8437145476776635
-7.333517477394704
-0.9163744634593264
6.157258152227849
4.276086921758053
-4.052582142493032
-7.1956388658326125
-0.6877144579441443
6.837848205583636
6.525552232711629
0.4886218539057775
-3.955189513951783
-4.314439826069651
-2.5284589465334606
0.10518498902123624
2.811287566050671
3.17858048646486
-0.14462536424054545
-3.4329142323778226
-1.5954579806728217
3.481554137538468
4.3013970433789455
-0.9535443756204426
-5.234822215249949
-3.0420882394425357
2.136461293324521
3.603532819662959
0.4438454476327652
-2.479269060968563
-1.6778966157359114
1.355312919277661
3.4018902651094076
2.6969876218608215
-0.8581865334727294
-4.926471306329811
-5.137856846201762
0.06693964981555356
5.810639848618296
5.223714941350159
-1.8351913885572406
-7.033411771731211
-3.3720643453309966
5.177967046382412
8.567104615143084
3.543135593755144
-4.078507210683272
-8.163987261509348
-7.087976517567318
-1.7208696529871983
5.144671887284294
8.500287218503095
5.401131937252629
-0.9084842707865285
-4.450797560036019
-3.4081135150289557
-1.040376461396936
-0.553221808279433
-1.6529976315228363
-1.7663083139153064
1.037130083785033
5.296488842874797
6.482328234259946
2.6306671820328815
-2.768219252692996
-6.578556072996262
-8.85273592291528
-7.070120994709188
2.5211998765073402
14.089559059171782
14.428066949720227
1.2497101875916956
-11.266198625814885
-11.048947546438743
-2.8659883321481106
1.9437711644750992
1.5596461540522772
1.5613658394323113
3.604682813316194
4.371084184803558
2.1922883360080734
-1.253271315081193
-4.0355870312130095
-4.849022178446452
-2.5208413842462787
1.7187856958207135
3.4711541862277198
0.8158678822545192
-1.6396967385271368
0.8062786252112255
4.814634567908204
3.1046814789260004
-4.159001264170005
-8.185641131423623
-3.3289166748025183
4.98110494700238
7.1892151848268
1.4376528401116875
-4.79070828370651
-4.218746258064891
1.3998293503119956
4.236127187827476
1.354505692097493
-2.1208355546395086
-1.8879841082871083
-0.3413566341887495
-0.7484574236752729
-1.3074689533541295
0.8818050254776558
3.781841197935909
3.0314923888570395
-1.0519942551798707
-3.683539574345024
-2.446941909630981
0.37696365306273694
1.9705057747347032
1.4958396307776822
-0.6279429234748736
-2.5292005018470958
-1.4177007983022276
2.713755033755147
5.247422139710049
1.8350831218258095
-4.974071669921386
-7.3223391768317585
-1.886807932187485
5.242787244986383
6.424621234211216
1.8955573291692742
-2.3777454383301007
-3.266831588339279
-2.352644926242456
-1.2014820494489078
0.35545893033777465
1.7853148287895027
1.839778502093058
1.0154878102698668
0.7873239194588844
0.5565125244166753
-1.332623755481773
-3.5313804528424884
-2.5889569563883232
1.2672016900931296
3.532938507692823
2.0382542455185715
-0.2681898589558004
-0.8067177288272815
-0.8626997382486363
-1.4533957609741674
-0.7753329167781357
1.3707321482381556
1.7181914356340033
-0.7204101493489538
-2.138115985278515
-0.25491464052769053
1.8427234825326786
1.2122012268624773
-0.23919819273549653
0.07529933498787783
0.5717792214020719
-1.140845035653962
-3.098401467349342
-1.4963817066241178
3.080202508708788
5.139878397286641
0.7887080359292336
-5.818291738045978
-5.761818684173448
2.258068801101982
7.977106791306121
3.4291864261687603
-5.021157438719697
-5.901872971908088
0.726917527518557
4.500184874394225
0.7917924971830106
-3.4426397424939403
-1.5925399859239815
2.737732233398778
2.605913842006104
-1.0747384950606653
-2.036778735572433
0.49995669894091793
1.309741159509308
-1.1577330240168018
-2.3860419911408712
0.15448921041612368
2.9978978602396884
2.130139893432329
-1.4789927539274714
-3.3492200328925636
-1.0743800940528918
3.101529861215666
5.00451653059252
2.2671851774742797
-3.776639055822306
-8.229675427295083
-6.571419270179908
0.26926295676043094
6.970929807340946
9.399713213816845
6.700116631182418
0.23804024963211348
-6.5046646911247565
-9.262646822661914
-6.548431818522998
-0.7109276539796267
4.664235122233222
6.986363735513134
5.383726520277251
1.288782116947222
-2.4348432806185567
-4.2264517028408015
-4.251915035367206
-2.0188526122173522
2.3234332701870355
4.341583435143744
0.22119287656379927
-4.498632503415995
-1.1713764934503443
6.699343446353296
6.708610126945526
-2.966539225394919
-9.963211480440627
-5.838659478107629
3.195792442847426
6.955401874575828
4.101331048699765
0.0062824753587399605
-2.0511196559544262
-2.551400163667209
-2.0849174629515463
-0.7045884586030666
0.4337668593448953
0.28775608918492446
0.18635695707952307
1.8693760264294585
3.6807064808195387
2.052251155195189
-2.8508548853301394
-6.000101389717621
-3.420949786858927
2.3656896507646623
4.92067539148619
1.9268918600544664
-1.9768882458948596
-1.7394403488373475
1.5027604656784699
2.6311137299865606
-0.4397089707410612
-4.185445666175124
-3.824102803712712
0.8689224158051494
5.02103250924744
4.111717747911277
-0.8005999164452685
-4.304733242357412
-3.126587352217884
0.2910884380335701
1.9040778551620858
1.526697135393266
1.471176176213243
1.64662642152472
-0.09585214877714605
-3.2579737312696
-4.2065399904691825
-1.157176612766256
3.1611615418334438
4.6597095715870065
2.017549236458875
-2.1730567041008704
-3.4802914706002905
-0.4476076519570719
2.4838664248197966
0.35021783898017306
-4.086411161608059
-3.135796336849563
3.726619009941299
7.549321387540247
2.618680391230629
-5.192737399284676
-6.950661632767339
-2.127036387597225
2.865316873466714
3.8548140031169034
2.3407557943920683
1.0877979978684034
-0.06007342139125696
-2.3854754719292077
-4.341863394298721
-2.8949551369219266
1.4374067104776151
4.5261792766983575
3.847260094630188
0.7174735665083255
-2.2647356057791415
-3.26811290099574
-1.7323460932147772
0.7613486155146595
1.475143788883588
0.11464640022590508
-0.6023279508481559
0.5731260851989538
1.2957654283878164
0.002681254614674453
-0.9141955388388253
0.5697488865498264
1.7198684281002394
-0.7181580555020506
-4.20180325188118
-3.39760850924481
1.6900844574709573
5.4623157814309
4.220222347861866
-0.001923264444692114
-3.1630028313167573
-3.806590023633008
-2.8814203656678
-0.8184332091778304
2.4709254616634206
4.836686476512414
3.0881199425546897
-1.7324804188044607
-4.267443087311288
-1.8224423760027046
1.8970691343871766
1.903275269452685
-1.3445790291266724
-2.695531309443474
0.3677947864690127
3.880131994891426
2.7807060979939813
-1.8584554065125019
-3.9008767597171605
-0.43595573592326514
3.413994676774267
1.0183702977975753
-4.967221452103436
-4.613066840892001
3.963128326373588
9.383362540789882
3.0496029805240874
-7.137100266623112
-7.805548582563654
0.4539086230682498
5.376831240421736
2.097566839748822
-2.040748958849851
-1.4727146841306753
0.8202842888481743
1.5504535595518938
1.4113590562822964
0.29406376831285086
-2.669161440375072
-4.3286724245152195
-0.913235712694904
4.336188496448284
4.582268199054181
-0.10127662978090121
-2.993833451857922
-1.2419310435760342
0.8190833569174147
-0.4579846463888731
-2.4758328538030536
-0.9589589038883819
3.097377321381046
4.444034890546985
0.9224927242927081
-3.6287576656934166
-4.444939493066949
-1.1154645449773415
2.8207620587542745
3.7221575497526125
1.0228947534462187
-2.3574122716723545
-2.8263032928619793
-0.02120117416326306
2.589604385085753
1.864722878331318
-1.2379633285998648
-3.176231546000232
-1.8069641896831112
1.91268639766665
4.63238157064733
3.063328355640037
-2.3052938835554535
-6.29522005343307
-4.123389435468051
2.368475261551223
6.00425242338994
3.1044541619480497
-1.663795657864438
-2.0794810255035254
0.5687289543930237
0.049433963117500965
-4.095633035433201
-4.866457801613691
1.07558164673699
7.185097686897042
6.278312839873207
0.29284470418127284
-3.9757788005828516
-4.0704150398873375
-2.381808762669066
-0.9321105666485022
0.3945009601408661
1.7020419228280443
2.1609810819331123
1.6123221933264913
1.003538723418839
0.45248840156427145
-0.9678173725638188
-2.7094777797912006
-2.6833975992549615
-0.6683531245627367
1.0816901178722333
1.5211537598357987
2.0337280692718873
2.933417883699751
1.9203499977978862
-2.0025627532159236
-5.462677216209917
-4.429226311139029
0.13948469100352318
3.4264540443464164
3.1036593480139185
1.5088778541828582
1.365744266759868
1.910405506682831
0.34460732663474336
-3.7627815852152495
-6.877247289065085
-5.085822401445147
1.3590095161236948
7.75018739052943
8.682130907299726
2.7581571882951437
-5.075326105790757
-7.6039032456757125
-3.5532078981441555
1.229546621170827
2.2703547422150767
1.3161380054107863
1.3229989577645551
2.195702905965776
2.326465232839901
0.09353064892203108
-4.620842102250084
-7.642794364091753
-3.5157589296276632
6.057238231963817
11.506917440022644
6.300900205188984
-4.491096848237678
-10.068703116869225
-6.792908734277293
-0.5443667237881238
3.145927205410448
4.718638597091544
5.335725988144892
3.164901493276563
-1.91468071710962
-5.274615635504588
-3.4255954991551882
0.46796721274335173
1.2891004926512257
-0.5870920013976701
-1.0738252586449861
0.9620244311382751
3.111409721187592
3.302554429291429
1.0943608008503642
-2.618963275298014
-4.938919695080189
-2.8556033169499995
1.935133292316028
3.656846502624953
0.4524278054659467
-2.6611002631954053
-1.4252276460233015
2.115388861010555
3.822786469782994
2.5047616997112288
-0.5650204941672424
-3.68258985455429
-5.1978647618275895
-3.5809704391354242
1.1897197637268513
5.820258843182744
5.777075163373052
0.8888478064523855
-3.6358495218911155
-3.5483442202061366
-0.673298178950818
0.40788037666693056
-0.6996959156534668
-0.21676077520503126
2.5455994144692524
3.1395211446847444
-0.4334833218969041
-3.692176105413479
-2.624110780743852
0.6014701445036639
2.177234934536117
1.8847226029178747
0.9523975455305339
-0.4662290544884984
-1.5683121300412897
-1.0066641680781023
0.24154922658966904
-0.14064385022566334
-1.4905043158313684
-0.3082167620762569
3.453204773724379
3.7185275344968813
-2.6675521527159867
-7.540596031325762
-1.8095038173952094
8.357738359709982
8.51226373759127
-2.081553211329228
-9.027695013917713
-4.532693715395756
2.386278900605664
2.0718103860799393
-1.0701417830444615
1.023514571926538
4.735564397566329
2.2393920040524042
-3.213506423326872
-3.2271423093244085
0.43992591122770436
0.29871224966803656
-2.1738310426210457
-0.09233998500221763
4.357170631492666
2.689522422594216
-4.286912560573568
-6.125142299495352
1.0829576902173261
8.038533973849317
5.209217906631947
-3.821512996778716
-7.599095269996606
-2.7257143563054673
2.8344120191027504
2.8145214524985938
0.41567764374474847
0.19767285436964857
0.9095459061549872
0.38091621659993763
-0.16423442690871454
-0.12783224785551792
-1.1551011530994848
-2.610888601988244
-1.6017401528573612
1.4095434674959706
2.7209134438933433
1.447559970567742
0.23168498415663452
0.1610253384837629
-0.25050726213577046
-1.3619185137560188
-1.5874653379945993
-0.3722824770366545
0.5481511952152232
-0.2390181159501947
-1.2084963507484014
0.0855476891099272
2.7642348214246293
3.3656632597013156
0.8175423598907344
-2.3476245976595456
-3.4288619262823876
-1.9768433992536838
0.30340240291078446
1.1571521032104566
0.5676118052390724
0.935490007654938
2.654853623706892
2.3960260831451343
-1.389622236771612
-4.885976646082458
-4.112430780379324
-0.2314642520412218
3.1219892390341815
4.382445447397183
3.591089118393168
0.7546001630437318
-2.87155990129239
-4.538598182295288
-3.2338416975038835
-0.8969978017115164
0.9301613919451293
2.7855214606381264
4.5201969362402785
3.9987657826216645
0.033604018458890654
-4.982622298082074
-6.494381542490029
-2.5637099698132406
2.98950634951425
4.6368192091513105
2.144702697243176
-0.16351041879075498
-0.3271827149549406
-0.22004523394994863
-1.0712364295667027
-1.9060443282170991
-1.6275852488973315
-0.10419742590775145
1.716150823970401
2.310574086503398
1.3472205128366002
-0.20530999096338917
-1.8896277319653663
-3.060026790195084
-1.644377725661076
2.500525020170058
5.0148047559805855
2.2391822944812283
-2.877466858366104
-4.393689266416236
-1.606062622947324
0.8345979753260092
0.6998805304859969
0.8246723147963277
2.6787984180891584
2.8430440132710713
-0.9192873106824371
-4.644912139511861
-3.4912632519464863
1.1368641047410475
4.039033053283384
2.905464547596171
-0.9248501698114132
-4.355473694531385
-3.1921969225433386
2.997629808902862
6.801867704350408
1.8740112999526304
-6.142977824176959
-6.7731064457501144
0.24561835794303566
5.842845614718494
4.63073446750381
-0.4006145469303998
-3.9873539653311356
-3.557141712097871
0.27812426587995515
3.93108304284837
3.143634173558104
-1.8297182990351475
-5.048543851501728
-1.7438829525697312
4.519398150752229
5.19495441979684
-1.347556779624965
-6.2070489887421285
-2.547257999633218
3.9500192106041494
4.031187624240084
-1.0921897984592037
-2.947159516651936
0.40836974867698395
2.5304396480561993
-0.07212158232488404
-2.852494177251524
-1.3780995130596527
1.8832707041326096
2.002723545341422
-1.1018589913679866
-2.7127121807482344
0.14230976986265897
4.049636414460264
3.284618358302997
-1.8209646674927964
-4.775714886611503
-2.309481926836145
1.3108406798934868
1.676052123621017
0.42530231096793575
0.6858596077022665
1.5859511386567609
1.0611035659780361
-0.4131690933814389
-1.8300917518713011
-3.097795872491737
-2.787704528500044
0.7912657020107082
5.128451380573278
5.138188085238706
0.2689779074784104
-4.434634103280731
-4.879442487841706
-1.9078340019676134
1.4633388438543429
3.704651788083851
4.219917720902922
1.4155891989417375
-4.547880721648936
-7.950807304037908
-2.8554518674697813
7.148046987189545
11.103863436372974
3.9458949718211
-7.089057947693755
-10.697851590227486
-4.069369206592843
4.42423474282683
5.612407801141496
0.5464893398158699
-2.2039769795966593
0.8962753089391385
4.078879003113506
1.8369632029287448
-3.2696025570078238
-5.486085517099721
-3.261888171358164
1.0874385013653836
4.508250881171295
4.4517430820686545
0.8450647187731729
-2.8432241292622122
-3.1916818414257553
-0.930545107627267
0.6420679494419084
0.7218666819333996
1.5240014652394887
2.862012153481085
0.5854281044503126
-5.73445442223142
-8.184984903779279
-0.3210221445754473
11.198846487904971
12.601452846476812
0.7741948234566436
-11.639112518188378
-11.61339038103891
-1.422691434716735
5.976928009188007
4.418998127976002
0.1712461623395595
0.14297369559377765
2.5063623972208915
2.1329151138586693
-1.0519914522059657
-3.6026828810024587
-3.995289948434062
-2.2281448027639206
1.7267655717494248
4.891317146462479
2.575848435022078
-2.8757204803682748
-2.7321432992995307
3.9700041678694715
6.62904161568293
-1.0834896943375218
-10.668226402455424
-10.038302108791555
0.8745433357312521
10.880189699028136
10.680374817301876
1.849635720620005
-6.023026090020484
-5.864480593138605
-0.7505822307653072
0.8953789556865279
-2.4881355643737773
-3.639893774834536
1.6515087992000332
7.291159417988084
5.573606505011647
-1.5430686125572357
-5.304538406372958
-2.5056413229856953
0.9932806852152858
-0.08063115253195587
-2.894087699968553
-1.5321096231733837
3.963625009686794
6.918072951935951
2.418430075768812
-5.329868989504057
-7.224955672450293
-1.4692374587352601
3.834329305736792
2.8959125358736317
0.010281929915178473
0.6071390083846744
2.1949419279774283
0.30998774882632957
-3.2501972230786746
-4.1267718910771265
-1.8237532269451453
1.6785714130600338
4.453083889822967
3.9757672390807994
-0.3631019874549472
-4.193022537965097
-3.1585959156828296
0.6806621772676056
2.2914071890050582
0.9961725323035884
-0.07693207941442709
-0.06374461001918338
-0.8460831255418284
-1.2850722426663301
1.7293342190816572
4.145646538720807
-1.8342262468248633
-10.923729543076803
-7.344898657568637
9.383975329133886
19.0114320798814
8.628767204003712
-9.682789445985835
-16.81836107651577
-9.623029921431444
1.2295183201586315
7.013805954842726
7.235583258622599
5.058734912393818
2.478356718921145
-0.4430428285990038
-3.6328562884411855
-5.64600662200231
-5.258935101572489
-2.7748762113997762
1.47890597953875
6.698672273406152
8.898286802021985
4.097797073647306
-4.583898154150259
-8.970522097442654
-6.007853309605317
-0.3019184125996968
3.510214221642724
4.9299974480827355
4.295873042953703
1.3673028187421692
-2.2374900690273765
-3.8079024132500643
-2.8778800472683703
-0.774195511624864
1.4653877482671438
2.271453750571054
0.3669671776467551
-1.4510686380665179
0.8244071486362797
4.134044118727041
1.3852358084285505
-5.452648173369839
-6.112127136673428
1.3375135542628709
6.5032440454266505
2.924722353939236
-3.165889674809215
-3.994903473401293
-0.3520028748350505
2.551120092966976
2.3741933687841708
0.5297329137416701
-0.7295403954438422
-0.8595203956183056
-1.2442408676762953
-2.5420452696580447
-2.3990011120372583
1.5790482375343387
6.205275812278833
4.945800516883524
-2.0389198622272513
-6.420344527496588
-3.432779186321995
1.7782905031550478
2.6023028915095163
-0.4842423720228424
-2.3026457364284205
0.16629529153813136
4.469798620691181
5.010348404936403
-0.22055188428412065
-5.955803428028273
-5.861963647326879
-0.8584344086882822
3.044570783592783
3.2580322529422823
2.0447308988939814
1.0268868882737032
-0.5320988509193642
-2.3240331449332037
-2.4818763405839763
-0.7929265091066849
1.0826161333621842
2.1527160706075597
2.0222559986342312
0.0802203864874421
-2.574288554292613
-2.711888436066893
0.808983299708233
3.992683489637916
2.0307070497388295
-3.36526461674115
-5.056026859068952
-0.4588070518272645
4.484862078185977
3.9233116503986993
-0.1577041106211357
-2.0716981100562535
-0.8351979950711369
-0.23508689458501336
-1.6219677510481618
-1.9061914445264014
0.18703884770031015
1.7721952806387764
1.5692514654202374
1.8007824509933996
2.5647178895372686
0.569975086819336
-4.19115261072039
-5.969195593121034
-1.3061654868494268
4.332461312535795
3.7667319984837677
-0.5989697098039108
-0.9051329539519112
2.232090156713206
0.9740548157715226
-4.419265953013768
-4.543591585238181
2.488152779948314
6.416132385103249
1.3019626993915603
-4.928721498315801
-3.397836724910533
2.4322469433642304
3.4401595257665933
-1.3077945259469699
-4.478792913627969
-1.3352244846933377
4.6867709211911475
6.53603216636704
1.2139405110413288
-6.557961756341885
-8.26166211448734
-1.1212697338553008
7.220785820618207
7.254487879712001
-0.24373510559801986
-5.744908367154073
-3.895540631362833
1.0249683788798374
2.8005656416625744
0.9843869234890192
-0.8102317966997791
-0.7811673059057221
-0.19423693372053913
0.08120286652222689
0.9493221394810444
2.1768809334635746
1.3235043057480818
-2.185650384452026
-4.711905734563142
-3.0649774149857496
1.1068806926436643
4.302273837599661
5.093554207227612
2.9193940347597205
-2.177556627541676
-6.585433326698171
-5.257252461945627
1.172404232092031
5.877584391925032
4.118873217106938
-1.222024084428738
-3.9308895743667103
-1.993376746724223
1.2754515073164352
2.333570422351752
0.9045481520163956
-1.1586923708108288
-1.8107574190069256
-0.20738416342372967
1.738856434803034
1.0602331419957396
-1.5334696515707333
-2.053343082497399
0.584606396718667
2.826928574077723
1.7366116690714832
-1.1945308738377591
-2.3486910836100305
-0.8592802641943286
0.3728233895102572
-0.47058157462079275
-0.9197626893179865
1.2347474290738818
3.3784738941014676
1.9771146259843737
-1.614226439860724
-3.1195800591442295
-1.4322057266526795
0.657511845255895
0.9352944481305321
0.031120807547458718
-0.46464767057921164
0.049708173157573796
1.0204769047083522
1.2664221764274792
0.006332389641242411
-1.7382497994011792
-1.5280291206987502
1.0411870862245947
2.48987318828513
0.23946584963452228
-2.566639136529858
-1.688584128657148
1.1839550522132665
1.4940882402168132
-0.662657869484498
-1.3852734872051151
0.7019618050673897
3.196743535186412
3.41972594540231
0.24420546916334043
-5.347777421130468
-8.817612167292728
-4.613812706629984
5.865120549780626
12.428135090921478
7.447922317061692
-3.598880925379074
-8.728729298365081
-4.810639839386265
0.226277818160344
0.1601088029943687
-1.6463492047169566
0.5630646463454463
5.313821106133414
6.412999921624824
2.7699657508299977
-1.203317328185677
-4.648056739775984
-9.759694210918063
-11.43534757076351
-1.1618515258394875
15.51863625607867
20.17822150653591
5.968779153546572
-11.639384942904083
-15.544902364970323
-7.652406397800284
-0.31475533490708696
2.854019168491266
6.093883979699552
8.61582652738526
5.271392446082153
-2.4290698231038577
-6.433551059803217
-4.15038327422397
-1.5782278892652026
-1.5649073246127292
0.7107037789222684
5.366435416643967
4.243536643381473
-3.2178885782229294
-5.580278285794627
1.6876344732522222
7.643326433460303
3.0216232647622747
-6.175391190116737
-8.41966945612402
-2.226380703412748
3.9560194008900846
4.448759224184897
2.494910470653394
2.2106546129333258
1.3880091819740157
-2.6033860276501843
-5.924111894632148
-3.674212704502009
1.8953519451446563
4.121104626491155
1.2181355128004911
-1.4682950272610122
0.42696813306518383
3.436917111494033
1.5318079894037315
-4.018012083519603
-5.835470787132415
-1.2310838027779518
3.962697422334163
4.174037556013213
1.460548948824354
0.11522051273895277
-0.8666757521417732
-3.614887622591459
-4.770652419511758
-0.7164064622687893
4.859747798242904
5.4738881707363145
0.6972798422327795
-3.779850157962211
-2.8308324410468617
2.4398901455868685
4.879964782130135
-0.6102101567483496
-8.832242450135617
-8.889085020347597
1.6273773806594392
12.093514211997737
11.234917976222233
0.4416120203504696
-8.667525140066257
-8.136952191698603
-1.5217794202523813
2.591812194938198
1.5853174650835502
-0.2682832854716782
0.05396984436079587
1.2295041851703181
2.0369775205104226
2.7008267145611775
2.399849728697312
-0.14588310030787244
-4.7262134077993805
-8.89281028550892
-7.55412412957472
2.3554135458496788
13.925381973017682
14.328072659209594
1.1497799651304321
-12.338147177429125
-12.71963486946002
-1.9847536339658773
6.444021824311904
4.198124247678224
-2.9153845938453586
-3.074935389452991
5.124787072011963
9.542112067845713
1.8248025880766656
-9.057459937751226
-8.906103508746678
1.3292363456752978
7.090758799022278
1.075110206935615
-6.732147226174327
-4.255838815065583
5.069453905502725
8.71761541420473
3.5996472646185467
-2.3106041395014034
-3.788802294590298
-3.947887932871068
-5.5716390586516535
-4.6237965292718775
2.6959695871168354
10.78237275923163
9.872334773650485
-0.5454499448098526
-9.83930440451237
-8.709180306087685
0.06615473722238405
5.8361127139308815
3.5026376756592996
-1.87769994409703
-3.693048153921704
-0.8750292531128954
3.722568562640301
6.136024579334311
3.092527044570805
-4.046903666524185
-8.584599933448049
-5.751697670830963
1.3653321194382704
6.322574987646849
6.435923170901518
2.666629627985209
-2.65741528454608
-5.51588772291334
-3.1638573193635886
1.3571998143201536
2.7413361539736854
0.5763029175083345
-1.2098546931970495
-0.1616283394577516
2.070028842242918
1.7161891538035738
-2.214353925877942
-4.8663971151924965
-1.2515880668732338
4.940823454980046
5.163885743421881
-0.8254710468374873
-4.313604088275131
-1.2296892905002939
2.486584110404219
0.7694222004040138
-4.234917020204457
-5.3764474692411
1.034162372183921
9.838440622166006
10.431853805846508
-0.8285025185734647
-12.993583982410735
-12.222516515606936
0.01520812785891374
9.461658810969785
8.337495983211111
1.8033231871325637
-2.969464484914561
-4.113203818879429
-2.5719617843661173
0.38155907163950914
2.7493557950786256
2.2134575860307644
-1.2210709696286408
-3.6327911740398586
-1.6328076459883352
1.9617604339796335
2.080306621318996
-0.24871525444500595
-0.04460231986299264
2.7946495765856225
3.343861174006864
-0.6389541573897944
-5.586360586028924
-6.597954936833754
-2.6671936119814172
2.8798670585898094
6.010485277148207
5.205942267941273
1.989009700448488
-0.731948084071538
-1.760433745620122
-2.509945395058441
-3.297704716324744
-2.3132818769802252
-0.7418379764468712
-1.9966045784917696
-3.019350471346841
3.176831703803154
12.82674773078488
12.280863234291795
-1.51075626671646
-14.103372074633958
-12.851761280209812
-2.4350557570251623
4.52967805154751
4.0643010884949575
1.8632226486197498
2.6882185703992096
4.8421137873504545
4.008284458843413
-1.0950409386976343
-6.930499689432393
-8.347274915052822
-4.0243550636733465
2.548895682725733
7.165691324204968
7.146025493848902
2.021651075200892
-4.163586629814622
-5.443747814743656
-1.67162129099131
1.4960102923104504
1.0495360747808435
-0.4660489215118108
-0.31302212128553936
0.7751085685202359
0.8895359326411014
0.2358725292811794
0.4151122009298399
1.3558450584795547
1.0791999592113797
-1.435976716636814
-4.384264652464812
-4.247995201110995
0.4073034104153243
5.558511335788945
5.339678858065354
0.5503909455302225
-2.155997518607648
-1.1175099837625693
-1.237672859952693
-3.524960728967976
-3.1374721253179674
1.1583464440559799
4.582299933956671
3.8145076968051237
0.6672006196100714
-1.691796923849965
-2.3313915050681464
-1.803592421331321
-0.43689943271571524
0.9197338291402345
0.6863144366729369
-0.718090726065482
-0.4078462346687218
2.3212513448322083
3.594678833218068
0.269809430789851
-4.618647270397695
-5.369191266241422
-0.9831665411159493
4.161673943217552
5.4730605055763375
2.083876785422606
-2.7736323694927
-4.7535994327373
-2.3668187514354555
2.387470348345881
5.852972423903961
4.244024361624244
-2.947536185465954
-9.569739023398279
-7.6602193635525815
2.1816244590406617
9.97782112382489
8.443718524000165
1.2836880369249764
-3.7052341035709255
-4.774124001218908
-4.648148966450021
-3.487165312314116
0.0535887634498349
3.6897809393651637
3.885145664243123
1.6873828501581356
0.9544219849604334
2.0001744088072884
1.1788379187694142
-3.306870060510281
-7.656720080090743
-6.123775525278791
1.4187650157088119
7.969975059217567
7.533949919131456
1.9779928498477413
-3.0323744537638286
-5.100367505136543
-4.447895169895273
-1.1141557932743515
2.7154200588528448
2.883480261616878
-0.14929891745417956
-0.6905039260904224
2.872965977852259
4.394245701948167
-0.5775646774758207
-6.994745358241859
-7.008034087310816
-0.9162378890998741
4.354436393406672
5.167389670500006
3.5600539857077815
1.6884463126276577
-0.6314318886959747
-3.2469847941045424
-3.977626172951641
-1.3791003167101958
1.7229263702434696
1.1663777878694548
-1.706793250411462
-1.4170158398699977
2.7197957652114306
4.971849654292157
1.6650822159303513
-3.7256844414748653
-5.4480301142824565
-2.166859689916431
2.590525250930147
4.550978695167947
2.172384029949832
-2.1326079245582394
-3.692505418053196
-0.6441081095634759
3.1124268402613917
2.8701594809168824
-0.450506482282897
-2.4948846972900163
-2.0830754944581673
-1.3574106746112957
-0.9114223968279631
0.8700597928205404
3.7504895830403484
4.4687876190939155
1.0538944211777599
-3.656561642115717
-4.965243636165441
-2.1594095147901955
1.1621650488526587
2.596466005603721
2.777611458675087
1.2776236896076436
-2.8997394745197025
-5.616768619613072
-0.9500209598476462
7.809526183012811
9.46010546291145
0.12797530234740925
-10.130413285757536
-10.104365452911246
-1.7024237806463858
4.6148010925570855
5.053603048282194
4.242328286926672
3.999946762888928
1.1076938542879118
-4.05533541292492
-6.318996268079785
-3.7978818921755053
-0.011098809034857465
2.3013727201404794
3.453148053076281
3.1213444151752343
0.5764099081961925
-1.8284647523951176
-1.3449290639183509
0.4918624047724449
0.7831922522246145
-0.4632132454979233
-2.211996049759408
-3.4663073631330663
-1.5740583882581987
3.8337043452711432
6.628802516031971
1.9562673103262047
-4.676743215640853
-4.6880721079784635
0.779560675104803
3.7676007368689253
1.6679641407076293
-1.3583318209636857
-2.3536338807123083
-2.0744484520480655
-1.2219126556208575
0.40529847285506804
1.9734335743111202
2.4242325382451724
2.1211005689476217
1.613065696609832
0.28125711867808195
-2.2512548771543424
-4.488316327212227
-4.206864395584284
-1.0494945323652878
2.9393082759430746
5.195601412811019
4.205638532379831
0.291866847475212
-3.621184478851853
-3.793141738172009
-0.3097315823069618
2.18267983819008
0.6304627562877869
-2.084411666035307
-1.58148253944268
1.7534518984830458
3.6894026815870524
1.4860016302700938
-3.1702543796008293
-5.106441705021711
-0.7381365843883487
5.785046394196991
5.911439701144281
-0.7073489341425567
-4.7048040366968875
-2.4775316722506613
-1.815574184017066
-5.700736653319263
-4.4347056653906405
6.879515286972866
16.290272872692388
11.034082573287948
-4.276373203966117
-14.71546912322545
-13.321259519297485
-4.939176304779938
3.1879735831134157
7.770869069874898
8.43927812153904
5.897625179293727
1.7809588666159706
-2.1353237008576658
-4.9368685899199525
-6.002262767169849
-4.8031153623048475
-2.128750288310378
0.7072169553847747
3.8988050436130517
7.0402779810282174
6.668809141160692
1.0807567714795503
-4.853262655595304
-5.634832595489379
-3.0782341340873596
-2.1178120398732116
-1.7854980676418153
1.9814947792574904
6.571357670488398
5.0831716055652985
-1.6099837947436224
-4.85825428792593
-1.398737534905918
2.3639623416453763
0.9313095419523888
-2.7796484776885566
-2.954688942284835
0.9503691802003392
4.235275310727642
2.9512631731178667
-1.7559932974521377
-4.826240685153252
-2.7735815505541046
2.2947037481584265
5.172705134676645
3.4271011988140567
-0.6486877336375835
-3.5352975217356204
-4.237595833298945
-3.456282074602911
-0.8532294772809219
3.5362114962991775
6.545929146160847
4.7769353645105
-0.6877526359077851
-5.4612141112235015
-6.217318156998653
-2.4928910279819805
3.264003210314102
6.319690437000877
3.2254442593491643
-3.4731907948231653
-6.543549495178745
-2.319148205646832
4.450351948767448
6.406434847402065
2.23844837473055
-3.0289146222127235
-4.61368918737257
-2.23055347052215
0.8298722705852474
1.0544229833264234
-1.2570500732992709
-1.3938923241408596
3.121431037302674
7.118699066458226
4.261931286646479
-3.3859008180831363
-8.22053673426301
-7.088371047632261
-2.7595235435017282
2.0113046406920274
6.174610353058264
7.92896743088652
5.6680654314268955
0.5730057253412512
-4.642023321122109
-7.960101272123927
-7.744257998298894
-3.1660324243564575
3.6578600873176113
8.302783984374505
7.7608472981883
2.6122064355754766
-3.748689890102952
-7.108940662387443
-5.318659310574648
-0.39620439575721467
3.532758843588529
4.329971793067129
2.475261639881324
-0.6421357141765309
-2.9710208953305597
-2.5504357723769733
0.011628325779626771
1.7403874067218206
1.1009283584549465
-0.2728774355532925
-0.3874330311103985
0.5214384777691153
1.0424293406945442
0.2914249826017003
-1.8384379214619961
-3.62654350390204
-1.557825587010635
4.288902107511248
6.757785954641581
0.5143568958520524
-7.411140121466139
-5.639369746725046
3.7630579545196414
7.259412277197528
0.5644038355088509
-5.632843821510528
-3.5701593630660717
1.2585183177092751
2.2819787463085275
1.7040480549062114
2.4580212275594535
1.4735372460845875
-2.9688064048753877
-5.845013072433595
-2.68574055398658
3.3294436187889205
5.497239336235553
2.1498569826045153
-1.8064828817257352
-1.8728919045677002
0.1281977560467505
-0.34199574573306457
-2.901236706022355
-2.661966570762477
1.699215079313012
5.081332388045213
3.244128245578928
-1.1495847301243467
-3.0706931596116602
-2.1558251015016228
-1.1731552938702572
-0.4899175486964318
1.280785710626861
3.0175143933118744
2.1529143038720453
-0.685663563286048
-2.199159357748913
-1.3870102867945568
-0.297651916817649
0.00014982569321846106
0.4411461539934842
0.9642667479369614
0.280597608019306
-1.115160238544609
-1.1466932154264995
0.6545199624217831
2.78184040893771
3.3391192901739917
0.5928522263718218
-4.730866368362214
-7.346039900986506
-2.8535153006738456
4.927187869178826
7.906918134868968
4.157405101348866
-1.1682957019270426
-3.9083518259935874
-4.40114940011646
-3.7348825295454118
-1.3697785031153327
2.712661371008537
6.09583250407966
5.442946193974384
0.13747223300208494
-5.638852362290158
-6.219907795778289
-1.1904889747230718
3.4512245031586155
3.007639681012251
0.07896227341632618
-0.5091293829605692
0.5340625290287603
-0.3443759229784756
-1.7819308446037163
0.2807569850107754
3.7676567331461324
2.1654854229281493
-4.185313292319383
-6.756376323574371
-1.2858109555531823
5.661437921795422
6.089250881872945
0.7570143417782316
-3.686800996343042
-3.4289963622560733
-0.1907180620144551
1.9516524413349765
0.7133339439260594
-1.7796754177299048
-1.2181483837412723
2.44930924233722
3.7580774301003395
-0.41545091238349846
-5.288684468433008
-4.167030325506067
2.3398737881534153
6.748448098663098
3.851742610796539
-3.141241483421298
-6.52212928940495
-3.0906985694556717
2.4376498265041144
3.8744462103312625
1.4103230772718411
-0.166533947020098
0.4908833242904937
0.21660494375162112
-2.1141867786131843
-3.3851020841472685
-1.2573221625032758
2.3730532912880826
3.7361337998594477
1.4428135457932694
-1.9628574326478525
-2.767779682438943
-0.37479744154626793
2.232792325402594
2.296448987708052
-0.06617229313283218
-2.792670480250398
-3.5443074551690232
-1.0300144525103572
3.2003060458910704
5.056452883592725
2.1954256906420215
-2.642617901376292
-4.656407333786512
-2.7399323239329547
0.15210564842228275
1.8059928206488007
2.678013093145947
3.1646634397073
2.3257697067340652
-0.44583588527153506
-4.2555403236309655
-6.430705541991014
-3.8108177456167085
2.8960932843746074
7.587134606586553
5.605799037008351
0.013963860319810052
-3.2358865517905975
-3.4776169750669474
-3.584036387785847
-3.0750060772488945
0.5434228584171945
5.1746074501541495
5.566833917644033
1.1956022418836427
-2.990213354376377
-3.8218819431880897
-2.7849207724029954
-1.3020535007894698
1.691863921836329
5.549191456058965
5.521053492168727
-1.2855240962215735
-9.178038171049797
-8.463809001455704
1.7384635003650861
10.381106745765022
7.911756439014041
-1.475191421603431
-6.276883881139809
-3.1887837684852802
0.6475341741603033
-0.003283149810882253
-1.5981955473971698
0.1886220162568894
2.572474035788221
1.3217708340938135
-0.9807155920364369
0.1931750571907768
2.2380862742180176
-0.019637029461262605
-3.913430179964037
-2.6002838416217866
2.9380802817912364
4.5260797119013745
-0.6091385957476452
-4.931478960591345
-1.605953813785743
3.962268803050611
1.7239645962566268
-5.3002528916847025
-4.133858670753715
5.877957905819764
10.268961128888316
2.4024514837192465
-7.015736716388254
-7.62242255290908
-2.8478496130582496
-0.6254648967277704
-0.529625067063069
2.8209444987856194
8.15673277697165
7.713485510723697
-0.5646916501872502
-8.453210952316011
-8.093215023917278
-1.6707928008178596
3.033182856160364
2.9064646716374347
1.377309833090257
1.6948101745801476
2.50104826098852
1.0882266354849806
-1.9589554375028126
-3.7796516863408267
-3.3109747264098646
-1.704841652348336
0.4710908679299239
3.4246145704628894
5.538913370625582
3.8246210373251737
-1.605207906595781
-5.851266276499004
-4.540568644422943
0.22758230112199987
2.4927264689809268
0.7611170494426832
-0.5487272987799645
1.2588558144079935
3.000679987625477
1.2308483158666872
-2.1976849342737026
-3.1313333403606154
-0.9356112624448086
1.3984839924706174
1.3858091736222138
-0.5002931133288385
-1.600778318533911
-0.07729897267859796
2.1635478504030843
1.4459264798103515
-1.6153446077965725
-1.9924737396016325
1.503564813288937
3.2805810731418354
0.05103063597404056
-3.411949130344911
-2.5938598407529647
-0.3858619425081362
-0.18973116952789315
0.5265852366315424
3.594656571120732
4.699268944474213
0.7439795450150057
-3.9702101774530654
-4.256627814409386
-1.3779740782414398
0.4681640246621144
0.7349677215966219
1.3693557401405068
1.8893884975588515
0.35016348004190495
-1.7866631320631516
-0.8915875364683762
2.4106909580387152
3.4401485836228773
0.7044483296661486
-2.67639480306068
-4.740466915401166
-5.649037780801557
-3.4651502538282934
3.8593439755585477
11.60664113321602
10.447804311902537
-1.2267891291925455
-12.241349422076437
-11.022475134491067
-0.09904121287778733
7.5183293752271565
4.963004426372169
-1.5070079516512378
-2.625544984748329
1.9972486397413554
4.914598312144066
1.2994743644468327
-5.094290877348866
-7.020661691408616
-2.5880249998603846
3.369899910621014
5.879664955174613
4.309648883800049
0.4857910097483108
-3.429216646943191
-4.951977383754608
-2.868030048844465
1.1899901074372765
4.414920729571868
4.624551311619755
0.7458398975698314
-5.005398908452783
-6.592999126506945
-0.9462273888816632
5.746451524388197
5.054637524542743
-0.9741376771995562
-2.603883726434298
1.6957542076723957
2.822395927533132
-3.128511307589654
-7.8234174658310565
-3.834339674459503
4.520401547957639
8.349906297029337
5.420112936590294
-0.24944182919478475
-4.949180487168394
-6.764394497982158
-4.171846462423631
1.6906130490625308
5.697877265205372
4.343351786394756
0.43175462860096875
-1.7054269386509213
-2.2689984855648127
-3.0048362043222525
-2.2590760772724563
1.5407959416143289
4.831337773872918
3.277519642400784
-1.2014506329879018
-3.3771469463651056
-2.378672125389631
-0.9842582197027783
0.20328352773805683
2.249871053334766
3.5790387053660324
1.5020991451540127
-2.701042858740668
-4.441637876035599
-1.8485682599382027
1.9699397459047732
3.4338554680281876
2.415839793136586
0.49995569576520305
-1.7052303507613011
-3.545567867734595
-3.0329693701439595
0.598380031303382
4.135414165568399
3.543191789757494
-0.21400871278046618
-2.4913518076063257
-2.0224559070507158
-1.4980593232223804
-1.3784523860808366
0.6966036379123117
4.185430122848846
5.043139758708461
1.3959104783782859
-4.111894756856816
-7.473079052095658
-6.072522015941431
0.19422361216573403
7.500611175258095
9.658606370379191
4.377853514912477
-3.427024640916208
-7.080602376190785
-5.554782578574141
-2.8255987385101795
-0.7528617281685351
2.7987316576943466
7.283813410021408
7.0809719135258575
0.05448452285105105
-7.034719736024598
-6.783656617534903
-0.9077631065307701
2.8772758304942587
1.6389451268428623
-0.007840135759935085
1.6766608474027163
3.916506684317035
2.7187825224415345
-1.7111431574165068
-6.901923752797258
-9.511751104895733
-4.968932595488183
6.769094943411436
16.11777042801356
12.53266299585159
-1.8888676751119096
-13.650678616126058
-13.076870879799573
-3.9645791668454167
3.262297935269799
4.593883964151855
4.365524778668412
5.410185269794127
4.4360889748057435
-0.4770604870032737
-5.086489210832232
-5.678028332359186
-4.035607686634822
-2.007120942501222
2.111793745154555
7.515843273564029
7.8483285205066275
0.056884675204868326
-8.445004005143065
-8.011707755285617
0.3605924394116134
6.539031725704489
4.514969751857991
-1.4355420732942026
-4.059362520654094
-1.9781349089986633
0.7403053511703009
1.4280231945322948
1.778110951215538
3.3363834816250457
3.5929154875387845
-0.479409953132761
-6.985708246132484
-9.87698466115352
-4.924305120731363
5.182194826583228
11.956984226870185
9.433251694244186
0.8711745073003081
-5.846328300329142
-7.671046987398691
-6.658041894811184
-3.3820315368056924
2.8165821732582335
8.040131476687934
6.613274660707635
0.36177602473072235
-3.2088512644796325
-2.509602353666369
-2.478929344555979
-3.8197657948998454
-1.9594754276682205
3.2033491865690578
6.084395012177244
3.944387376189358
-0.5152501937175689
-3.9402081268536926
-4.655383095523735
-2.2698382500961496
1.4523355330838459
3.198034804672988
1.7299040145414015
-0.4480988973580661
-0.33503687249733954
1.4290793005764741
1.305567064825469
-1.7753529733040057
-4.075293917458203
-2.1672527048517827
1.8769196986026757
3.4697159321971505
1.7869595498529047
-0.3468755875233239
-1.2611181438917902
-1.3429365247253484
-0.4577820856036776
1.3629351062935753
1.8277626034773813
-0.6993898529352954
-3.480700193102715
-2.769335256983526
0.6916681474471956
3.324827785860247
3.814906156552266
2.8600285369766465
0.22225371283933398
-3.825704618829563
-6.049395394214054
-3.576216294929643
1.3976353998704334
4.00724690335032
3.1459963841974936
1.9279121766323937
1.9278885697707968
0.8790281250428066
-2.6788594938244175
-5.862408063947485
-4.809029711523897
0.22828168508397956
4.84074235025665
5.093327568524498
1.677164484267909
-1.2005024362800496
-1.3338955748016688
-0.855133311698196
-1.7943366014649107
-2.386473099374208
-0.3942662901222653
2.465411035680337
2.537291814311044
-0.3974737808926667
-2.317522550976814
-0.192525102429245
3.391223061918363
3.1563536896231907
-1.4381108431618506
-5.20529801230662
-4.360183463629752
-0.551122364459727
3.023654037703096
5.068399416108985
4.671822948034095
0.7852841512704828
-4.533588238685666
-5.984515472092946
-1.6352468045360904
3.0557055379270004
2.236981809654199
-1.6108586906061033
-1.414800480212732
3.2200201415456866
4.802171157145813
-0.4686396283436939
-5.850088205618859
-3.607444634754495
2.95003212308183
4.3304955670938465
-0.6528498632946914
-3.9489986615433477
-1.457632892015526
1.8881404801068133
1.9266379166027299
1.345963745446985
2.2809131990015445
1.1106331191715686
-3.932744863621929
-7.038687835467101
-2.8731970211185645
4.78091661044463
7.723417517211273
3.4247754695050814
-3.0115735542442295
-5.2389663160884625
-2.267312724642838
1.3675534530590223
1.8306503040148279
0.42746303373292865
0.1138007495879292
0.3948411938113893
-0.7566286692145644
-2.0239106953200237
-0.4151133777097803
2.777340684254586
2.7847495482983966
-0.8545028182898412
-2.7290836139834638
-0.24650767836890164
1.7596430017181266
-0.7997983005044074
-3.8804744347974935
-1.7923869037998634
3.467117381895195
5.813772502831007
3.6832965731017335
-1.0681484473807135
-6.96135402232506
-9.717598250859748
-3.4620688476577564
8.678477685357562
14.104576764377276
6.587420248319721
-5.612228359124822
-11.264934187785274
-8.217505201017378
-1.5806371252723563
3.6256130046493626
5.8579763733667845
6.137085295661963
4.695479900192477
-0.12501497329458058
-7.162608931702107
-9.742298749584704
-3.2141799608683512
6.600796913942267
8.834973915936063
1.877264056100424
-4.327746143385231
-3.0425553619766426
0.20868264480382615
-0.8036623051108314
-1.9215661263183021
1.9207124172040952
5.386659813140908
1.463593084622743
-5.561694984864284
-5.845534622827149
1.2363150049710998
6.396756527107656
3.651225184751583
-2.4368855070318567
-4.350262487424138
-1.308806459752217
1.8633432857229837
2.0408217153051376
0.2413070703338789
-1.3786758736069515
-1.679176658698879
-0.3466005781696767
1.8355150154364743
2.7018188631571585
0.9477352002258865
-1.6077476292147808
-2.31549096264881
-1.4898289056938996
-1.065685612520302
-0.6717894668048646
1.3781471859289174
4.109096400924967
4.285379167612072
0.5127132571549037
-4.669642176309286
-6.553953957266441
-2.776433546846642
3.2623277997324904
5.605893430246897
2.8334256529185744
-0.9641111528782333
-2.115130229079489
-1.0439127370867123
-0.20963298676936326
-0.7832902959574997
-1.5563958167388903
-0.5776238224674958
1.967222230783364
3.275822068247468
1.4157771517792461
-1.6584637916759106
-2.5270235864966715
-1.065557040522489
0.07597234463604335
0.2786618807967615
1.114160394646374
1.7969608737374811
-0.1626597460713005
-3.1373315434531928
-2.1614707931230104
2.9365811977328753
5.686672872406702
1.661647707152926
-4.98403850689183
-6.619054548899489
-1.7997795758503774
3.553533800025406
4.575752554214062
2.837472484981417
1.2985133015448145
-1.0554919520534796
-4.978812802532749
-6.032866138136066
-0.47701042292807383
6.748784006567585
6.926064307366474
-0.3840404985480344
-6.315224528065625
-4.455926078087056
1.4231344355609996
3.776950957118163
1.4107803561057748
-1.0391763920590873
-0.9527518936995896
0.1878259588027904
0.6871883263444464
0.08723541686717326
-1.3507120841508184
-1.9322456428486334
0.006696762396005308
2.7797512521833636
2.627660626580773
-0.9085750425619001
-3.5616016111934043
-1.763231619850908
2.215742853229473
3.197244203368498
0.3375449950544039
-2.1245119106540713
-1.3497245709123913
0.5191951099476098
0.3871602230145431
-0.9360837034047838
-0.569930403756806
1.091161119790869
0.9907024938214352
-0.8093726443490947
-0.8475448269612819
1.8344213718914109
3.8004391256408585
1.6100274701288442
-4.026749988744461
-8.00341784118924
-5.186410203525011
3.187509575279184
9.385192979792771
7.708897878592934
0.7320634866444052
-5.035456561832855
-6.735067449575355
-5.389152495157251
-1.382135819869112
4.737653265519465
8.095468768317266
3.7865645562019843
-4.093808760556001
-6.1758304733743214
-1.2995781267497497
2.583555181221035
1.0804866014691656
-1.838726719724412
-1.502651192159991
2.024793265009212
5.314203349490001
4.197518211776082
-2.3394474930210327
-8.602126912480697
-6.995509296518876
1.5725929339107672
7.409586630902928
4.758782450609382
-0.8067890933428513
-1.5255929502250778
1.3182787270563856
0.8783255464746038
-3.7941409775817956
-6.044595355564997
-1.501015772346564
5.127894609116585
6.052936341013356
0.9523147035311292
-2.897644363122357
-1.4032016482914085
0.6327344662566919
-1.814709098995753
-4.570461019204337
-0.8235038992489352
6.211539189859743
6.857819129383372
-0.1379518888505979
-5.90163761647252
-4.456253083227009
0.4855236086563249
2.3509586289957225
-0.05332607166608395
-2.3409329156701904
-0.2714087584376549
4.829074189711133
6.391240772501781
0.345272451211168
-7.794103167259636
-8.27626445175071
-0.38060788206504687
5.907013318845207
4.159155953704273
0.5346008680190443
2.352335556078766
4.070390839375626
-3.5582855431213054
-13.900704855487172
-10.283417551021062
7.759397735211739
20.197542908367332
12.327807453044414
-6.957087184054223
-17.284691083550975
-10.546979276422851
2.5023251400434545
7.826911375482776
4.418081967779387
1.1610621907621137
1.9102396215998827
1.6146606455841108
-2.84913001467193
-6.217969736074453
-3.0978092436801217
3.22938402793038
5.477096164817982
2.0431818939241952
-2.5508439826793934
-4.11338960520675
-2.1881807266231554
1.0007165340046154
2.933384249650192
2.9716415125419564
2.002938705142289
0.004041613340071847
-3.2453601120915914
-5.18351233988941
-2.640282067033284
2.71374109351838
5.393277309331436
2.9546761528287946
-1.5274471843068649
-3.8363656046951413
-2.5671634772972127
0.9726293075181731
3.7854057005559953
2.7676412936807298
-1.5153499370449277
-4.0948908798670285
-1.9236630654328397
1.5783863158165379
1.83928203783568
-0.06927183275639504
-0.24000601204290015
1.0394861444466377
0.4624974540200171
-1.4305006398698554
-0.8728536320229673
1.7789094609138987
1.8883734981793145
-1.4931217559660535
-3.503627008460635
-1.058514138697313
2.2548068389116067
1.9568804711011973
-0.2297358382656622
0.12335477609350777
2.0448197473893526
0.8451587687230646
-3.289541339310932
-4.762397684266785
-0.8577261812779737
4.092788923463981
4.219788601112495
-0.1788980007295784
-2.7842260350174843
-0.11133353617212073
2.8464590855454888
-0.0027382890534755197
-5.395336839867181
-4.434672077819486
3.4056905191694855
7.751848039177603
2.1793766315541077
-5.4136447408614625
-4.279478958568797
2.6782374596247864
3.9687748140238646
-1.9390611625262861
-5.060515819948222
-0.7359512253074836
3.91530623013087
2.9731545381444717
0.29288807155512064
0.30778637699316735
0.015559207468030467
-3.258648577202728
-4.71492388741967
-0.26472740837768954
5.079451056759464
4.178873978984209
-1.6258782542686945
-4.607963136425975
-1.0979497147534028
4.026407209826145
3.7266943090922147
-1.8558505378068617
-5.0161850457606265
-0.8483648388857442
5.125017586938637
3.973666332617325
-3.745775581010988
-7.974337039254567
-2.7664497590727994
5.578683527590898
7.2311416023674395
1.8101426086554624
-2.694873102322934
-2.184645202732707
-0.6661863533488335
-1.6899535058990593
-2.6569974450989555
-0.21001921196701756
3.6819416381325505
4.197834681355886
0.3278219398808501
-3.5381018874593706
-3.1875802406836162
0.25744244748871586
2.529582819523442
1.71177993016682
-0.6412804667784796
-2.0771724946542003
-1.073818098889461
1.7574466154198378
3.1364626012119916
0.39800936480605376
-3.9506176094280603
-4.365895702740808
0.3054010313126511
5.052471890036228
4.914723978017273
0.21124943780706198
-4.471002931402809
-4.958072346027707
-1.3653623278967622
2.6401005213462545
4.2101834500662845
3.1666456122810427
0.14751228000900632
-3.6810039691119627
-5.322663628673034
-2.282537863875015
3.181620777952215
5.490682199415152
2.5854242754229486
-1.4929415837322049
-2.3920612041685145
-0.9679911582914427
-0.5320446198989073
-1.2359582244107992
-1.0526327516974012
-0.3080502355724997
-0.11821829485174185
1.684346648072182
6.103955242736762
6.8403527714122285
-1.7151347331945759
-12.033151576136529
-10.756903540444144
1.5438987314886188
10.107883756014168
6.902360124494185
-0.18009658895090147
-1.863647821094944
0.09277660062403531
-0.44404230436960934
-3.624705086905177
-4.855455729364055
-1.7040499178007642
3.4111037231061396
5.807662432273802
3.405507336935262
-0.8264883351917407
-2.6186042623013046
-1.9172582704447894
-1.6800055231665034
-2.0100569398221015
-0.37478337377399856
2.439842105650461
2.734834937757725
0.7050702833819273
0.14996397915059032
1.1226398495714847
-0.005656788303186415
-3.0745422148678307
-3.818634512454993
-1.1337562503779748
1.6076049871146652
2.4687703916009784
2.703156596324294
2.525609794549881
0.2619795859621866
-3.2069017010467493
-3.890714174312444
-0.8331594880895423
1.620663377315477
0.6233874958258682
-0.7134810785618615
0.9153031372243527
3.1979197148288128
1.950401323154142
-2.20336686285932
-4.211122188187717
-1.218365976389244
3.101672368314662
2.8375765918186286
-1.6842792276362262
-3.837018247686745
-0.7265802198465484
2.6747126437240385
2.4063044713325747
1.0435122125444225
0.8005870475068816
-0.45204508600539095
-3.006525641865331
-3.3909806014441455
-0.8179419501543869
1.4334503468116255
1.833601211267701
2.0691589473242327
2.6035079496584728
1.5489245809050063
-1.443224829594089
-3.7975868979170113
-3.5644399558301227
-1.6930161417900051
0.3305170015412057
2.6718991718717793
5.062610736972666
4.619897440613568
-0.5663470433437208
-6.456095781151444
-6.5105666267009505
-0.5040749042932444
4.942320497829497
5.002020964731439
1.269018933951327
-2.22049461521985
-3.3356315429160475
-2.0350937322160427
0.5033184885128135
2.3546404831595744
2.1639372003343906
0.3686098455132072
-1.4027255942042294
-1.9187861351242577
-0.9937938374000406
0.8175514584439559
2.133931324414316
1.212925622022713
-1.450531460689154
-2.4906244947953318
-0.49709281659292026
1.401314660206074
0.9823395663786848
0.43750962628371187
1.2522912406181876
1.0084019939839062
-1.485697897848211
-2.81220840754995
-0.37479870606023263
2.2473056954682273
0.28905675359065325
-3.559111577038519
-2.1933917902645557
4.001608135375546
6.226657639549791
0.6590353994864444
-4.9917930518222855
-3.1333423806011904
2.0103596013719685
1.6956122916391787
-3.078176465250939
-3.9231164071480045
1.0564030029837281
5.238869339905931
4.2336622714583605
0.655046906712012
-1.7962046539863228
-2.796251683201266
-3.035184602708928
-2.1626580679011767
-0.39566149881924895
1.3102672027898343
2.6744879666746977
3.045884006002821
1.3890716109870453
-0.8345176799562515
-1.0770427189646936
-0.41776810275410986
-1.667914099045154
-3.549476400256174
-2.0572416408374283
2.6872780925888105
5.311300974702905
2.3070873420101567
-2.569347442514075
-3.0350306694860136
0.8869443073172985
2.80593751401468
-0.6074199207686466
-4.36851644701127
-2.589334383193234
2.420801284403278
3.866724461182602
0.8051981455542792
-1.4869024194171585
-0.31274299697398344
1.1618276453659275
0.09777343460853724
-1.4326918495476848
-0.9165544080667445
-0.31434335215924225
-1.6253131289380052
-1.5604538766849108
2.792033586046191
6.577652953999918
3.014560287370123
-5.303607601771107
-8.214449613218562
-1.6690042888770975
6.129858107810165
5.2967624120372285
-2.418401575028247
-5.922236993214304
-0.12394414498817513
6.859951564782895
4.961530488458794
-3.8168319788413556
-8.000117048339797
-2.352259551645226
4.90268275561335
4.172967299325066
-1.6226197725000113
-3.0243563171384613
0.7585783740987102
2.747321630974514
0.7726501982398785
-0.832447179842624
-0.1600132010171061
-0.23583765706089618
-2.327797110534113
-2.7515516612072473
0.7269051340652296
3.8510775834257194
2.2399403235579487
-1.214521330493059
-1.4158036383613597
0.5083749785593429
0.4335136339045684
-1.102355591365715
-1.176237926001579
-0.509060939166705
-0.7238978940210761
0.18037373528842165
3.3064919978297764
4.325768064582083
-0.33573314795524156
-6.348130626535851
-5.94509991516633
1.7203377637706243
8.261099378410698
5.577895205553407
-3.518559012352645
-8.143525495825005
-3.5823808595576967
3.242746672429879
4.67469440238023
1.6346962822847626
-0.7726662495295572
-0.5917368958568041
0.5475832725247944
0.3758069700256947
-1.7393309824206955
-3.906558619258607
-3.196864373114501
1.2646147263275984
6.322945852070257
6.776669271971507
1.048910943260792
-6.003113334038778
-7.810289846124142
-2.822790115809836
4.074102041186233
6.212721510650441
1.9381410439798625
-3.359219697404381
-3.5684607115930627
0.8811266413196661
4.107628910904372
2.1060870932362183
-2.7245134094955685
-4.688473278004269
-1.884931488627686
1.8454258606447596
2.873891387303462
2.0757202207558936
1.2955738998516553
-0.04115053537128335
-2.293270842538451
-3.334555664897208
-1.239012709241505
2.4014139011141604
3.356235041809145
-0.12922649221447166
-3.9471247696673983
-2.7644812936497725
2.5988331436393852
6.01198776364091
3.58817632833992
-2.4404100836489455
-6.664391004231998
-5.5676994972209854
-0.18874794444677498
5.01843384469213
5.869609679352509
2.104667024343363
-2.313483726215663
-3.494937767966153
-1.6060947425095056
0.58499195368118
1.2336316461056134
0.02456156849735476
-1.9447047740604617
-1.6986237042542425
2.253223737796627
5.39378199172074
1.9737112945670914
-4.718774761598157
-5.047198211746063
1.70982951906906
4.618364528136316
-1.7190075567848784
-7.284600295020193
-1.7894913365512735
8.478982104748853
9.521128401321477
0.29565546607538445
-7.349084921831041
-6.890508881653408
-2.9284701380960034
0.2901430972867059
3.6786457068664378
5.993849933994763
3.153406302431321
-3.040736225980615
-4.786556516145835
0.2665179859021868
4.576178704980576
1.2946979550288942
-5.608386851421798
-6.49514977974154
0.5124551704184055
6.7592900545922205
5.345029329760524
0.18455343829846005
-1.842737210965752
-1.2286243113347934
-1.6455542667514411
-2.237074267828706
-1.1517379037097955
-0.13566131598136727
0.00992426519664473
1.5798231265190987
3.731612861823518
2.1359111401670345
-2.141123630489077
-2.6571174576094245
0.8929353838161255
1.6420507557093387
-1.8221628380534276
-3.0855622025850113
-0.06415643361439666
1.5444756888196316
-0.4150301510367639
0.2517491843576492
6.068840808205154
7.187235402256241
-4.48823390174595
-17.177368702141234
-11.211304770692715
10.488391788316404
21.892098959036527
9.358335516542562
-9.592544978190778
-13.19520675191422
-4.931504568963499
-0.7180919022416103
-1.3035248918833149
2.6420594479962767
9.069841662157938
8.025984508083464
-0.5336759197222268
-7.1425953570471075
-6.499954794366716
-1.9132445187538958
1.3795171873149332
2.1286281421327202
1.9294348624050144
1.4135004503351076
0.5122640038613586
0.1698245762708123
0.35148823732614665
-0.802836629433554
-2.977724335444472
-2.683339984416979
1.0585376838965053
3.871293514850148
1.9906789939941498
-1.725122124237376
-1.764869926860943
1.471264017004805
2.120163481460357
-1.9438211177635978
-5.3791100059421435
-2.5350514155573554
4.685898082415226
8.313663887920239
3.5482239793257424
-5.129064950647023
-8.919254349696397
-4.636791093015494
2.7915639329886073
6.696534927347803
4.9545105843719135
0.35285218878183333
-3.1674715109915814
-3.6988630855800357
-1.6561734511192048
1.1087016042693438
1.949374665400269
-0.27193502426126315
-2.396796519363858
-0.09700577969820076
4.564186646344446
4.074652505037594
-2.828701397606887
-7.033237874735408
-2.1546914622499234
4.926213650158984
4.459282440433413
-1.2347360586059946
-2.9177715199717076
0.2977549676891128
1.5571580930688267
-1.0262381292160485
-2.476283450400624
-0.3205548307148332
2.342926467734331
2.629037118187151
0.8841182125724152
-1.3894369842238825
-2.5541481793178025
-1.4303137267356472
0.45300628521137903
0.34169444717780906
-0.8140950032702909
0.2864959459133081
3.080939473742341
3.7758789483080917
1.20289644649459
-2.5452366314513513
-5.283853457194188
-5.292023895453606
-1.5490152127786756
4.034943425625656
7.092853842790429
5.166983518767648
-0.0769340657327283
-5.01644829666818
-6.433194248104066
-2.8815508656987103
3.1445280285231325
5.641870206644725
1.5692700471457481
-4.140153398532239
-4.149582822549713
1.739024392578093
6.4565418852640315
4.106908355979893
-3.5955778708218595
-8.37221124237524
-4.113164477599055
4.423488017328437
6.898056422899204
1.9380669481221764
-2.4280260706907235
-2.534328337127173
-2.004114474281418
-1.7531312107554395
1.015511979647841
4.4309128994366205
3.3575485083666767
-1.3146431508149434
-3.7868082275907575
-2.5652029837543244
-0.7627078276904101
0.5376341046687019
2.0734720157816593
2.5212164406202233
0.9062302042751482
-0.5320447013586069
-0.40051529368916067
-0.8564124686873641
-2.646147216938963
-2.370027375796088
1.44593560923
4.2680577468332475
1.846040250515602
-2.9660560744542654
-3.6693088391175435
1.2854747979383585
5.937773756477553
3.512649099279568
-4.488743851461413
-8.741282955914329
-3.9881943469516052
3.940110385208092
6.96985370994713
4.94611800412683
1.8519417674441658
-1.779421202970642
-6.209558909008802
-7.445899945393047
-1.9967477781849308
5.874693294781026
7.880362976359849
2.3839812143521746
-3.530854761834899
-3.767080024548816
-0.5595290824575169
0.6403902602668484
-0.6143215885615303
-1.0902890449746303
0.1236912673938691
1.6329275807029953
2.5911225168186647
1.985508155646017
-1.100429295655859
-4.118821394352082
-2.7878789881201147
1.8957965130949659
3.6590449826679476
-0.10295472027017538
-4.2173042087471515
-2.619136650114644
3.8513025827168423
7.989969198304871
3.8875164721886084
-5.531183729729421
-10.24413518265952
-5.056307108499379
3.603093602115071
6.8221300068513155
3.967315299043728
-0.1450060350674772
-2.253693498529706
-1.1393589948876632
1.8816865492996835
1.8362027997795956
-3.2825539760601634
-6.8940976805753325
-2.683204970156307
4.825236711133471
6.631630953194171
2.3454443880319853
-1.0689497300133022
-0.943267217927255
-1.1271004048117237
-3.193021529828787
-3.414116649091514
0.05145214128938296
3.387529944798181
2.6986147692565696
-0.6108901884129957
-1.8171746550732848
1.095261120143586
4.302893424121443
2.217955710576745
-4.598483433716218
-8.263732663381207
-3.2978534092023346
5.03758787685235
7.119123257024599
2.1285890972447796
-1.747450820274215
-0.3865879991275105
0.8100030414126386
-2.611850855598637
-5.839119267434357
-2.633991812180631
4.069569819606778
6.148657721372043
1.984937233551274
-1.984941723082681
-1.3098809744002256
0.2424154580431434
-1.9984716629154449
-4.4307548544363025
-0.7498404739419495
5.887822248272006
6.036967515006043
-1.1067233711321458
-5.99571808411583
-3.3736150396484605
1.1320064082682455
2.0661774541855826
1.7318430956304538
2.2269691089275603
0.4236505692048158
-3.7298440115474536
-4.071413696634222
1.3409518348258078
5.3374371740049105
2.048651560557253
-4.003563480331832
-4.282042461981165
1.4690944485743571
5.0586247083261915
1.8092098574647868
-3.3969368421316974
-4.0301383912754565
-0.4424614504763606
2.414513268396006
1.9206274889290613
-0.21119724890794797
-0.978695089605492
0.4130891880893478
1.937535184750857
1.4389120630919696
-0.7860222877773614
-2.811975513561459
-3.4742650027055557
-2.5321749382964334
0.5236360802179812
5.013514124682315
6.835189836337584
2.413457803195583
-4.5359807110964
-6.3168310421396034
-2.146193609169386
1.3163730919069303
0.8075455988340273
0.03453297509711868
1.491025742525419
2.3978052492260926
1.0024997017457853
0.08474201307098946
0.8310043361242861
-0.3989841701749496
-4.630383000654009
-5.831811428362074
0.02856581361970771
6.767103793854828
5.908707352027479
-0.8093353328553041
-4.298866137694287
-1.559349049607717
1.4622135344292508
0.4707226403328117
-1.4565714624965915
-0.8530383850791086
0.4715658884693173
0.21245438016202292
0.024496577249266228
1.4065054902356358
2.1479350498480803
0.3561496201885058
-1.942711193916804
-2.101320232363759
-0.830131653819608
-0.3168708645044115
-0.2687428539861836
1.2113621267519508
3.352075313834385
2.734588097129122
-1.394818176461546
-4.927480532718091
-3.935674455609957
0.49466244860798514
4.245126744765689
4.651455950771654
1.7566309674203602
-2.337346872367075
-4.497077266523975
-3.0772822666573463
0.30093299958238673
2.5383677453815507
2.1740066904966517
0.40785559481200107
-0.5783693334033748
-0.18437035844780694
0.3603888919233253
0.3262157770171292
0.22553811069418644
-0.16343555119548742
-1.7593524474724502
-3.1533911578464755
-1.2925439351082835
2.9932105727692497
4.715318950546073
2.108700829868344
-1.0688606664034759
-2.1754584573468634
-2.6155401722169596
-3.0590430061745533
-1.4980573471421734
2.421773078887982
5.147222183494039
3.4510639381904142
-0.9382853372535024
-3.4620089720284795
-2.704416835686929
-1.044267522641196
0.1179111662736009
1.417988946146208
2.03529343596276
0.4056589624730634
-1.5374902100398555
-0.5010244653128756
1.925959179573102
1.2263616239874373
-1.974842406141476
-2.3760875793229856
0.771077100373084
2.026515378915965
-0.6195179913123364
-2.2355789887838045
0.004296370246226727
2.5249315874934033
2.6070281095367047
1.474277231626125
-0.6897806024119242
-4.44837848218357
-6.462013592035273
-2.7612377667018024
4.125909730058365
7.4867920395544365
5.413792415972855
2.068606235642243
-0.2692389065446116
-4.146701527097443
-9.379542936623725
-9.198121185003048
0.06369831860700068
10.217866768047088
10.298823775633684
1.8389913971281076
-3.9139721795632654
-2.5596773046725327
-0.36822041217768176
-1.8537972970125856
-3.679617080471883
-2.276505029122356
0.9064902996471423
3.309089863378674
4.032026714575463
2.468453275427794
-0.7488930492793872
-2.8231245215046843
-2.3786420405890496
-0.8665858018286955
0.775343923454928
1.961657248191073
0.5329463921020912
-2.8955892254488482
-2.8965473138710336
2.0146615210590184
5.166297064548541
2.379864815912558
-1.5162084139725216
-2.095001518476061
-1.7985315086021731
-2.707522145380806
-2.2106400841059455
0.9441936186318542
3.9074914844622883
4.25763670274834
1.9514515271471258
-1.9818329209099073
-4.802820043188016
-3.1839364469640863
1.6007743179869856
3.450898669190148
-0.02850814135845582
-3.0182767104507584
-0.18385211359827774
4.341264728006863
3.2559629622980397
-2.16455781196188
-4.661438734147541
-2.3031574071863288
0.9649739662176294
2.59969243322016
2.24308364516257
-0.2809992506202969
-2.7058140935731574
-1.2510262367162528
3.12095013575272
4.424261156380634
-0.17348845005640853
-5.871048672274812
-6.367709046755245
-1.4162543346272212
4.804927368008919
8.939038148281645
7.731638773297799
-1.7053976333772414
-13.943465792098179
-14.859114477626674
0.9006428631100418
17.836000313388176
16.391407455205837
-1.3480869012829886
-14.521280626284213
-10.888494577221417
0.6929446869277357
6.099612738288398
2.9770056256323523
-1.2669006981972672
-0.8257497569970212
2.9509647643440626
4.611637776510676
1.1521453326950168
-4.721730772881513
-7.4363436886314185
-3.897033264988213
3.242786521316816
7.21138915614434
4.115790424983763
-1.8162183196456938
-3.5261407694825238
-0.7452850927731074
0.9298093903194986
-0.4692448556121872
-1.487360788735966
-0.47146895268708877
0.6100256811793374
1.1102690846737726
1.7426780601693537
1.1803407434520883
-1.4614607885999642
-3.2237494597494494
-1.1468207007097229
2.761464300010912
3.660292489930402
0.15252548332980048
-3.60405160815248
-3.2351674908002583
0.0683635477330901
2.124473903828149
2.0768822072304802
1.673597218852439
0.6208104464927622
-1.8212054825816761
-2.9198520825531564
-0.35166981051354124
2.23955640348116
0.37453322866877237
-2.885305149703992
-1.286906289236924
3.685512457678035
4.383265534614918
-0.7861278410480427
-4.718847970072047
-2.604226154338316
1.8338927365810775
3.2139235049538932
0.9945352284756659
-2.2353448831938136
-3.3353416988036195
-0.30727946743827467
4.048136349619961
3.6995948243533943
-1.5401765577961626
-4.3680018598508745
-1.1879405329440895
2.5196746718076253
1.9044171369123801
-0.6681864693830178
-2.0100119044834885
-2.039055872563039
0.04575537740369184
4.117984316165524
4.804611408570272
-1.4323197404852759
-7.535431418717911
-4.255718016392353
4.926800012865451
7.628136044031318
0.6802598023764362
-6.1456815699217975
-5.3732417895129085
-0.09435029624405072
4.21571187797556
5.669294040330376
3.1471427274639283
-2.7697985413289232
-6.636888253679501
-4.166421667585533
0.9625925700019337
3.058486930343014
2.7465495527889416
3.112430980691136
2.6824895535119464
-1.336703212728471
-6.2549035541527855
-6.1256388769295365
-0.059761589350958655
5.896938956990151
6.030837468206852
1.2477715749352074
-2.93267197351512
-2.9622019082980673
-0.8671262924795948
-0.6140885117015253
-1.6810932752315604
-0.329983592882872
2.9436016575058273
3.596282036023791
0.6990668013858099
-1.911778936081449
-1.7475304701377745
-0.17967325543813256
0.45551969736851844
-0.39344490389688985
-1.3308702350105397
-1.0434973740110849
-0.10103942214867599
0.4897213199313576
1.5402315458611333
3.6809121544653887
4.188683502093137
0.03069978086159737
-6.163759369304491
-7.778465668734565
-2.7487405546413046
3.5577176347622936
5.614824773424855
4.129438039814709
2.332819767494774
-0.003819135582413466
-3.759041426714581
-5.43625929320683
-1.871885954531629
2.785813618651156
2.193028059905219
-2.0013181060812144
-2.415204319472059
2.500062583748316
6.2176005718141605
3.876438311272317
-1.9693738921536863
-6.2371062466237595
-6.428635569498259
-2.4304831921688574
3.478911323187142
6.5388407076028665
4.145428038222184
-0.3205369581936401
-2.1178768375025694
-1.5862295577446952
-2.014048737348437
-3.1045778296377224
-1.622124923119378
1.971278620787245
3.442081113847006
2.020675377290558
1.0542082124381402
0.921416973441601
-1.0238198309347724
-3.6315147423001894
-3.071163703727247
0.12941551270526008
2.0875673154834096
1.8393947526604235
1.1218019365080154
0.27582286935160916
-1.1045805299210962
-1.6967218900096845
-0.3465582672377133
1.4030376562852749
1.4468636800109003
0.03693753207052469
-1.318770246149993
-1.88667554165939
-1.2332565104314506
0.9524355076022257
3.135827740264526
2.528750557125538
-0.8903023694903148
-3.3156013249600362
-1.9846588830997782
0.9056211533650558
1.428022245900472
-0.173171435567563
-0.10390369429764967
2.0383747139121424
1.6630935935830642
-2.5856645576115516
-4.623466517898409
-0.2610607042200633
4.767512204820411
3.183465201605969
-2.0867688107179645
-2.895019524279676
0.8147116854402687
2.0145218258590862
-1.023628236117211
-2.8094775598223745
-0.6022534836405292
1.9849179010455746
1.9675650963801203
1.0459394303776732
0.8796667768789462
-0.46045401381852336
-3.6981046638236865
-4.464011865364222
0.1890285687044745
5.2025243465892155
4.272734449367623
-0.17626978828165737
-1.3767759776684687
0.1914502264976643
-1.5725314528830867
-6.068834126751643
-5.074633872924338
3.6743422526491907
10.710761146291054
7.208613285062831
-2.996657084184277
-9.097087106143167
-6.937238952074303
-0.9990329516748084
4.025772154664925
6.378416630480278
4.500186386325174
-0.9946558475875323
-4.7109806175230675
-2.714593395172696
1.0249846190201364
0.44511986256561464
-2.8044231007246827
-1.9089847272280525
3.598890785824543
6.204518073280487
1.8759108426368167
-3.8523270952188127
-4.399343552767065
-0.9861552646565792
0.9466914662365865
0.29201465486330735
0.4409490330086457
2.2067327651658015
2.0136613860107357
-1.530033757127358
-4.027196650465802
-1.2929822973347835
3.6778323958252783
3.6820452523503957
-2.0581605493537594
-4.941963046188498
0.4344418441434161
6.148731950919827
2.594213866526281
-5.251612765201683
-5.549843514861031
1.231635415237295
4.342696071182972
0.5210991994889179
-2.6644376730692314
-0.014719993033651856
4.063062477731353
2.856267624615569
-2.984213129627653
-6.105249777996059
-2.1181896166092695
4.403091404430929
5.594252911605677
0.3276521189646013
-4.726624609917384
-4.160763365296359
0.14039506191805065
3.4036978475412565
3.8016654846225126
2.0116832781463727
-0.9516438979712053
-3.7170875728894113
-4.4276594248102406
-1.9159411256167445
2.4145212356147665
4.834900938302667
3.317130764730338
-0.12577436383437907
-2.5626347128829687
-3.0139200398105044
-1.680912578108309
0.5541821955766405
1.7447521540565338
0.6854550111031156
-0.7471651673251447
0.3565612884631517
2.7718402600159773
1.7530124334892
-2.9287162187547766
-4.856933674878348
-0.8512479312888561
3.3174569758915746
2.2774292007124157
-0.5340276900807419
0.10392682977719267
1.9847223650439771
0.17700182200025333
-3.6831746604716855
-3.831553439649651
0.29969337067411855
3.524676884366178
2.9083870549922493
0.7237843980862807
-0.6344879009937625
-1.4477614577261577
-1.7766900720754786
-0.40475119684508104
1.8570479851796784
1.3577874917420925
-2.752377845046661
-4.5763205284503226
0.7555817458197295
7.168411915302426
4.981880257972935
-3.240690532846271
-6.018647806687381
-0.9507534077889663
3.003171953821802
0.6452169861331365
-3.1406681534699064
-2.572019625026474
1.7616793345425852
5.379212938387964
4.588564099423853
-0.6568092998354486
-5.712368926662345
-5.360302439537161
-0.5012506427137527
2.8837862749122953
2.1848157470070824
0.8470137065669266
1.5206878426577335
1.8247544521328962
-0.5456667414530937
-3.1830614700025026
-2.7769231439869495
-0.11282850064218697
1.470691736364102
0.5088028547028296
-1.0306525507605713
-0.16024822411236914
2.9025061085604715
4.183780177415961
1.0718151387528314
-3.996421993188304
-6.259225496681916
-3.348432146001532
2.548504546710925
6.079631955418043
3.84124035164788
-1.4305514852978256
-3.9513853183368655
-1.847571145120573
1.2936409603558232
1.5346113060805644
-0.6017596337932231
-1.3787181161715372
0.462157671757107
1.7550417338726265
0.24218915237012117
-1.5326615873147809
-0.6186092056070297
1.454961207463527
1.4553450789111126
-0.643390836572151
-2.2200738571408567
-1.682262137800951
0.14442745784970556
1.495852776850776
1.669563288928888
1.379119556859141
1.1383153411554618
0.07946829881938801
-2.471869274730049
-4.48087236203999
-2.543058450327696
2.7491254215224843
5.614627880441921
2.5866467774924313
-1.9833333061139808
-2.525951643117287
-0.566587466111291
-0.5872483522297292
-1.5568133699822706
0.23716811350165423
3.093788979535232
2.3267495185620732
-1.4721286687663546
-3.341135733534038
-0.9917691853038149
3.0753792244489446
3.668740981070114
-2.131362545701536
-8.052877410503795
-3.6097586449189025
8.297389489872732
11.279429845488153
0.2901627484125973
-9.213790661005602
-5.506294459676868
2.44474261802271
2.031578298486765
-3.476058949529751
-3.2338895854185696
3.5138168754149506
7.9706296274671455
4.730933261651962
-2.7049685204750658
-7.367917342253379
-5.914345599214997
-0.554697322203172
4.026747328455376
4.793158922169077
2.2000955719542454
-0.958395563135002
-2.242307891889869
-1.3837799227626197
-0.009610372783271273
0.25700676433699515
-0.24887087839264335
0.08869949711723185
1.0452510347291148
0.47342497338946987
-1.467634673503711
-1.6545537813449682
0.604358268550341
2.055406477072985
1.3346859804346674
0.6985050358065549
0.28023316067356757
-2.1497134748403606
-4.395512549334862
-1.630222231533038
3.9354853059689994
4.69733636287045
-0.11018567340626206
-3.0944567174928066
-0.7449865202050555
1.6745188834312599
-0.3073486649222704
-2.8806692377499696
-0.6842259037217122
3.5173551490266592
2.7048831966393645
-2.458411837915807
-3.770597066774296
1.2080535902575231
4.601786199388205
0.6319414648741154
-5.07366488876894
-3.981669775392279
2.6969609670130956
5.910338121235541
1.6642107254005116
-3.730882414571869
-3.2195506080410405
1.0670164520774803
2.1939862489903033
-0.7227174993587443
-2.329652745543522
-0.17206393761840982
2.2783293978621995
1.935204551532911
-0.012063352661859776
-1.4186073008379996
-1.73307604841136
-0.8385305722311804
0.6957554019736858
1.2238427143314652
0.6931447844245634
0.7911351601624378
1.0086058810104008
-0.9225647747856512
-3.849786173768095
-3.2423049468783804
2.045958256431612
6.3644718615629765
3.6717855355448017
-3.4897213044932327
-5.953531139641416
-0.6957687622340024
4.00222656673921
1.2049235634539894
-3.0376061599712765
-0.11673141069163882
4.724994814574351
0.6756937552197421
-7.8596606048480275
-6.388355695839225
5.290734920976437
11.857835215967798
5.856032779139833
-3.8487227010564506
-8.003280574920465
-7.275742711316348
-4.579627732728024
0.8248906863964749
7.616279009553695
9.626271228169617
3.8503963378125348
-3.8349824400805783
-5.940876890326451
-3.284315758966864
-1.824809348197749
-2.077437320721661
0.11222235116184673
3.9463712874358885
4.540740813456824
2.185349069923059
1.2096469445508768
0.870101083583256
-3.3185183918371517
-9.070605859771176
-7.318591534166229
3.763429037621606
12.563227213544245
8.467959845253404
-3.331054364064696
-9.136647188135964
-4.654468217531399
1.922618335017162
2.66255006441975
-0.7382209313247241
-1.449246419377394
2.252686790354486
4.813193310751716
1.7214979169748827
-3.6942197583181624
-4.828065694879742
-0.9274039044012781
2.3897248560582955
1.4056726033675306
-0.9030056170788316
-0.2133922347972846
2.100432390584746
1.3972729720476806
-2.137940569267371
-3.1929613385300617
0.414718915206729
4.134328468326948
2.9377759147035882
-2.1674267946442702
-5.603155983215653
-3.53678823532495
2.2901416032238835
6.174565373163429
3.9915547158036793
-1.8693384742469077
-4.679019502961048
-1.9872716104744992
1.406889652919034
1.2891013924270105
-0.28404772086526303
-0.14328575143110192
0.5849324126529883
-0.1959559545389155
-1.1609358702457337
-0.07012991939064349
2.041402156256392
2.2013538147212155
-0.29997496467534607
-2.964778779597396
-2.8286246324431263
0.23752382448434836
2.7972605225855585
1.6113363625550285
-1.7144508094962516
-2.26657607550737
1.2244749659160186
3.9365546523314814
1.6755383563755792
-2.696768396693113
-3.53245712132733
-0.8706068377522941
0.7257382511086004
0.07693671854242676
0.15864379018006375
1.938829934833624
2.9087230055259767
1.5223318520506381
-1.1602714099467206
-3.7409248607983647
-4.68936827317907
-2.0061401024100953
3.263824531730046
6.050098233862444
3.5866846893480164
-1.0791290829583775
-3.9616623777174103
-3.7427816665845053
-0.7224930936288355
2.6542969507359135
2.423042313720194
-1.1943459969111865
-2.7861394422697296
-0.05278517087309495
2.7034670248642594
2.3160272507810498
0.9212971586968653
-0.0007581105691929109
-2.0154081391586516
-4.170848278435039
-2.752472503823983
1.6081873612661732
3.602992013621807
1.6658502388739744
0.16944570608800116
1.2196082659923806
0.9497864905144173
-2.540683057260454
-4.194462672414209
-0.43166025074947145
3.4063709249345235
1.3128840324584037
-2.8756658334684104
-1.8247902425066196
2.9021039768534695
4.056770994653028
0.667051576642729
-2.101787452350088
-2.1850573323721387
-1.8486154755471929
-1.6415069479725004
0.10651192360206374
2.618395387332486
3.029386932113561
1.0724364290027086
-0.8499008304948414
-1.585603769263537
-1.8391767624454156
-1.8250429700740194
-0.9130510260275144
0.9852306170839923
3.0786569361052525
4.131441595560651
2.614035606426055
-1.969747484380189
-6.64521377357365
-6.390447506534506
-0.46717454931374297
5.315934223376999
5.606983790470452
2.1098374417160115
-0.1523869712291916
-0.4728132676474281
-1.7370101200780892
-3.7863801394603627
-3.1349930289264107
0.6103609981859529
3.108575476594621
1.5739614962653854
-1.0153357581165205
-0.6450390248113401
1.6364728229953793
2.243857558774731
1.0111599653508367
-0.1762082918815597
-1.7513675450587738
-4.418431776216726
-5.441236342843426
-1.5528033790572329
5.58410220799869
9.757089426447374
6.39205896050672
-2.4103585321018337
-9.307229519437902
-8.552541033114418
-1.7027050010807283
4.422102869038633
5.530708717781349
3.294459864648377
1.0092514628963243
-0.5631853824847749
-2.0796787415774056
-3.017113432861987
-1.9113238973318858
0.9615405290217243
2.7184521350576496
1.3581497457065217
